92673016
144378950
171408310
185755826
192868124
195936372
197164436
197533988
197626708
197668198
197668198
197668198
197668198
197668198
197668198
197668198
197668198
197668198
197668198
197668198
94710380
145695316
170794286
183646394
189899544
192561742
193620484
193989000
194023452
194035112
194035112
194035112
194035112
194035112
194035112
194035112
194035112
194035112
194035112
194035112
93140410
144241084
169839812
183391434
190036560
193272976
194469196
194771392
194849636
194864854
194869608
194869608
194869608
194869608
194869608
194869608
194869608
194869608
194869608
194869608
93776238
144975764
171343618
185879012
193239316
196323368
197307140
197562430
197630336
197630336
197630336
197630336
197630336
197630336
197630336
197630336
197630336
197630336
197630336
197630336
94320086
145863664
171568396
184961272
191578950
194636742
195848356
196137964
196229898
196260854
196260854
196260854
196260854
196260854
196260854
196260854
196260854
196260854
196260854
196260854
93260850
146278750
173560276
188083320
195192334
198514506
199999958
200563608
200769056
200856734
200856734
200856734
200856734
200856734
200856734
200856734
200856734
200856734
200856734
200856734
93054470
144122318
170648608
184955668
192153076
195607478
197063152
197490938
197704646
197771118
197794164
197794164
197794164
197794164
197794164
197794164
197794164
197794164
197794164
197794164
95411466
147521848
173240846
187217132
194412678
197586580
198888540
199242518
199297052
199297052
199297052
199297052
199297052
199297052
199297052
199297052
199297052
199297052
199297052
199297052
94721376
147668086
175168980
190251696
197863832
200942660
201976332
202376104
202470656
202483802
202483802
202483802
202483802
202483802
202483802
202483802
202483802
202483802
202483802
202483802
94311624
147783156
175286010
189493732
196575756
199256932
200413320
200835752
200984584
201004572
201004572
201004572
201004572
201004572
201004572
201004572
201004572
201004572
201004572
201004572
94854462
148771882
176961412
192219454
199530128
202671330
203766182
204094080
204255446
204324438
204324438
204324438
204324438
204324438
204324438
204324438
204324438
204324438
204324438
204324438
93073368
144285692
170054476
183324842
189422596
191697494
192587586
192917176
193000264
193063926
193063926
193063926
193063926
193063926
193063926
193063926
193063926
193063926
193063926
193063926
95681516
146895450
172560636
186075426
192840224
196031946
197197554
197636316
197884228
197914674
197914674
197914674
197914674
197914674
197914674
197914674
197914674
197914674
197914674
197914674
95782472
146452162
171277678
183678466
189708244
192476558
193387714
193754756
193811204
193811204
193811204
193811204
193811204
193811204
193811204
193811204
193811204
193811204
193811204
193811204
93285514
145497458
172050720
186049974
192449430
195143952
196224404
196587222
196687148
196687148
196687148
196687148
196687148
196687148
196687148
196687148
196687148
196687148
196687148
196687148
93241142
144969404
171922350
186471302
193611584
197019090
198441858
198987882
199114216
199145274
199145274
199145274
199145274
199145274
199145274
199145274
199145274
199145274
199145274
199145274
92326844
145390238
173223992
187903192
195010194
198329706
199658004
200062152
200251002
200251002
200251002
200251002
200251002
200251002
200251002
200251002
200251002
200251002
200251002
200251002
90449394
141884342
169849492
185391690
193442786
197206790
198853716
199399678
199528936
199598646
199603860
199616302
199616302
199616302
199616302
199616302
199616302
199616302
199616302
199616302
94330520
145630238
172015144
186176204
193048694
196278868
197665514
198152090
198223292
198239082
198239082
198239082
198239082
198239082
198239082
198239082
198239082
198239082
198239082
198239082
95839966
147366944
173307102
187143410
193856758
196842460
198076546
198525084
198615734
198633810
198633810
198633810
198633810
198633810
198633810
198633810
198633810
198633810
198633810
198633810
93870840
145470136
171479276
185469216
192566208
195697534
197152602
197669774
197815396
197846700
197846700
197846700
197846700
197846700
197846700
197846700
197846700
197846700
197846700
197846700
93689894
145493140
172057524
185825660
192213306
194755414
195610038
195816036
195868456
195868456
195868456
195868456
195868456
195868456
195868456
195868456
195868456
195868456
195868456
195868456
95160364
147582106
174098466
187833664
194363442
197376640
198450772
198850210
198969060
199003280
199003280
199003280
199003280
199003280
199003280
199003280
199003280
199003280
199003280
199003280
94312716
145430364
170400374
183021062
188877026
191357034
192020400
192193918
192248258
192257730
192257730
192257730
192257730
192257730
192257730
192257730
192257730
192257730
192257730
192257730
93369340
143837604
168691152
181714264
187952768
190800320
191781018
192099956
192145854
192157964
192157964
192157964
192157964
192157964
192157964
192157964
192157964
192157964
192157964
192157964
95466904
148541934
175715324
189944554
197003318
200157984
201484512
202046732
202173656
202173656
202173656
202173656
202173656
202173656
202173656
202173656
202173656
202173656
202173656
202173656
95491976
148330420
174416324
187189950
193122006
195330030
196075198
196183028
196194134
196194134
196194134
196194134
196194134
196194134
196194134
196194134
196194134
196194134
196194134
196194134
94473500
144442786
169202276
181995544
188298652
191082582
192087180
192484298
192637562
192662546
192662546
192662546
192662546
192662546
192662546
192662546
192662546
192662546
192662546
192662546
90374224
139746124
165473414
179202974
185952230
189078456
190311868
190847236
191094302
191135396
191176116
191206068
191206068
191206068
191206068
191206068
191206068
191206068
191206068
191206068
93675778
144264350
170020180
184003014
191276982
194504826
195882274
196230912
196357706
196363800
196363800
196363800
196363800
196363800
196363800
196363800
196363800
196363800
196363800
196363800
92396206
143505540
170281704
184034244
190769228
193865270
195013254
195246322
195320896
195352630
195352630
195352630
195352630
195352630
195352630
195352630
195352630
195352630
195352630
195352630
94129394
147345982
175071840
189877302
197498874
201274682
202956710
203543802
203749648
203872152
203952456
203994422
203994422
203994422
203994422
203994422
203994422
203994422
203994422
203994422
93774324
144911016
170730848
183773176
190005340
192617304
193599420
194002836
194062610
194086844
194086844
194086844
194086844
194086844
194086844
194086844
194086844
194086844
194086844
194086844
92822356
143643020
169172722
182418104
188593146
191341414
192292702
192580330
192686192
192726130
192759792
192789348
192812308
192812308
192812308
192812308
192812308
192812308
192812308
192812308
97221710
146923334
169169730
180143554
185085332
187110714
187621524
187799838
187861776
187861776
187861776
187861776
187861776
187861776
187861776
187861776
187861776
187861776
187861776
187861776
91897906
143011350
168507608
181777102
188268588
191020232
192037512
192308946
192371126
192376176
192376176
192376176
192376176
192376176
192376176
192376176
192376176
192376176
192376176
192376176
93257474
144080226
169970774
183201962
189446102
192295912
193427040
193809878
193932388
193966074
193996432
193996432
193996432
193996432
193996432
193996432
193996432
193996432
193996432
193996432
93270686
145388360
173104000
187769534
194914562
198074542
199280914
199749834
199915156
199988144
199988144
199988144
199988144
199988144
199988144
199988144
199988144
199988144
199988144
199988144
94751196
146669382
172851658
186026150
192248340
194509138
195312640
195624030
195662186
195684924
195684924
195684924
195684924
195684924
195684924
195684924
195684924
195684924
195684924
195684924
93207610
145335678
172641902
187262300
194181994
197293636
198472882
198917040
199040022
199116780
199134544
199134544
199134544
199134544
199134544
199134544
199134544
199134544
199134544
199134544
93148472
143564046
169264956
183137734
189977952
193115538
194153756
194510808
194630376
194687374
194719518
194719518
194719518
194719518
194719518
194719518
194719518
194719518
194719518
194719518
93040954
146380502
174359952
189001186
196265554
199419444
200418294
200670726
200703862
200703862
200703862
200703862
200703862
200703862
200703862
200703862
200703862
200703862
200703862
200703862
93576130
144862006
170817784
184291522
190984212
193967146
195170132
195555466
195704768
195706248
195706248
195706248
195706248
195706248
195706248
195706248
195706248
195706248
195706248
195706248
91359872
143465082
170848084
185109706
192167448
195413572
196620200
196929424
196968286
196968286
196968286
196968286
196968286
196968286
196968286
196968286
196968286
196968286
196968286
196968286
92081844
142752384
168687392
182118270
188622206
191467846
192473250
192788956
192886948
192928860
192929244
192929244
192929244
192929244
192929244
192929244
192929244
192929244
192929244
192929244
94451862
146127994
172755860
186886414
193572406
196442664
197544152
198025924
198149052
198172126
198172126
198172126
198172126
198172126
198172126
198172126
198172126
198172126
198172126
198172126
94918168
148069008
174532656
188550170
195621630
198751066
199725488
200101624
200233112
200233112
200233112
200233112
200233112
200233112
200233112
200233112
200233112
200233112
200233112
200233112
93749168
143432368
168234862
181493994
188137548
191058132
192294688
192973760
193216256
193288572
193307116
193307116
193307116
193307116
193307116
193307116
193307116
193307116
193307116
193307116
93330328
144221164
171277158
186260252
193695712
197117674
198551622
199000120
199106494
199106494
199106494
199106494
199106494
199106494
199106494
199106494
199106494
199106494
199106494
199106494
93808540
144829558
170255490
183489872
189955654
192757534
193672400
194045394
194248750
194318678
194318678
194318678
194318678
194318678
194318678
194318678
194318678
194318678
194318678
194318678
93597078
144273682
169341218
182298420
188660812
191514402
192782134
193223092
193425210
193438604
193438604
193438604
193438604
193438604
193438604
193438604
193438604
193438604
193438604
193438604
92367594
145224728
172724982
187390064
194613296
197987090
199366056
199832226
199981842
200023610
200023610
200023610
200023610
200023610
200023610
200023610
200023610
200023610
200023610
200023610
94915396
145639864
170119716
183256894
189645960
192475770
193427262
193756322
193796586
193796586
193796586
193796586
193796586
193796586
193796586
193796586
193796586
193796586
193796586
193796586
95442078
145951488
170007502
182058196
187795282
190112374
191158248
191663676
191870352
191951600
191978270
192023578
192023578
192023578
192023578
192023578
192023578
192023578
192023578
192023578
94784712
145161964
170033828
182870526
189061854
191620632
192542420
192753250
192810872
192810872
192810872
192810872
192810872
192810872
192810872
192810872
192810872
192810872
192810872
192810872
94268726
145466520
171223776
185203582
191976332
195086198
196361974
196704382
196807286
196817396
196817396
196817396
196817396
196817396
196817396
196817396
196817396
196817396
196817396
196817396
94352828
145266966
170193268
182742816
188587346
190952060
191697454
191870626
191946002
191967512
191967512
191967512
191967512
191967512
191967512
191967512
191967512
191967512
191967512
191967512
94013104
146330880
173793554
188639518
196464166
200203088
201552504
201955886
202008826
202008826
202008826
202008826
202008826
202008826
202008826
202008826
202008826
202008826
202008826
202008826
95033342
145815152
170382704
182705026
188476426
190729956
191508288
191728508
191773948
191773948
191773948
191773948
191773948
191773948
191773948
191773948
191773948
191773948
191773948
191773948
95295306
149521360
176884156
190844738
197639170
200666316
201945172
202357122
202570242
202607566
202632746
202632746
202632746
202632746
202632746
202632746
202632746
202632746
202632746
202632746
93661388
148029634
176926010
192553398
200498744
203961158
205330552
205733018
205778610
205778610
205778610
205778610
205778610
205778610
205778610
205778610
205778610
205778610
205778610
205778610
92313434
144478172
173104572
188523086
196447438
200277048
201641608
202165902
202422576
202547816
202610570
202641348
202661848
202661848
202661848
202661848
202661848
202661848
202661848
202661848
94534036
146050488
171723924
185034804
191479184
194243968
195329154
195645698
195716858
195716858
195716858
195716858
195716858
195716858
195716858
195716858
195716858
195716858
195716858
195716858
94619586
146163496
172324324
186232884
192988652
196151004
197438706
197915950
198129104
198138424
198138424
198138424
198138424
198138424
198138424
198138424
198138424
198138424
198138424
198138424
93241692
143610862
169504420
183475570
190634834
193890372
195185772
195562202
195683256
195712540
195738442
195738442
195738442
195738442
195738442
195738442
195738442
195738442
195738442
195738442
95050626
146854712
172344054
185372964
191886664
194594930
195683162
196053670
196176302
196213302
196213302
196213302
196213302
196213302
196213302
196213302
196213302
196213302
196213302
196213302
95341038
148780294
176578192
191419088
198578668
201979396
203367978
203920962
204073336
204082606
204082606
204082606
204082606
204082606
204082606
204082606
204082606
204082606
204082606
204082606
93662992
144162612
169272116
182167762
188280902
190779122
191689788
191936938
192045948
192108638
192144282
192174098
192174098
192174098
192174098
192174098
192174098
192174098
192174098
192174098
92909858
143436702
168582052
181297940
187001116
189570418
190465492
190660410
190736970
190736970
190736970
190736970
190736970
190736970
190736970
190736970
190736970
190736970
190736970
190736970
94506294
147992834
174760128
189121998
196236260
199258322
200725004
201373474
201551526
201599822
201623464
201640412
201640412
201640412
201640412
201640412
201640412
201640412
201640412
201640412
92734058
143111164
168710798
182201042
188523650
191091034
192004942
192383152
192515096
192525194
192525194
192525194
192525194
192525194
192525194
192525194
192525194
192525194
192525194
192525194
91374794
142349060
169436198
183873080
191011174
194186750
195323882
195717472
195770716
195770716
195770716
195770716
195770716
195770716
195770716
195770716
195770716
195770716
195770716
195770716
95170784
146577180
172288992
185284078
191528744
194053522
194789350
195039658
195095434
195124846
195124846
195124846
195124846
195124846
195124846
195124846
195124846
195124846
195124846
195124846
92174476
142722996
168765848
181826416
187924782
190819644
191740290
192141568
192232814
192236836
192236836
192236836
192236836
192236836
192236836
192236836
192236836
192236836
192236836
192236836
94767026
146097910
171910406
185287756
191650098
194337392
195196492
195458080
195545960
195571182
195571182
195571182
195571182
195571182
195571182
195571182
195571182
195571182
195571182
195571182
95749080
148007470
174017218
187700514
194073482
196908700
197816306
198106484
198153564
198177858
198188672
198188672
198188672
198188672
198188672
198188672
198188672
198188672
198188672
198188672
93936074
146963874
174994066
190149486
197604684
201062672
202171242
202521574
202595042
202595042
202595042
202595042
202595042
202595042
202595042
202595042
202595042
202595042
202595042
202595042
92473682
144471274
170802506
184600506
191391858
194463964
195761718
196183668
196370766
196399538
196399538
196399538
196399538
196399538
196399538
196399538
196399538
196399538
196399538
196399538
93842234
144997792
171285980
184424454
190805948
193462728
194514854
194832848
194894558
194894558
194894558
194894558
194894558
194894558
194894558
194894558
194894558
194894558
194894558
194894558
92845228
145060064
172485568
187308812
194939246
198654376
200207574
200712954
200801332
200846604
200846604
200846604
200846604
200846604
200846604
200846604
200846604
200846604
200846604
200846604
93701158
146083376
172713124
187063794
194425238
197951290
199492786
200037768
200124914
200192356
200192356
200192356
200192356
200192356
200192356
200192356
200192356
200192356
200192356
200192356
94307046
146301714
173599170
188421272
196221942
199736754
201138808
201582908
201708312
201721572
201721572
201721572
201721572
201721572
201721572
201721572
201721572
201721572
201721572
201721572
95492440
148900206
175294442
189673540
197165242
200648518
202017486
202596330
202678458
202706516
202733436
202733436
202733436
202733436
202733436
202733436
202733436
202733436
202733436
202733436
92889458
144461588
171634312
186003586
192986186
195895298
197168262
197703584
197976246
198090720
198154742
198182106
198204008
198204008
198204008
198204008
198204008
198204008
198204008
198204008
95401488
148300878
175636578
191053284
199192178
203019216
204619328
205320252
205533308
205571488
205584556
205584556
205584556
205584556
205584556
205584556
205584556
205584556
205584556
205584556
94040862
145917590
172879548
187065044
193978332
197093416
198096398
198297618
198352832
198354006
198354006
198354006
198354006
198354006
198354006
198354006
198354006
198354006
198354006
198354006
93445340
145723484
173288352
188393894
195957882
199374048
200698632
201251184
201381410
201396714
201407728
201407728
201407728
201407728
201407728
201407728
201407728
201407728
201407728
201407728
92867410
145062088
172146700
186548110
193932746
197056020
198225268
198648790
198833994
198894964
198894964
198894964
198894964
198894964
198894964
198894964
198894964
198894964
198894964
198894964
93943968
145093160
170913476
184885168
191484848
194272394
195209158
195477676
195523334
195523334
195523334
195523334
195523334
195523334
195523334
195523334
195523334
195523334
195523334
195523334
92012588
142783118
169226090
183415718
190223334
193063594
193884494
194151720
194194156
194194156
194194156
194194156
194194156
194194156
194194156
194194156
194194156
194194156
194194156
194194156
94712492
147505214
174242810
187769224
194131270
196695062
197692500
198037518
198079458
198079458
198079458
198079458
198079458
198079458
198079458
198079458
198079458
198079458
198079458
198079458
93212602
143207440
168738890
182379198
188826306
191847852
192995402
193342400
193401558
193417572
193417572
193417572
193417572
193417572
193417572
193417572
193417572
193417572
193417572
193417572
92845014
145769390
172904654
186963304
193528148
196574402
197801880
198280504
198376066
198376066
198376066
198376066
198376066
198376066
198376066
198376066
198376066
198376066
198376066
198376066
94137396
145873020
171988616
185580188
191938020
194667400
195606686
195783718
195797494
195797494
195797494
195797494
195797494
195797494
195797494
195797494
195797494
195797494
195797494
195797494
92881442
144326336
171006564
185709606
193029920
196579132
197952324
198347022
198366116
198370570
198370570
198370570
198370570
198370570
198370570
198370570
198370570
198370570
198370570
198370570
94776852
146183216
171938256
185493602
191973486
194915040
196242044
196847516
197009234
197077328
197115666
197115666
197115666
197115666
197115666
197115666
197115666
197115666
197115666
197115666
93932016
146409922
173669252
188536586
195983180
199370390
200658024
201158978
201344232
201406202
201406202
201406202
201406202
201406202
201406202
201406202
201406202
201406202
201406202
201406202
92551090
143978172
170490948
184357220
190959116
193793096
194662400
194999542
195139558
195139558
195139558
195139558
195139558
195139558
195139558
195139558
195139558
195139558
195139558
195139558
94976954
146048448
171855946
185150930
191469224
194035184
194858672
195142048
195206634
195225470
195225470
195225470
195225470
195225470
195225470
195225470
195225470
195225470
195225470
195225470
93541974
144609600
170228028
183422088
189892420
192427684
193460966
193816780
193908148
193931670
193931670
193931670
193931670
193931670
193931670
193931670
193931670
193931670
193931670
193931670
93772974
144986566
171752364
186478722
193947204
197547614
198981566
199495708
199632620
199632620
199632620
199632620
199632620
199632620
199632620
199632620
199632620
199632620
199632620
199632620
92561866
144117048
170099474
183318142
189522092
192161532
193320592
193602822
193688936
193688936
193688936
193688936
193688936
193688936
193688936
193688936
193688936
193688936
193688936
193688936
95666652
147281046
173447678
187581768
194546644
197617404
198843924
199337190
199454680
199470344
199470344
199470344
199470344
199470344
199470344
199470344
199470344
199470344
199470344
199470344
93944018
143662830
168215882
181102484
187027434
189576398
190442108
190682774
190721162
190721162
190721162
190721162
190721162
190721162
190721162
190721162
190721162
190721162
190721162
190721162
91922452
143878284
170948258
185392064
192485162
195758302
197327956
197948990
198047010
198055066
198055066
198055066
198055066
198055066
198055066
198055066
198055066
198055066
198055066
198055066
93645774
145648324
171765976
186188234
193556072
196941440
198201996
198709780
198793188
198793188
198793188
198793188
198793188
198793188
198793188
198793188
198793188
198793188
198793188
198793188
92707610
144061006
170901110
184755764
191362352
194181502
195322158
195655182
195740008
195740008
195740008
195740008
195740008
195740008
195740008
195740008
195740008
195740008
195740008
195740008
94408000
147212476
173693414
187242856
193720246
196364558
197382178
197766694
197861630
197861630
197861630
197861630
197861630
197861630
197861630
197861630
197861630
197861630
197861630
197861630
92226732
141803608
166989896
180155438
186717124
189518452
190527450
190876846
190981024
191011090
191032642
191032642
191032642
191032642
191032642
191032642
191032642
191032642
191032642
191032642
94605518
145984104
171309438
184483008
190855376
193565874
194446560
194742484
194802560
194827516
194833448
194838568
194838568
194838568
194838568
194838568
194838568
194838568
194838568
194838568
93439054
144859758
170236416
183750728
190465396
193332158
194187682
194394612
194439736
194439736
194439736
194439736
194439736
194439736
194439736
194439736
194439736
194439736
194439736
194439736
93573384
145673492
172277108
186180030
193139794
196187874
197265462
197620888
197705256
197735820
197770514
197770514
197770514
197770514
197770514
197770514
197770514
197770514
197770514
197770514
93415604
145499132
172958378
187953136
195453562
198909284
200260936
200690648
200760864
200783104
200800984
200800984
200800984
200800984
200800984
200800984
200800984
200800984
200800984
200800984
94774472
146449196
172898632
187285842
194637208
198006346
199105906
199568984
199668532
199687280
199687280
199687280
199687280
199687280
199687280
199687280
199687280
199687280
199687280
199687280
93050064
143848420
170049264
184263260
191506256
194892770
196307452
196800510
197001784
197033202
197033202
197033202
197033202
197033202
197033202
197033202
197033202
197033202
197033202
197033202
93362598
144572602
169710722
182911518
188872928
191617348
192640038
192961876
193094536
193094536
193094536
193094536
193094536
193094536
193094536
193094536
193094536
193094536
193094536
193094536
94290254
146637600
172928668
186979542
193904772
196961936
198259366
198584118
198655926
198684856
198705116
198705116
198705116
198705116
198705116
198705116
198705116
198705116
198705116
198705116
90332380
141878720
170020902
186066288
194246760
198073374
199653908
200400598
200626274
200637648
200637648
200637648
200637648
200637648
200637648
200637648
200637648
200637648
200637648
200637648
93084988
145826482
174062890
189254502
196880794
200467382
201868280
202577572
202744754
202787438
202787438
202787438
202787438
202787438
202787438
202787438
202787438
202787438
202787438
202787438
94117132
145553050
171671156
185708538
192323802
195266480
196379396
196833066
196976484
196994384
196994384
196994384
196994384
196994384
196994384
196994384
196994384
196994384
196994384
196994384
93836130
146638094
174179294
189044030
196370522
199674778
200834586
201153290
201220162
201234430
201234430
201234430
201234430
201234430
201234430
201234430
201234430
201234430
201234430
201234430
94258652
147564992
174786052
189563938
197053786
200594040
202139906
202727322
202901610
202995190
203082172
203082172
203082172
203082172
203082172
203082172
203082172
203082172
203082172
203082172
91723550
143145422
169906470
183888736
190495608
193343646
194262306
194513308
194522372
194522372
194522372
194522372
194522372
194522372
194522372
194522372
194522372
194522372
194522372
194522372
91735440
143645336
170671846
184854798
191694498
194411002
195361616
195716636
195841268
195883186
195895408
195895408
195895408
195895408
195895408
195895408
195895408
195895408
195895408
195895408
95640900
148116268
175273356
190104694
197583546
201004924
202192202
202530570
202550850
202550850
202550850
202550850
202550850
202550850
202550850
202550850
202550850
202550850
202550850
202550850
92650970
144151538
170132400
184706762
191764376
195216988
196428472
196736182
196804614
196809028
196809028
196809028
196809028
196809028
196809028
196809028
196809028
196809028
196809028
196809028
92897120
142663078
168475092
182301804
188797706
191656836
192573114
192794960
192832962
192832962
192832962
192832962
192832962
192832962
192832962
192832962
192832962
192832962
192832962
192832962
92269128
142906988
168422670
181549444
187585534
190007260
190706286
190894034
190894034
190894034
190894034
190894034
190894034
190894034
190894034
190894034
190894034
190894034
190894034
190894034
93014056
144287736
169505174
182535842
188818946
191829914
192796950
193056778
193130870
193130870
193130870
193130870
193130870
193130870
193130870
193130870
193130870
193130870
193130870
193130870
92816844
144687606
171946946
186713586
194094580
197407166
198775876
199154148
199233730
199233730
199233730
199233730
199233730
199233730
199233730
199233730
199233730
199233730
199233730
199233730
95223848
149044764
176291976
190449496
197137390
199656742
200691336
200953112
201050868
201079222
201079222
201079222
201079222
201079222
201079222
201079222
201079222
201079222
201079222
201079222
94344818
145583464
171434704
184950882
191518148
194383050
195617844
196038738
196115682
196134620
196134620
196134620
196134620
196134620
196134620
196134620
196134620
196134620
196134620
196134620
93933100
144880848
170331378
183546868
189882134
192520664
193470360
193860996
194023816
194046028
194081248
194081248
194081248
194081248
194081248
194081248
194081248
194081248
194081248
194081248
94578612
146374042
172547576
186206288
192404012
194968558
195905904
196278910
196340426
196370098
196370098
196370098
196370098
196370098
196370098
196370098
196370098
196370098
196370098
196370098
93331706
145598916
172018536
186266610
193062330
196313664
197513442
197995870
198114850
198114850
198114850
198114850
198114850
198114850
198114850
198114850
198114850
198114850
198114850
198114850
90673868
141639766
168428244
182785248
189984626
193342104
194882814
195520734
195685822
195697516
195697516
195697516
195697516
195697516
195697516
195697516
195697516
195697516
195697516
195697516
95015182
147094732
172540766
185746054
191932520
194633306
195854228
196129408
196176502
196190324
196203476
196203476
196203476
196203476
196203476
196203476
196203476
196203476
196203476
196203476
93323128
146248606
173011760
186684030
193226564
196133364
197127342
197420454
197552618
197561718
197561718
197561718
197561718
197561718
197561718
197561718
197561718
197561718
197561718
197561718
93953740
145534498
171620404
184960232
191502378
194372706
195580516
195960142
196063884
196097370
196097370
196097370
196097370
196097370
196097370
196097370
196097370
196097370
196097370
196097370
92931782
144782938
171534698
186225500
193955162
197676554
199357522
200052310
200244752
200354488
200414628
200414628
200414628
200414628
200414628
200414628
200414628
200414628
200414628
200414628
92729238
143670544
169585436
183310148
190116754
193135104
194202808
194604176
194735222
194735222
194735222
194735222
194735222
194735222
194735222
194735222
194735222
194735222
194735222
194735222
93128542
144317610
170481126
184118234
190893358
193873862
194858860
195047046
195095418
195119384
195119384
195119384
195119384
195119384
195119384
195119384
195119384
195119384
195119384
195119384
94007652
145958798
172624472
186970450
194354174
197826164
199238548
199716914
199861876
199895048
199907802
199907802
199907802
199907802
199907802
199907802
199907802
199907802
199907802
199907802
92674820
142581246
168614744
182308436
188827778
191554976
192572556
192923342
193059510
193062330
193062330
193062330
193062330
193062330
193062330
193062330
193062330
193062330
193062330
193062330
92940906
144806406
171666750
185845802
193055616
196340498
197406344
197789900
197916062
197916062
197916062
197916062
197916062
197916062
197916062
197916062
197916062
197916062
197916062
197916062
93572626
146783398
175219486
190821318
199013084
202791598
204240352
204881426
205187232
205350110
205420274
205446672
205472866
205472866
205472866
205472866
205472866
205472866
205472866
205472866
95117718
147513692
173312544
186826316
193489170
196249910
197256014
197562850
197634386
197634450
197635658
197635658
197635658
197635658
197635658
197635658
197635658
197635658
197635658
197635658
93699750
144824088
170509690
184190916
190936272
193808268
194680046
194923806
195002812
195032104
195040030
195040030
195040030
195040030
195040030
195040030
195040030
195040030
195040030
195040030
94226210
145398940
171037136
184170278
190387144
192781098
193686096
193973766
193995512
193995512
193995512
193995512
193995512
193995512
193995512
193995512
193995512
193995512
193995512
193995512
93412870
145808880
173220962
188084382
195517846
198859648
200095174
200520216
200606176
200647720
200647720
200647720
200647720
200647720
200647720
200647720
200647720
200647720
200647720
200647720
92654662
144819796
172289388
187284056
194582860
197943586
199226076
199677326
199780768
199780800
199780800
199780800
199780800
199780800
199780800
199780800
199780800
199780800
199780800
199780800
94268518
144788876
169510222
181680682
187417496
189832426
190591522
190860382
190889496
190889496
190889496
190889496
190889496
190889496
190889496
190889496
190889496
190889496
190889496
190889496
94181512
146040994
172111790
185590488
191921204
194637842
195635842
195869594
195922836
195922836
195922836
195922836
195922836
195922836
195922836
195922836
195922836
195922836
195922836
195922836
92993686
143157084
168229276
181507272
187757994
190493656
191587010
192062616
192179778
192195510
192195510
192195510
192195510
192195510
192195510
192195510
192195510
192195510
192195510
192195510
91849302
143197450
170387886
185310722
192992470
196437614
197869684
198329132
198466710
198516844
198524288
198539134
198546662
198546662
198546662
198546662
198546662
198546662
198546662
198546662
92018342
142072672
167754234
181537378
188680068
191830366
193120876
193695690
193913442
193932390
193954984
193954984
193954984
193954984
193954984
193954984
193954984
193954984
193954984
193954984
94550524
145565616
171170112
184505392
190848060
193519378
194551848
194872336
194926958
194926958
194926958
194926958
194926958
194926958
194926958
194926958
194926958
194926958
194926958
194926958
93474510
145329074
171429920
184886496
191256096
194174766
195240832
195434004
195607228
195690642
195690642
195690642
195690642
195690642
195690642
195690642
195690642
195690642
195690642
195690642
94096800
146734314
172627962
185887320
192384018
195107270
196068160
196336912
196449094
196471338
196492554
196492554
196492554
196492554
196492554
196492554
196492554
196492554
196492554
196492554
95040292
147369324
173039252
186632326
192858278
195772326
196774458
196934620
196967510
196967510
196967510
196967510
196967510
196967510
196967510
196967510
196967510
196967510
196967510
196967510
92695894
142349840
169140026
183812566
191399186
195044668
196658458
197177428
197436826
197511446
197511478
197511478
197511478
197511478
197511478
197511478
197511478
197511478
197511478
197511478
95423184
145472946
169842076
182238182
187979008
190239784
191060164
191313198
191392408
191392408
191392408
191392408
191392408
191392408
191392408
191392408
191392408
191392408
191392408
191392408
93183002
143621202
168153122
180179558
185380940
187659776
188523830
188870342
189013222
189108386
189133282
189133282
189133282
189133282
189133282
189133282
189133282
189133282
189133282
189133282
92669982
144592528
171180478
185321242
192447408
195753584
197280528
197813266
197978416
197978416
197978416
197978416
197978416
197978416
197978416
197978416
197978416
197978416
197978416
197978416
94062938
146543828
172880464
186712758
193379490
196540620
197836438
198344412
198544638
198568642
198568642
198568642
198568642
198568642
198568642
198568642
198568642
198568642
198568642
198568642
95014942
149189152
176877936
191955136
199617454
203132612
204398550
204783388
204920404
204927180
204927180
204927180
204927180
204927180
204927180
204927180
204927180
204927180
204927180
204927180
93070756
143749022
169523124
183468702
190202214
193174816
194323686
194791266
194936400
194999046
194999046
194999046
194999046
194999046
194999046
194999046
194999046
194999046
194999046
194999046
92919368
144098736
170282882
184284148
191257224
194020368
195178138
195551548
195710392
195751058
195751058
195751058
195751058
195751058
195751058
195751058
195751058
195751058
195751058
195751058
93583160
144356322
169513228
182375868
188710974
191390050
192440868
192742412
192846126
192846126
192846126
192846126
192846126
192846126
192846126
192846126
192846126
192846126
192846126
192846126
94998650
147092824
173811910
187823812
194926368
198037030
199099220
199438528
199571784
199600406
199625000
199625000
199625000
199625000
199625000
199625000
199625000
199625000
199625000
199625000
93297840
145786590
172586696
186601868
193424620
196457944
197547338
197745510
197805126
197829766
197829766
197829766
197829766
197829766
197829766
197829766
197829766
197829766
197829766
197829766
94421284
145726990
171401506
184341524
190558992
193248614
194370988
194712904
194785270
194808448
194808448
194808448
194808448
194808448
194808448
194808448
194808448
194808448
194808448
194808448
93035152
144075008
169463236
182128008
188238130
190729366
191702712
191956360
191982240
191989216
191989216
191989216
191989216
191989216
191989216
191989216
191989216
191989216
191989216
191989216
93674940
145369860
171883824
186495888
193504278
196940834
198303534
198753168
198800104
198800104
198800104
198800104
198800104
198800104
198800104
198800104
198800104
198800104
198800104
198800104
94143040
145919604
172736092
187299424
194551514
197825798
198953094
199191100
199240026
199258610
199258610
199258610
199258610
199258610
199258610
199258610
199258610
199258610
199258610
199258610
94405520
145024526
169679222
182465810
188745924
191156924
191977226
192241684
192277210
192285274
192285274
192285274
192285274
192285274
192285274
192285274
192285274
192285274
192285274
192285274
93815604
144071350
168719398
181036688
186845136
189335406
190051956
190264378
190320026
190345142
190345142
190345142
190345142
190345142
190345142
190345142
190345142
190345142
190345142
190345142
93133876
143427510
169305392
183304956
190233338
193390588
194654642
195055878
195073516
195073516
195073516
195073516
195073516
195073516
195073516
195073516
195073516
195073516
195073516
195073516
93110430
143702192
169346500
182792616
189719718
193045558
194332108
194690538
194811060
194818198
194818198
194818198
194818198
194818198
194818198
194818198
194818198
194818198
194818198
194818198
93142192
146824300
174936206
189979558
196994996
200197702
201511664
201963060
202035512
202067368
202067368
202067368
202067368
202067368
202067368
202067368
202067368
202067368
202067368
202067368
93675994
145632982
172891724
187954160
195559680
198981522
200221752
200541556
200657082
200666386
200666386
200666386
200666386
200666386
200666386
200666386
200666386
200666386
200666386
200666386
95254164
148223708
174666100
188411142
195196982
198319426
199428292
199761454
199830238
199830238
199830238
199830238
199830238
199830238
199830238
199830238
199830238
199830238
199830238
199830238
93287098
145820928
173135904
187893718
195209850
198601278
200052012
200468426
200625458
200634408
200634408
200634408
200634408
200634408
200634408
200634408
200634408
200634408
200634408
200634408
95769018
148805110
174291882
187332406
193455510
195890022
196593980
196763874
196803842
196837452
196837452
196837452
196837452
196837452
196837452
196837452
196837452
196837452
196837452
196837452
95357884
145625998
170374572
182608684
188156972
190642190
191557822
191858442
191955270
192060006
192083162
192114492
192114492
192114492
192114492
192114492
192114492
192114492
192114492
192114492
94576812
146483700
172216120
185458926
191760998
194602724
195779806
196220994
196447714
196506140
196515466
196515466
196515466
196515466
196515466
196515466
196515466
196515466
196515466
196515466
95767256
148202168
175990298
191297340
199249726
202665700
203873848
204268346
204346122
204350068
204350068
204350068
204350068
204350068
204350068
204350068
204350068
204350068
204350068
204350068
92904004
142890304
167730730
180379036
186228190
188579706
189364424
189745190
189829438
189829438
189829438
189829438
189829438
189829438
189829438
189829438
189829438
189829438
189829438
189829438
92806844
144874998
171675244
186053094
193111276
196257504
197296644
197588574
197698662
197698662
197698662
197698662
197698662
197698662
197698662
197698662
197698662
197698662
197698662
197698662
94104980
146235316
172538968
186070218
192444666
195013030
195858606
196190674
196222228
196222228
196222228
196222228
196222228
196222228
196222228
196222228
196222228
196222228
196222228
196222228
93503586
146284692
174095394
189259380
196813176
200129612
201610418
202165438
202258730
202298410
202298410
202298410
202298410
202298410
202298410
202298410
202298410
202298410
202298410
202298410
93333594
144309370
170887214
185124320
192044866
194983094
195934008
196284918
196476556
196527082
196527082
196527082
196527082
196527082
196527082
196527082
196527082
196527082
196527082
196527082
94320688
145208558
171122964
184983026
191525596
194397378
195305378
195557562
195586038
195586038
195586038
195586038
195586038
195586038
195586038
195586038
195586038
195586038
195586038
195586038
94047578
144462904
170690470
184137770
190677184
193173850
194206568
194499824
194600578
194624178
194624178
194624178
194624178
194624178
194624178
194624178
194624178
194624178
194624178
194624178
94327512
146682058
173335022
187907036
194817152
197975790
199290810
199753984
199874172
199933114
199944212
199944212
199944212
199944212
199944212
199944212
199944212
199944212
199944212
199944212
93447312
145048002
171189766
185280202
192383098
195472206
196814352
197306116
197435530
197461802
197472542
197472542
197472542
197472542
197472542
197472542
197472542
197472542
197472542
197472542
92755560
144705642
171812256
186066344
192948120
196249350
197381050
197773150
197900388
197994940
198046424
198073792
198073792
198073792
198073792
198073792
198073792
198073792
198073792
198073792
91702358
142265262
168621606
182376892
189161898
191963028
192884744
193146276
193237710
193291282
193291282
193291282
193291282
193291282
193291282
193291282
193291282
193291282
193291282
193291282
94349810
146532314
173181542
186970888
193627842
196556146
197595692
197818170
197889212
197915188
197915188
197915188
197915188
197915188
197915188
197915188
197915188
197915188
197915188
197915188
93162198
145306070
172470846
187372900
194739854
197964880
199157164
199643070
199749458
199754188
199754188
199754188
199754188
199754188
199754188
199754188
199754188
199754188
199754188
199754188
