476201.0
579992.0
622268.0
639406.0
645735.0
647818.0
648481.0
648606.0
648621.0
648658.0
648658.0
648658.0
648658.0
648658.0
648658.0
648658.0
648658.0
648658.0
648658.0
648658.0
473295.0
575948.0
618745.0
635026.0
640856.0
642754.0
643206.0
643362.0
643368.0
643386.0
643386.0
643386.0
643386.0
643386.0
643386.0
643386.0
643386.0
643386.0
643386.0
643386.0
471136.0
576174.0
618397.0
635038.0
641244.0
643502.0
643903.0
644081.0
644137.0
644139.0
644148.0
644148.0
644148.0
644148.0
644148.0
644148.0
644148.0
644148.0
644148.0
644148.0
475430.0
581075.0
624398.0
641944.0
648647.0
650670.0
651371.0
651496.0
651543.0
651543.0
651543.0
651543.0
651543.0
651543.0
651543.0
651543.0
651543.0
651543.0
651543.0
651543.0
474390.0
581213.0
623457.0
640348.0
646781.0
648725.0
649253.0
649320.0
649361.0
649358.0
649358.0
649358.0
649358.0
649358.0
649358.0
649358.0
649358.0
649358.0
649358.0
649358.0
474541.0
580388.0
624254.0
642130.0
648908.0
651193.0
652126.0
652486.0
652604.0
652638.0
652638.0
652638.0
652638.0
652638.0
652638.0
652638.0
652638.0
652638.0
652638.0
652638.0
476821.0
582556.0
627154.0
644905.0
651732.0
654292.0
655071.0
655254.0
655415.0
655441.0
655453.0
655453.0
655453.0
655453.0
655453.0
655453.0
655453.0
655453.0
655453.0
655453.0
471207.0
582210.0
627220.0
644997.0
652009.0
654332.0
654969.0
655060.0
655109.0
655109.0
655109.0
655109.0
655109.0
655109.0
655109.0
655109.0
655109.0
655109.0
655109.0
655109.0
477605.0
587738.0
633336.0
652072.0
659372.0
661327.0
661785.0
662028.0
662028.0
662046.0
662046.0
662046.0
662046.0
662046.0
662046.0
662046.0
662046.0
662046.0
662046.0
662046.0
475499.0
585787.0
630896.0
648787.0
655301.0
657254.0
657914.0
658104.0
658176.0
658199.0
658199.0
658199.0
658199.0
658199.0
658199.0
658199.0
658199.0
658199.0
658199.0
658199.0
477336.0
587799.0
634201.0
653222.0
659873.0
662039.0
662683.0
662782.0
662849.0
662852.0
662852.0
662852.0
662852.0
662852.0
662852.0
662852.0
662852.0
662852.0
662852.0
662852.0
473673.0
574106.0
614234.0
629608.0
634322.0
635802.0
636092.0
636253.0
636266.0
636306.0
636306.0
636306.0
636306.0
636306.0
636306.0
636306.0
636306.0
636306.0
636306.0
636306.0
469305.0
577575.0
620355.0
637623.0
643818.0
645943.0
646377.0
646548.0
646668.0
646691.0
646691.0
646691.0
646691.0
646691.0
646691.0
646691.0
646691.0
646691.0
646691.0
646691.0
474505.0
581265.0
623582.0
639248.0
645153.0
646969.0
647485.0
647580.0
647646.0
647646.0
647646.0
647646.0
647646.0
647646.0
647646.0
647646.0
647646.0
647646.0
647646.0
647646.0
472913.0
575370.0
616250.0
632483.0
637873.0
639426.0
639863.0
640093.0
640103.0
640103.0
640103.0
640103.0
640103.0
640103.0
640103.0
640103.0
640103.0
640103.0
640103.0
640103.0
476955.0
585014.0
630715.0
649095.0
655796.0
658132.0
658736.0
658944.0
658966.0
658972.0
658972.0
658972.0
658972.0
658972.0
658972.0
658972.0
658972.0
658972.0
658972.0
658972.0
476813.0
582261.0
627228.0
645032.0
651252.0
653448.0
654086.0
654308.0
654440.0
654440.0
654440.0
654440.0
654440.0
654440.0
654440.0
654440.0
654440.0
654440.0
654440.0
654440.0
478733.0
583791.0
628737.0
647575.0
655054.0
657460.0
658351.0
658533.0
658589.0
658627.0
658630.0
658624.0
658624.0
658624.0
658624.0
658624.0
658624.0
658624.0
658624.0
658624.0
475701.0
581344.0
625178.0
643432.0
650558.0
652772.0
653597.0
653789.0
653793.0
653802.0
653802.0
653802.0
653802.0
653802.0
653802.0
653802.0
653802.0
653802.0
653802.0
653802.0
473596.0
581219.0
625292.0
643193.0
649472.0
651755.0
652357.0
652630.0
652699.0
652734.0
652734.0
652734.0
652734.0
652734.0
652734.0
652734.0
652734.0
652734.0
652734.0
652734.0
471204.0
575936.0
617956.0
635041.0
642149.0
644443.0
645328.0
645512.0
645581.0
645598.0
645598.0
645598.0
645598.0
645598.0
645598.0
645598.0
645598.0
645598.0
645598.0
645598.0
471297.0
577692.0
619678.0
635618.0
640751.0
642135.0
642645.0
642800.0
642770.0
642770.0
642770.0
642770.0
642770.0
642770.0
642770.0
642770.0
642770.0
642770.0
642770.0
642770.0
472776.0
581273.0
624551.0
642219.0
648338.0
650587.0
651395.0
651660.0
651722.0
651737.0
651737.0
651737.0
651737.0
651737.0
651737.0
651737.0
651737.0
651737.0
651737.0
651737.0
472793.0
576830.0
617657.0
632207.0
637261.0
639100.0
639411.0
639492.0
639523.0
639525.0
639525.0
639525.0
639525.0
639525.0
639525.0
639525.0
639525.0
639525.0
639525.0
639525.0
475054.0
580819.0
623488.0
640363.0
646702.0
648565.0
649192.0
649314.0
649336.0
649357.0
649357.0
649357.0
649357.0
649357.0
649357.0
649357.0
649357.0
649357.0
649357.0
649357.0
475751.0
586621.0
632052.0
650478.0
657449.0
659690.0
660211.0
660481.0
660526.0
660526.0
660526.0
660526.0
660526.0
660526.0
660526.0
660526.0
660526.0
660526.0
660526.0
660526.0
471772.0
577618.0
619549.0
635242.0
640327.0
641695.0
642119.0
642218.0
642222.0
642222.0
642222.0
642222.0
642222.0
642222.0
642222.0
642222.0
642222.0
642222.0
642222.0
642222.0
476686.0
579909.0
621693.0
637648.0
643830.0
645736.0
646359.0
646575.0
646635.0
646653.0
646653.0
646653.0
646653.0
646653.0
646653.0
646653.0
646653.0
646653.0
646653.0
646653.0
473215.0
573400.0
614730.0
631105.0
637321.0
639473.0
640165.0
640558.0
640673.0
640671.0
640715.0
640727.0
640727.0
640727.0
640727.0
640727.0
640727.0
640727.0
640727.0
640727.0
477961.0
583163.0
626818.0
644600.0
651829.0
654108.0
654911.0
655046.0
655073.0
655073.0
655073.0
655073.0
655073.0
655073.0
655073.0
655073.0
655073.0
655073.0
655073.0
655073.0
473926.0
575751.0
618113.0
634697.0
640965.0
642862.0
643389.0
643462.0
643492.0
643514.0
643514.0
643514.0
643514.0
643514.0
643514.0
643514.0
643514.0
643514.0
643514.0
643514.0
473059.0
581861.0
627652.0
646185.0
653575.0
656686.0
657661.0
658073.0
658162.0
658201.0
658242.0
658242.0
658242.0
658242.0
658242.0
658242.0
658242.0
658242.0
658242.0
658242.0
473872.0
574419.0
614979.0
630422.0
635218.0
636811.0
637286.0
637495.0
637502.0
637488.0
637488.0
637488.0
637488.0
637488.0
637488.0
637488.0
637488.0
637488.0
637488.0
637488.0
474130.0
576235.0
617144.0
632710.0
638205.0
639942.0
640495.0
640609.0
640677.0
640693.0
640706.0
640712.0
640725.0
640725.0
640725.0
640725.0
640725.0
640725.0
640725.0
640725.0
465124.0
567297.0
605075.0
618142.0
622426.0
623712.0
623909.0
624049.0
624101.0
624101.0
624101.0
624101.0
624101.0
624101.0
624101.0
624101.0
624101.0
624101.0
624101.0
624101.0
471853.0
573415.0
613298.0
629392.0
634875.0
636631.0
637277.0
637442.0
637435.0
637432.0
637432.0
637432.0
637432.0
637432.0
637432.0
637432.0
637432.0
637432.0
637432.0
637432.0
472145.0
574554.0
616047.0
631530.0
637322.0
638771.0
639502.0
639766.0
639809.0
639827.0
639836.0
639836.0
639836.0
639836.0
639836.0
639836.0
639836.0
639836.0
639836.0
639836.0
474021.0
580807.0
625444.0
643181.0
649593.0
651487.0
652094.0
652241.0
652325.0
652401.0
652401.0
652401.0
652401.0
652401.0
652401.0
652401.0
652401.0
652401.0
652401.0
652401.0
476662.0
584441.0
627241.0
643301.0
649020.0
650246.0
650667.0
650814.0
650846.0
650857.0
650857.0
650857.0
650857.0
650857.0
650857.0
650857.0
650857.0
650857.0
650857.0
650857.0
472601.0
576304.0
620425.0
638033.0
644387.0
646358.0
647009.0
647321.0
647362.0
647379.0
647386.0
647386.0
647386.0
647386.0
647386.0
647386.0
647386.0
647386.0
647386.0
647386.0
473393.0
576522.0
619424.0
636281.0
642256.0
644437.0
645009.0
645301.0
645322.0
645345.0
645360.0
645360.0
645360.0
645360.0
645360.0
645360.0
645360.0
645360.0
645360.0
645360.0
477890.0
586428.0
631495.0
649889.0
656199.0
658241.0
658749.0
658899.0
658926.0
658926.0
658926.0
658926.0
658926.0
658926.0
658926.0
658926.0
658926.0
658926.0
658926.0
658926.0
475699.0
579923.0
622411.0
638667.0
644814.0
646956.0
647700.0
647852.0
647844.0
647855.0
647855.0
647855.0
647855.0
647855.0
647855.0
647855.0
647855.0
647855.0
647855.0
647855.0
475517.0
577487.0
620755.0
637437.0
643614.0
645598.0
646127.0
646324.0
646323.0
646323.0
646323.0
646323.0
646323.0
646323.0
646323.0
646323.0
646323.0
646323.0
646323.0
646323.0
473306.0
572631.0
613017.0
628913.0
634803.0
637031.0
637447.0
637670.0
637718.0
637753.0
637754.0
637754.0
637754.0
637754.0
637754.0
637754.0
637754.0
637754.0
637754.0
637754.0
474918.0
583756.0
628578.0
646840.0
652993.0
655220.0
655907.0
656123.0
656183.0
656190.0
656190.0
656190.0
656190.0
656190.0
656190.0
656190.0
656190.0
656190.0
656190.0
656190.0
477358.0
587978.0
633323.0
651456.0
658249.0
660071.0
660678.0
660837.0
660821.0
660821.0
660821.0
660821.0
660821.0
660821.0
660821.0
660821.0
660821.0
660821.0
660821.0
660821.0
468603.0
570195.0
610795.0
627019.0
633244.0
635481.0
636011.0
636408.0
636517.0
636544.0
636553.0
636553.0
636553.0
636553.0
636553.0
636553.0
636553.0
636553.0
636553.0
636553.0
476611.0
583217.0
629256.0
648995.0
656267.0
658843.0
659673.0
659926.0
659952.0
659952.0
659952.0
659952.0
659952.0
659952.0
659952.0
659952.0
659952.0
659952.0
659952.0
659952.0
472334.0
576452.0
618008.0
634355.0
640525.0
642494.0
643105.0
643310.0
643382.0
643433.0
643433.0
643433.0
643433.0
643433.0
643433.0
643433.0
643433.0
643433.0
643433.0
643433.0
470193.0
572440.0
613942.0
630384.0
636053.0
637732.0
638412.0
638596.0
638716.0
638725.0
638725.0
638725.0
638725.0
638725.0
638725.0
638725.0
638725.0
638725.0
638725.0
638725.0
477200.0
584205.0
628732.0
646967.0
653427.0
655978.0
656610.0
656798.0
656893.0
656904.0
656904.0
656904.0
656904.0
656904.0
656904.0
656904.0
656904.0
656904.0
656904.0
656904.0
469960.0
573111.0
613919.0
630089.0
636053.0
637977.0
638476.0
638673.0
638663.0
638663.0
638663.0
638663.0
638663.0
638663.0
638663.0
638663.0
638663.0
638663.0
638663.0
638663.0
468465.0
571315.0
611246.0
626266.0
631537.0
633247.0
633971.0
634201.0
634351.0
634338.0
634353.0
634379.0
634379.0
634379.0
634379.0
634379.0
634379.0
634379.0
634379.0
634379.0
466993.0
570101.0
610317.0
625874.0
631555.0
632999.0
633418.0
633513.0
633573.0
633573.0
633573.0
633573.0
633573.0
633573.0
633573.0
633573.0
633573.0
633573.0
633573.0
633573.0
473479.0
577948.0
620976.0
638489.0
644959.0
646836.0
647396.0
647525.0
647543.0
647545.0
647545.0
647545.0
647545.0
647545.0
647545.0
647545.0
647545.0
647545.0
647545.0
647545.0
468124.0
570362.0
609845.0
624453.0
629416.0
630999.0
631362.0
631492.0
631535.0
631527.0
631527.0
631527.0
631527.0
631527.0
631527.0
631527.0
631527.0
631527.0
631527.0
631527.0
478800.0
591494.0
637724.0
657348.0
664972.0
667347.0
667984.0
668194.0
668218.0
668218.0
668218.0
668218.0
668218.0
668218.0
668218.0
668218.0
668218.0
668218.0
668218.0
668218.0
471905.0
576483.0
617015.0
632202.0
637150.0
638870.0
639268.0
639345.0
639372.0
639372.0
639372.0
639372.0
639372.0
639372.0
639372.0
639372.0
639372.0
639372.0
639372.0
639372.0
477232.0
587606.0
632299.0
650031.0
656320.0
658501.0
659196.0
659417.0
659497.0
659535.0
659540.0
659540.0
659540.0
659540.0
659540.0
659540.0
659540.0
659540.0
659540.0
659540.0
477699.0
592130.0
641187.0
661374.0
669068.0
671700.0
672387.0
672561.0
672601.0
672601.0
672601.0
672601.0
672601.0
672601.0
672601.0
672601.0
672601.0
672601.0
672601.0
672601.0
476048.0
582998.0
629338.0
648903.0
656762.0
659297.0
660212.0
660560.0
660744.0
660793.0
660819.0
660833.0
660856.0
660856.0
660856.0
660856.0
660856.0
660856.0
660856.0
660856.0
474394.0
576397.0
616392.0
631795.0
637080.0
638766.0
639346.0
639533.0
639581.0
639581.0
639581.0
639581.0
639581.0
639581.0
639581.0
639581.0
639581.0
639581.0
639581.0
639581.0
469197.0
574751.0
617316.0
634591.0
641019.0
643291.0
644009.0
644194.0
644314.0
644316.0
644316.0
644316.0
644316.0
644316.0
644316.0
644316.0
644316.0
644316.0
644316.0
644316.0
471323.0
575463.0
617587.0
635785.0
642389.0
644420.0
645047.0
645211.0
645281.0
645315.0
645326.0
645326.0
645326.0
645326.0
645326.0
645326.0
645326.0
645326.0
645326.0
645326.0
472096.0
577976.0
619846.0
636578.0
642584.0
644673.0
645326.0
645425.0
645513.0
645539.0
645539.0
645539.0
645539.0
645539.0
645539.0
645539.0
645539.0
645539.0
645539.0
645539.0
476349.0
587547.0
634952.0
653881.0
660959.0
663550.0
664121.0
664412.0
664486.0
664490.0
664490.0
664490.0
664490.0
664490.0
664490.0
664490.0
664490.0
664490.0
664490.0
664490.0
470857.0
568972.0
608158.0
622485.0
627503.0
628780.0
629303.0
629427.0
629437.0
629454.0
629455.0
629464.0
629464.0
629464.0
629464.0
629464.0
629464.0
629464.0
629464.0
629464.0
475597.0
575840.0
615343.0
630029.0
634967.0
636749.0
637166.0
637273.0
637311.0
637311.0
637311.0
637311.0
637311.0
637311.0
637311.0
637311.0
637311.0
637311.0
637311.0
637311.0
473274.0
583676.0
629603.0
648587.0
655360.0
657973.0
658892.0
659225.0
659263.0
659266.0
659310.0
659318.0
659318.0
659318.0
659318.0
659318.0
659318.0
659318.0
659318.0
659318.0
473917.0
575744.0
617351.0
633572.0
638983.0
640564.0
640950.0
641100.0
641151.0
641156.0
641156.0
641156.0
641156.0
641156.0
641156.0
641156.0
641156.0
641156.0
641156.0
641156.0
473389.0
576822.0
619888.0
637555.0
643994.0
646120.0
646826.0
646872.0
646883.0
646883.0
646883.0
646883.0
646883.0
646883.0
646883.0
646883.0
646883.0
646883.0
646883.0
646883.0
469316.0
576208.0
618538.0
634433.0
639860.0
641496.0
641872.0
642056.0
642085.0
642094.0
642094.0
642094.0
642094.0
642094.0
642094.0
642094.0
642094.0
642094.0
642094.0
642094.0
474288.0
576392.0
617158.0
632707.0
637867.0
639843.0
640266.0
640519.0
640559.0
640548.0
640548.0
640548.0
640548.0
640548.0
640548.0
640548.0
640548.0
640548.0
640548.0
640548.0
472348.0
578552.0
621448.0
637706.0
643533.0
645351.0
645800.0
645899.0
645898.0
645915.0
645915.0
645915.0
645915.0
645915.0
645915.0
645915.0
645915.0
645915.0
645915.0
645915.0
471251.0
578770.0
621187.0
638065.0
643774.0
645724.0
646016.0
646115.0
646126.0
646145.0
646147.0
646147.0
646147.0
646147.0
646147.0
646147.0
646147.0
646147.0
646147.0
646147.0
479102.0
588328.0
635398.0
655103.0
662213.0
664406.0
665110.0
665198.0
665248.0
665248.0
665248.0
665248.0
665248.0
665248.0
665248.0
665248.0
665248.0
665248.0
665248.0
665248.0
472789.0
575143.0
616048.0
632680.0
638310.0
640449.0
641106.0
641357.0
641493.0
641506.0
641506.0
641506.0
641506.0
641506.0
641506.0
641506.0
641506.0
641506.0
641506.0
641506.0
476556.0
581182.0
624696.0
640875.0
646592.0
648426.0
649027.0
649132.0
649160.0
649160.0
649160.0
649160.0
649160.0
649160.0
649160.0
649160.0
649160.0
649160.0
649160.0
649160.0
481892.0
590818.0
637105.0
656112.0
663423.0
666249.0
667080.0
667396.0
667469.0
667494.0
667494.0
667494.0
667494.0
667494.0
667494.0
667494.0
667494.0
667494.0
667494.0
667494.0
475832.0
584750.0
630907.0
649363.0
656664.0
659375.0
660307.0
660526.0
660557.0
660591.0
660591.0
660591.0
660591.0
660591.0
660591.0
660591.0
660591.0
660591.0
660591.0
660591.0
479194.0
591783.0
639663.0
659248.0
667186.0
669887.0
670663.0
670772.0
670826.0
670823.0
670823.0
670823.0
670823.0
670823.0
670823.0
670823.0
670823.0
670823.0
670823.0
670823.0
471910.0
583923.0
630867.0
650389.0
658000.0
660564.0
661332.0
661557.0
661512.0
661530.0
661532.0
661532.0
661532.0
661532.0
661532.0
661532.0
661532.0
661532.0
661532.0
661532.0
477956.0
586590.0
631355.0
649185.0
655743.0
657838.0
658692.0
658982.0
659101.0
659159.0
659218.0
659217.0
659226.0
659226.0
659226.0
659226.0
659226.0
659226.0
659226.0
659226.0
475358.0
589923.0
639141.0
659822.0
667734.0
670579.0
671538.0
671859.0
671973.0
671991.0
671998.0
671998.0
671998.0
671998.0
671998.0
671998.0
671998.0
671998.0
671998.0
671998.0
472749.0
578936.0
622542.0
639686.0
645541.0
647303.0
647689.0
647815.0
647834.0
647832.0
647832.0
647832.0
647832.0
647832.0
647832.0
647832.0
647832.0
647832.0
647832.0
647832.0
479566.0
584612.0
629323.0
647702.0
654810.0
657204.0
657927.0
658172.0
658184.0
658181.0
658192.0
658192.0
658192.0
658192.0
658192.0
658192.0
658192.0
658192.0
658192.0
658192.0
477453.0
582967.0
627754.0
645459.0
652052.0
654083.0
654669.0
654958.0
655115.0
655133.0
655133.0
655133.0
655133.0
655133.0
655133.0
655133.0
655133.0
655133.0
655133.0
655133.0
472285.0
576533.0
618926.0
635271.0
640519.0
642327.0
642742.0
642847.0
642879.0
642879.0
642879.0
642879.0
642879.0
642879.0
642879.0
642879.0
642879.0
642879.0
642879.0
642879.0
472514.0
575008.0
616464.0
632221.0
637918.0
639807.0
640176.0
640333.0
640359.0
640359.0
640359.0
640359.0
640359.0
640359.0
640359.0
640359.0
640359.0
640359.0
640359.0
640359.0
474236.0
582364.0
625510.0
641697.0
647344.0
648684.0
649213.0
649349.0
649369.0
649369.0
649369.0
649369.0
649369.0
649369.0
649369.0
649369.0
649369.0
649369.0
649369.0
649369.0
472503.0
577433.0
620602.0
637689.0
643783.0
645868.0
646487.0
646664.0
646730.0
646731.0
646731.0
646731.0
646731.0
646731.0
646731.0
646731.0
646731.0
646731.0
646731.0
646731.0
476296.0
584451.0
628382.0
645991.0
652172.0
654225.0
654798.0
654951.0
654996.0
654996.0
654996.0
654996.0
654996.0
654996.0
654996.0
654996.0
654996.0
654996.0
654996.0
654996.0
475151.0
579805.0
622701.0
639052.0
644765.0
646649.0
646884.0
646970.0
646965.0
646965.0
646965.0
646965.0
646965.0
646965.0
646965.0
646965.0
646965.0
646965.0
646965.0
646965.0
476363.0
582003.0
626167.0
644297.0
650991.0
653536.0
654158.0
654260.0
654258.0
654261.0
654261.0
654261.0
654261.0
654261.0
654261.0
654261.0
654261.0
654261.0
654261.0
654261.0
473740.0
577666.0
619699.0
636723.0
643023.0
645305.0
646198.0
646453.0
646564.0
646567.0
646598.0
646598.0
646598.0
646598.0
646598.0
646598.0
646598.0
646598.0
646598.0
646598.0
475771.0
587181.0
634205.0
653456.0
660669.0
662998.0
663751.0
663952.0
664099.0
664119.0
664119.0
664119.0
664119.0
664119.0
664119.0
664119.0
664119.0
664119.0
664119.0
664119.0
480759.0
585498.0
629583.0
646962.0
652256.0
654054.0
654534.0
654765.0
654763.0
654763.0
654763.0
654763.0
654763.0
654763.0
654763.0
654763.0
654763.0
654763.0
654763.0
654763.0
470904.0
576615.0
619935.0
636589.0
642873.0
644653.0
645110.0
645259.0
645288.0
645287.0
645287.0
645287.0
645287.0
645287.0
645287.0
645287.0
645287.0
645287.0
645287.0
645287.0
470964.0
574687.0
616412.0
632337.0
637748.0
639564.0
640010.0
640150.0
640203.0
640246.0
640246.0
640246.0
640246.0
640246.0
640246.0
640246.0
640246.0
640246.0
640246.0
640246.0
478168.0
587166.0
634494.0
654671.0
662397.0
665115.0
665850.0
666047.0
666123.0
666123.0
666123.0
666123.0
666123.0
666123.0
666123.0
666123.0
666123.0
666123.0
666123.0
666123.0
471192.0
572619.0
613177.0
629169.0
634785.0
636380.0
636987.0
637076.0
637111.0
637111.0
637111.0
637111.0
637111.0
637111.0
637111.0
637111.0
637111.0
637111.0
637111.0
637111.0
473707.0
580633.0
624517.0
642511.0
648828.0
651006.0
651525.0
651765.0
651796.0
651796.0
651796.0
651796.0
651796.0
651796.0
651796.0
651796.0
651796.0
651796.0
651796.0
651796.0
471160.0
574868.0
615778.0
631964.0
637038.0
638543.0
638941.0
639047.0
639086.0
639086.0
639086.0
639086.0
639086.0
639086.0
639086.0
639086.0
639086.0
639086.0
639086.0
639086.0
475578.0
581923.0
626867.0
645816.0
652494.0
654940.0
655707.0
655967.0
655998.0
656003.0
656003.0
656003.0
656003.0
656003.0
656003.0
656003.0
656003.0
656003.0
656003.0
656003.0
472625.0
579111.0
622814.0
641459.0
648696.0
650887.0
651767.0
651882.0
651954.0
651954.0
651954.0
651954.0
651954.0
651954.0
651954.0
651954.0
651954.0
651954.0
651954.0
651954.0
473323.0
576814.0
619418.0
635850.0
641489.0
643086.0
643699.0
643839.0
643896.0
643896.0
643896.0
643896.0
643896.0
643896.0
643896.0
643896.0
643896.0
643896.0
643896.0
643896.0
473159.0
579680.0
622869.0
638982.0
644470.0
646261.0
646809.0
646884.0
646888.0
646888.0
646888.0
646888.0
646888.0
646888.0
646888.0
646888.0
646888.0
646888.0
646888.0
646888.0
469529.0
569377.0
610838.0
627524.0
633261.0
635347.0
635779.0
635879.0
635931.0
635939.0
635963.0
635963.0
635963.0
635963.0
635963.0
635963.0
635963.0
635963.0
635963.0
635963.0
475062.0
583396.0
626485.0
643480.0
649099.0
650888.0
651435.0
651563.0
651612.0
651605.0
651601.0
651609.0
651609.0
651609.0
651609.0
651609.0
651609.0
651609.0
651609.0
651609.0
470262.0
572791.0
612473.0
628774.0
634343.0
636216.0
636550.0
636631.0
636673.0
636673.0
636673.0
636673.0
636673.0
636673.0
636673.0
636673.0
636673.0
636673.0
636673.0
636673.0
475921.0
581344.0
623920.0
640770.0
646943.0
648816.0
649278.0
649436.0
649448.0
649450.0
649486.0
649486.0
649486.0
649486.0
649486.0
649486.0
649486.0
649486.0
649486.0
649486.0
477645.0
585204.0
631121.0
649776.0
656863.0
659092.0
659837.0
660015.0
660041.0
660033.0
660043.0
660043.0
660043.0
660043.0
660043.0
660043.0
660043.0
660043.0
660043.0
660043.0
471566.0
579265.0
623910.0
642205.0
649088.0
651499.0
652083.0
652370.0
652407.0
652416.0
652416.0
652416.0
652416.0
652416.0
652416.0
652416.0
652416.0
652416.0
652416.0
652416.0
477525.0
583658.0
628888.0
647098.0
654077.0
656392.0
657109.0
657275.0
657330.0
657332.0
657332.0
657332.0
657332.0
657332.0
657332.0
657332.0
657332.0
657332.0
657332.0
657332.0
470213.0
573710.0
615031.0
631202.0
636857.0
638633.0
639127.0
639298.0
639405.0
639405.0
639405.0
639405.0
639405.0
639405.0
639405.0
639405.0
639405.0
639405.0
639405.0
639405.0
474128.0
581600.0
626005.0
643710.0
650026.0
652200.0
652897.0
653054.0
653068.0
653067.0
653073.0
653073.0
653073.0
653073.0
653073.0
653073.0
653073.0
653073.0
653073.0
653073.0
479280.0
586985.0
634552.0
654191.0
661455.0
664062.0
664822.0
665345.0
665466.0
665480.0
665480.0
665480.0
665480.0
665480.0
665480.0
665480.0
665480.0
665480.0
665480.0
665480.0
477639.0
584770.0
631798.0
651073.0
658178.0
660606.0
661548.0
661979.0
662092.0
662101.0
662101.0
662101.0
662101.0
662101.0
662101.0
662101.0
662101.0
662101.0
662101.0
662101.0
473103.0
578205.0
621472.0
638719.0
644942.0
647135.0
647683.0
647897.0
647963.0
647970.0
647970.0
647970.0
647970.0
647970.0
647970.0
647970.0
647970.0
647970.0
647970.0
647970.0
476979.0
588324.0
634774.0
654006.0
660500.0
662349.0
663026.0
663133.0
663185.0
663175.0
663175.0
663175.0
663175.0
663175.0
663175.0
663175.0
663175.0
663175.0
663175.0
663175.0
472505.0
581590.0
626743.0
645687.0
652644.0
655084.0
655783.0
655905.0
655950.0
655975.0
656009.0
656009.0
656009.0
656009.0
656009.0
656009.0
656009.0
656009.0
656009.0
656009.0
476173.0
577720.0
620024.0
636347.0
641896.0
643791.0
644185.0
644281.0
644283.0
644283.0
644283.0
644283.0
644283.0
644283.0
644283.0
644283.0
644283.0
644283.0
644283.0
644283.0
472978.0
580205.0
624344.0
641959.0
647783.0
649245.0
649891.0
650079.0
650157.0
650180.0
650170.0
650170.0
650170.0
650170.0
650170.0
650170.0
650170.0
650170.0
650170.0
650170.0
478393.0
590893.0
637836.0
657120.0
664449.0
667004.0
667600.0
667727.0
667741.0
667741.0
667741.0
667741.0
667741.0
667741.0
667741.0
667741.0
667741.0
667741.0
667741.0
667741.0
474399.0
580533.0
624287.0
642291.0
649464.0
652049.0
652649.0
652798.0
652814.0
652818.0
652818.0
652818.0
652818.0
652818.0
652818.0
652818.0
652818.0
652818.0
652818.0
652818.0
471802.0
572357.0
612730.0
629347.0
635208.0
636908.0
637393.0
637494.0
637477.0
637477.0
637477.0
637477.0
637477.0
637477.0
637477.0
637477.0
637477.0
637477.0
637477.0
637477.0
473361.0
570299.0
608609.0
623517.0
628182.0
629530.0
629902.0
629912.0
629912.0
629912.0
629912.0
629912.0
629912.0
629912.0
629912.0
629912.0
629912.0
629912.0
629912.0
629912.0
477978.0
580157.0
620531.0
636075.0
641704.0
643873.0
644311.0
644393.0
644412.0
644412.0
644412.0
644412.0
644412.0
644412.0
644412.0
644412.0
644412.0
644412.0
644412.0
644412.0
475545.0
582858.0
628345.0
647337.0
654329.0
656831.0
657547.0
657796.0
657838.0
657838.0
657838.0
657838.0
657838.0
657838.0
657838.0
657838.0
657838.0
657838.0
657838.0
657838.0
477151.0
587014.0
631480.0
648975.0
654975.0
656497.0
656974.0
657122.0
657135.0
657144.0
657144.0
657144.0
657144.0
657144.0
657144.0
657144.0
657144.0
657144.0
657144.0
657144.0
473116.0
578896.0
622071.0
638833.0
645272.0
647072.0
647758.0
647982.0
648000.0
648016.0
648016.0
648016.0
648016.0
648016.0
648016.0
648016.0
648016.0
648016.0
648016.0
648016.0
469657.0
573476.0
615722.0
631959.0
637656.0
639495.0
640007.0
640145.0
640169.0
640201.0
640215.0
640215.0
640215.0
640215.0
640215.0
640215.0
640215.0
640215.0
640215.0
640215.0
468940.0
569755.0
609973.0
625545.0
630858.0
632796.0
633277.0
633432.0
633489.0
633491.0
633491.0
633491.0
633491.0
633491.0
633491.0
633491.0
633491.0
633491.0
633491.0
633491.0
473466.0
578712.0
620595.0
637695.0
643781.0
646116.0
646731.0
647002.0
647135.0
647135.0
647135.0
647135.0
647135.0
647135.0
647135.0
647135.0
647135.0
647135.0
647135.0
647135.0
475390.0
576378.0
618697.0
636233.0
643138.0
645359.0
646089.0
646495.0
646626.0
646643.0
646643.0
646643.0
646643.0
646643.0
646643.0
646643.0
646643.0
646643.0
646643.0
646643.0
469877.0
575183.0
616305.0
632605.0
638492.0
640298.0
640951.0
641062.0
641079.0
641079.0
641091.0
641091.0
641091.0
641091.0
641091.0
641091.0
641091.0
641091.0
641091.0
641091.0
468443.0
569946.0
611230.0
626945.0
632168.0
634261.0
634797.0
635001.0
635037.0
635061.0
635061.0
635061.0
635061.0
635061.0
635061.0
635061.0
635061.0
635061.0
635061.0
635061.0
474461.0
581479.0
624383.0
640404.0
646251.0
648156.0
648766.0
649009.0
649080.0
649099.0
649099.0
649099.0
649099.0
649099.0
649099.0
649099.0
649099.0
649099.0
649099.0
649099.0
476117.0
580553.0
624513.0
642049.0
648756.0
651061.0
652042.0
652383.0
652470.0
652568.0
652610.0
652610.0
652610.0
652610.0
652610.0
652610.0
652610.0
652610.0
652610.0
652610.0
476725.0
582327.0
626047.0
643748.0
650064.0
652160.0
652768.0
652935.0
652949.0
652949.0
652949.0
652949.0
652949.0
652949.0
652949.0
652949.0
652949.0
652949.0
652949.0
652949.0
474173.0
580140.0
622726.0
639876.0
646056.0
648133.0
648612.0
648661.0
648677.0
648685.0
648685.0
648685.0
648685.0
648685.0
648685.0
648685.0
648685.0
648685.0
648685.0
648685.0
472679.0
580069.0
623932.0
641379.0
648706.0
651097.0
651778.0
652000.0
652078.0
652100.0
652098.0
652098.0
652098.0
652098.0
652098.0
652098.0
652098.0
652098.0
652098.0
652098.0
477131.0
580505.0
622949.0
639258.0
645127.0
646985.0
647595.0
647802.0
647845.0
647855.0
647855.0
647855.0
647855.0
647855.0
647855.0
647855.0
647855.0
647855.0
647855.0
647855.0
478109.0
585789.0
630297.0
647703.0
654077.0
655887.0
656420.0
656625.0
656640.0
656640.0
656640.0
656640.0
656640.0
656640.0
656640.0
656640.0
656640.0
656640.0
656640.0
656640.0
480821.0
594683.0
643759.0
664136.0
672439.0
675539.0
676480.0
676804.0
676985.0
677021.0
677059.0
677090.0
677082.0
677082.0
677082.0
677082.0
677082.0
677082.0
677082.0
677082.0
472200.0
582550.0
626693.0
644009.0
650340.0
652460.0
652818.0
652972.0
653014.0
653015.0
653023.0
653023.0
653023.0
653023.0
653023.0
653023.0
653023.0
653023.0
653023.0
653023.0
473237.0
580406.0
623741.0
640881.0
647158.0
648971.0
649559.0
649748.0
649802.0
649799.0
649799.0
649799.0
649799.0
649799.0
649799.0
649799.0
649799.0
649799.0
649799.0
649799.0
475773.0
581434.0
623796.0
639956.0
645403.0
646823.0
647306.0
647407.0
647431.0
647431.0
647431.0
647431.0
647431.0
647431.0
647431.0
647431.0
647431.0
647431.0
647431.0
647431.0
471079.0
576582.0
619225.0
636797.0
642995.0
645166.0
645781.0
646052.0
646106.0
646125.0
646125.0
646125.0
646125.0
646125.0
646125.0
646125.0
646125.0
646125.0
646125.0
646125.0
476768.0
585384.0
631936.0
650239.0
657268.0
659398.0
660072.0
660295.0
660261.0
660262.0
660262.0
660262.0
660262.0
660262.0
660262.0
660262.0
660262.0
660262.0
660262.0
660262.0
468289.0
567701.0
607076.0
621087.0
625441.0
626760.0
627146.0
627227.0
627246.0
627246.0
627246.0
627246.0
627246.0
627246.0
627246.0
627246.0
627246.0
627246.0
627246.0
627246.0
474306.0
576378.0
617603.0
633554.0
638786.0
640737.0
641155.0
641252.0
641258.0
641258.0
641258.0
641258.0
641258.0
641258.0
641258.0
641258.0
641258.0
641258.0
641258.0
641258.0
469143.0
572312.0
612504.0
628097.0
633955.0
635647.0
636231.0
636465.0
636598.0
636591.0
636591.0
636591.0
636591.0
636591.0
636591.0
636591.0
636591.0
636591.0
636591.0
636591.0
474248.0
578667.0
623499.0
642014.0
649092.0
651461.0
652329.0
652587.0
652688.0
652705.0
652717.0
652702.0
652713.0
652713.0
652713.0
652713.0
652713.0
652713.0
652713.0
652713.0
476322.0
576692.0
617727.0
635000.0
641533.0
643723.0
644559.0
644903.0
644919.0
644932.0
644939.0
644939.0
644939.0
644939.0
644939.0
644939.0
644939.0
644939.0
644939.0
644939.0
474640.0
578215.0
619911.0
636505.0
642118.0
644084.0
644552.0
644715.0
644745.0
644745.0
644745.0
644745.0
644745.0
644745.0
644745.0
644745.0
644745.0
644745.0
644745.0
644745.0
472364.0
573641.0
614531.0
630008.0
635131.0
636689.0
637215.0
637313.0
637327.0
637393.0
637393.0
637393.0
637393.0
637393.0
637393.0
637393.0
637393.0
637393.0
637393.0
637393.0
470604.0
574247.0
614028.0
629440.0
634594.0
636093.0
636465.0
636567.0
636615.0
636624.0
636637.0
636637.0
636637.0
636637.0
636637.0
636637.0
636637.0
636637.0
636637.0
636637.0
471793.0
580114.0
622993.0
639871.0
645591.0
647514.0
647954.0
648014.0
648018.0
648018.0
648018.0
648018.0
648018.0
648018.0
648018.0
648018.0
648018.0
648018.0
648018.0
648018.0
475520.0
584070.0
630530.0
649561.0
656888.0
659518.0
660522.0
660671.0
660841.0
660829.0
660830.0
660830.0
660830.0
660830.0
660830.0
660830.0
660830.0
660830.0
660830.0
660830.0
467487.0
573512.0
615075.0
630167.0
635423.0
636972.0
637271.0
637414.0
637410.0
637410.0
637410.0
637410.0
637410.0
637410.0
637410.0
637410.0
637410.0
637410.0
637410.0
637410.0
469411.0
568795.0
606996.0
620786.0
625286.0
626819.0
627341.0
627613.0
627701.0
627744.0
627770.0
627770.0
627770.0
627770.0
627770.0
627770.0
627770.0
627770.0
627770.0
627770.0
475318.0
580851.0
624640.0
642474.0
648794.0
651531.0
652278.0
652544.0
652619.0
652619.0
652619.0
652619.0
652619.0
652619.0
652619.0
652619.0
652619.0
652619.0
652619.0
652619.0
471791.0
576341.0
618409.0
635145.0
641265.0
643526.0
644180.0
644434.0
644576.0
644568.0
644568.0
644568.0
644568.0
644568.0
644568.0
644568.0
644568.0
644568.0
644568.0
644568.0
479175.0
592270.0
640022.0
659167.0
666159.0
668713.0
669180.0
669409.0
669484.0
669488.0
669488.0
669488.0
669488.0
669488.0
669488.0
669488.0
669488.0
669488.0
669488.0
669488.0
472592.0
576135.0
619231.0
636400.0
642415.0
644365.0
644958.0
645256.0
645387.0
645428.0
645428.0
645428.0
645428.0
645428.0
645428.0
645428.0
645428.0
645428.0
645428.0
645428.0
475637.0
579693.0
624047.0
640975.0
647080.0
649210.0
649821.0
649981.0
650102.0
650134.0
650134.0
650134.0
650134.0
650134.0
650134.0
650134.0
650134.0
650134.0
650134.0
650134.0
470385.0
573765.0
614762.0
630960.0
636699.0
638597.0
639071.0
639263.0
639323.0
639323.0
639323.0
639323.0
639323.0
639323.0
639323.0
639323.0
639323.0
639323.0
639323.0
639323.0
472684.0
583090.0
628764.0
647028.0
653515.0
656053.0
656581.0
656774.0
656796.0
656813.0
656818.0
656818.0
656818.0
656818.0
656818.0
656818.0
656818.0
656818.0
656818.0
656818.0
475231.0
580730.0
623515.0
640133.0
646252.0
648245.0
648761.0
648859.0
648913.0
648958.0
648958.0
648958.0
648958.0
648958.0
648958.0
648958.0
648958.0
648958.0
648958.0
648958.0
471514.0
574860.0
616496.0
631663.0
637008.0
638802.0
639372.0
639534.0
639555.0
639564.0
639564.0
639564.0
639564.0
639564.0
639564.0
639564.0
639564.0
639564.0
639564.0
639564.0
475025.0
571004.0
609327.0
623170.0
627993.0
629422.0
629970.0
629996.0
630021.0
630035.0
630035.0
630035.0
630035.0
630035.0
630035.0
630035.0
630035.0
630035.0
630035.0
630035.0
475059.0
580355.0
623883.0
642424.0
649195.0
651465.0
652164.0
652432.0
652427.0
652427.0
652427.0
652427.0
652427.0
652427.0
652427.0
652427.0
652427.0
652427.0
652427.0
652427.0
474350.0
579829.0
624533.0
642331.0
648809.0
650787.0
651231.0
651325.0
651349.0
651366.0
651366.0
651366.0
651366.0
651366.0
651366.0
651366.0
651366.0
651366.0
651366.0
651366.0
467690.0
568147.0
607410.0
622658.0
628134.0
629580.0
629919.0
630017.0
630023.0
630037.0
630037.0
630037.0
630037.0
630037.0
630037.0
630037.0
630037.0
630037.0
630037.0
630037.0
472067.0
572083.0
611069.0
625048.0
630062.0
631270.0
631655.0
631724.0
631739.0
631771.0
631771.0
631771.0
631771.0
631771.0
631771.0
631771.0
631771.0
631771.0
631771.0
631771.0
470321.0
575195.0
618167.0
635636.0
641872.0
644020.0
644633.0
644827.0
644818.0
644818.0
644818.0
644818.0
644818.0
644818.0
644818.0
644818.0
644818.0
644818.0
644818.0
644818.0
475919.0
580019.0
622712.0
640107.0
646935.0
649366.0
650047.0
650235.0
650334.0
650345.0
650345.0
650345.0
650345.0
650345.0
650345.0
650345.0
650345.0
650345.0
650345.0
650345.0
477327.0
585222.0
631297.0
650085.0
656423.0
658731.0
659341.0
659565.0
659611.0
659631.0
659631.0
659631.0
659631.0
659631.0
659631.0
659631.0
659631.0
659631.0
659631.0
659631.0
477102.0
586307.0
632408.0
651513.0
658814.0
661079.0
661797.0
661930.0
662018.0
662019.0
662019.0
662019.0
662019.0
662019.0
662019.0
662019.0
662019.0
662019.0
662019.0
662019.0
471697.0
580429.0
623110.0
640199.0
646084.0
648152.0
648749.0
648896.0
648934.0
648934.0
648934.0
648934.0
648934.0
648934.0
648934.0
648934.0
648934.0
648934.0
648934.0
648934.0
478251.0
587319.0
633572.0
653092.0
660765.0
663066.0
664124.0
664246.0
664342.0
664348.0
664348.0
664348.0
664348.0
664348.0
664348.0
664348.0
664348.0
664348.0
664348.0
664348.0
473452.0
580204.0
622076.0
637660.0
642762.0
644223.0
644676.0
644770.0
644786.0
644800.0
644800.0
644800.0
644800.0
644800.0
644800.0
644800.0
644800.0
644800.0
644800.0
644800.0
470349.0
573681.0
614427.0
629030.0
633845.0
635373.0
635931.0
636008.0
636062.0
636123.0
636148.0
636163.0
636163.0
636163.0
636163.0
636163.0
636163.0
636163.0
636163.0
636163.0
471306.0
575760.0
618538.0
635052.0
641032.0
642982.0
643747.0
643946.0
644052.0
644050.0
644063.0
644063.0
644063.0
644063.0
644063.0
644063.0
644063.0
644063.0
644063.0
644063.0
475438.0
591081.0
640186.0
659948.0
667975.0
670438.0
670904.0
671030.0
671075.0
671073.0
671073.0
671073.0
671073.0
671073.0
671073.0
671073.0
671073.0
671073.0
671073.0
671073.0
470552.0
570289.0
609144.0
623673.0
628048.0
629449.0
629765.0
629849.0
629894.0
629894.0
629894.0
629894.0
629894.0
629894.0
629894.0
629894.0
629894.0
629894.0
629894.0
629894.0
471740.0
575371.0
618604.0
635280.0
642122.0
644374.0
644788.0
644867.0
644957.0
644957.0
644957.0
644957.0
644957.0
644957.0
644957.0
644957.0
644957.0
644957.0
644957.0
644957.0
471158.0
575899.0
617506.0
633054.0
638673.0
640196.0
640651.0
640811.0
640822.0
640822.0
640822.0
640822.0
640822.0
640822.0
640822.0
640822.0
640822.0
640822.0
640822.0
640822.0
472883.0
583099.0
629325.0
648143.0
655088.0
657366.0
658073.0
658375.0
658413.0
658435.0
658435.0
658435.0
658435.0
658435.0
658435.0
658435.0
658435.0
658435.0
658435.0
658435.0
472734.0
577187.0
619409.0
636482.0
642419.0
644351.0
644790.0
645045.0
645092.0
645101.0
645101.0
645101.0
645101.0
645101.0
645101.0
645101.0
645101.0
645101.0
645101.0
645101.0
477556.0
583698.0
626335.0
643548.0
649021.0
650886.0
651356.0
651440.0
651455.0
651455.0
651455.0
651455.0
651455.0
651455.0
651455.0
651455.0
651455.0
651455.0
651455.0
651455.0
472586.0
575486.0
617098.0
633346.0
639166.0
640609.0
641021.0
641229.0
641254.0
641261.0
641261.0
641261.0
641261.0
641261.0
641261.0
641261.0
641261.0
641261.0
641261.0
641261.0
473546.0
584257.0
629386.0
647713.0
654121.0
656276.0
657000.0
657164.0
657218.0
657224.0
657231.0
657231.0
657231.0
657231.0
657231.0
657231.0
657231.0
657231.0
657231.0
657231.0
473409.0
580332.0
624571.0
642062.0
648862.0
650857.0
651534.0
651789.0
651907.0
651915.0
651927.0
651927.0
651927.0
651927.0
651927.0
651927.0
651927.0
651927.0
651927.0
651927.0
472279.0
576041.0
619798.0
636953.0
643265.0
645519.0
646208.0
646448.0
646541.0
646600.0
646656.0
646648.0
646648.0
646648.0
646648.0
646648.0
646648.0
646648.0
646648.0
646648.0
476046.0
577465.0
618737.0
635191.0
641435.0
643065.0
643504.0
643597.0
643651.0
643670.0
643670.0
643670.0
643670.0
643670.0
643670.0
643670.0
643670.0
643670.0
643670.0
643670.0
472701.0
579479.0
623290.0
640228.0
645877.0
647497.0
648074.0
648190.0
648235.0
648228.0
648228.0
648228.0
648228.0
648228.0
648228.0
648228.0
648228.0
648228.0
648228.0
648228.0
478431.0
587746.0
634052.0
653219.0
660295.0
662492.0
663088.0
663298.0
663315.0
663312.0
663312.0
663312.0
663312.0
663312.0
663312.0
663312.0
663312.0
663312.0
663312.0
663312.0
