476201
657910
742748
785918
807533
817512
822011
823474
823847
824026
824026
824026
824026
824026
824026
824026
824026
824026
824026
824026
473295
653308
736443
777220
797448
806498
810542
812124
812282
812334
812334
812334
812334
812334
812334
812334
812334
812334
812334
812334
471136
652492
735693
777374
798218
808928
813407
814591
814895
814957
814984
814984
814984
814984
814984
814984
814984
814984
814984
814984
475430
658119
743890
788144
810857
820832
824345
825346
825625
825625
825625
825625
825625
825625
825625
825625
825625
825625
825625
825625
474390
657845
741927
783856
804817
815193
819611
820872
821287
821434
821434
821434
821434
821434
821434
821434
821434
821434
821434
821434
474541
657530
742410
785462
807400
818117
823236
825404
826244
826584
826584
826584
826584
826584
826584
826584
826584
826584
826584
826584
476821
658902
744978
789049
811248
822408
827421
828932
829723
829955
830053
830053
830053
830053
830053
830053
830053
830053
830053
830053
471207
659412
745150
788699
810943
821460
826251
827722
828025
828025
828025
828025
828025
828025
828025
828025
828025
828025
828025
828025
477605
665476
753656
799330
822614
832931
836769
838530
838962
839028
839028
839028
839028
839028
839028
839028
839028
839028
839028
839028
475499
663731
751686
795489
817441
826604
830820
832546
833252
833391
833391
833391
833391
833391
833391
833391
833391
833391
833391
833391
477336
667029
756933
803002
825343
835751
839771
841194
841825
842086
842086
842086
842086
842086
842086
842086
842086
842086
842086
842086
473673
648996
729682
770008
788978
796836
800192
801455
801856
802138
802138
802138
802138
802138
802138
802138
802138
802138
802138
802138
469305
651851
735439
777041
798070
808417
812745
814392
815336
815461
815461
815461
815461
815461
815461
815461
815461
815461
815461
815461
474505
655505
737540
776836
796131
805525
808915
810384
810604
810604
810604
810604
810604
810604
810604
810604
810604
810604
810604
810604
472913
651228
733068
774639
794137
803026
806993
808385
808843
808843
808843
808843
808843
808843
808843
808843
808843
808843
808843
808843
476955
663732
752311
797425
819902
830972
835966
838110
838566
838686
838686
838686
838686
838686
838686
838686
838686
838686
838686
838686
476813
661027
748618
792908
814844
825778
830742
832256
832984
832984
832984
832984
832984
832984
832984
832984
832984
832984
832984
832984
478733
661369
749843
796485
820988
833110
838941
841109
841715
842011
842058
842118
842118
842118
842118
842118
842118
842118
842118
842118
475701
657184
742678
785960
807518
818086
822959
824797
825089
825154
825154
825154
825154
825154
825154
825154
825154
825154
825154
825154
473596
655765
740204
782819
803550
813289
817763
819438
819753
819828
819828
819828
819828
819828
819828
819828
819828
819828
819828
819828
471204
650278
731926
773229
795067
805201
810226
812218
812841
812976
812976
812976
812976
812976
812976
812976
812976
812976
812976
812976
471297
653884
738562
780288
800091
808815
811955
812826
813060
813060
813060
813060
813060
813060
813060
813060
813060
813060
813060
813060
472776
656747
741837
784511
805352
815357
819327
820950
821488
821661
821661
821661
821661
821661
821661
821661
821661
821661
821661
821661
472793
651900
732823
772059
790749
799398
802051
802806
803045
803093
803093
803093
803093
803093
803093
803093
803093
803093
803093
803093
475054
654859
736768
777413
797250
806693
810472
811876
812116
812195
812195
812195
812195
812195
812195
812195
812195
812195
812195
812195
475751
663447
751032
794706
816533
826742
831441
833667
834196
834196
834196
834196
834196
834196
834196
834196
834196
834196
834196
834196
471772
654464
737383
776800
795571
803345
806291
806726
806770
806770
806770
806770
806770
806770
806770
806770
806770
806770
806770
806770
476686
655397
737647
778262
798208
807512
811295
812837
813453
813555
813555
813555
813555
813555
813555
813555
813555
813555
813555
813555
473215
648294
730460
772021
792945
803421
808123
810210
811243
811431
811603
811711
811711
811711
811711
811711
811711
811711
811711
811711
477961
660095
745218
789024
811813
822378
827283
828756
829313
829349
829349
829349
829349
829349
829349
829349
829349
829349
829349
829349
473926
650353
734063
775853
796551
806650
810725
811578
811850
811992
811992
811992
811992
811992
811992
811992
811992
811992
811992
811992
473059
657997
745446
789247
811841
823588
829155
831113
831816
832247
832548
832702
832702
832702
832702
832702
832702
832702
832702
832702
473872
649953
730685
769656
788756
797477
801060
802685
802930
803016
803016
803016
803016
803016
803016
803016
803016
803016
803016
803016
474130
652325
733982
774380
793521
802738
806343
807495
807921
808067
808204
808336
808433
808433
808433
808433
808433
808433
808433
808433
465124
638997
713775
748770
764658
771812
773999
774843
775115
775115
775115
775115
775115
775115
775115
775115
775115
775115
775115
775115
471853
649275
729342
769384
789573
799035
802813
803948
804243
804276
804276
804276
804276
804276
804276
804276
804276
804276
804276
804276
472145
649238
731525
771896
791290
800789
805144
806706
807207
807341
807468
807468
807468
807468
807468
807468
807468
807468
807468
807468
474021
658861
746812
791007
813009
823271
827472
829055
829713
830029
830029
830029
830029
830029
830029
830029
830029
830029
830029
830029
476662
660563
745209
785987
805800
813654
816733
817932
818120
818209
818209
818209
818209
818209
818209
818209
818209
818209
818209
818209
472601
654308
740633
784653
805897
816018
820083
821669
822090
822351
822420
822420
822420
822420
822420
822420
822420
822420
822420
822420
473393
654026
738636
781815
803542
814249
818121
819569
820104
820341
820460
820460
820460
820460
820460
820460
820460
820460
820460
820460
477890
664836
752987
797451
819911
830271
833885
834929
835078
835078
835078
835078
835078
835078
835078
835078
835078
835078
835078
835078
475699
657167
740403
781771
802666
812578
816896
818484
819134
819157
819157
819157
819157
819157
819157
819157
819157
819157
819157
819157
475517
655545
740621
783365
805386
816130
820595
821870
822079
822079
822079
822079
822079
822079
822079
822079
822079
822079
822079
822079
473306
647011
727529
767897
787999
797271
800899
802050
802440
802619
802622
802622
802622
802622
802622
802622
802622
802622
802622
802622
474918
660012
746946
790608
811437
820932
824981
826817
827295
827388
827388
827388
827388
827388
827388
827388
827388
827388
827388
827388
477358
664620
750713
793742
815727
826079
829746
831297
831779
831779
831779
831779
831779
831779
831779
831779
831779
831779
831779
831779
468603
642621
722573
762771
783360
792971
797437
799916
800839
801154
801237
801237
801237
801237
801237
801237
801237
801237
801237
801237
476611
660121
748670
794353
817539
828729
833907
835724
836154
836154
836154
836154
836154
836154
836154
836154
836154
836154
836154
836154
472334
652120
734640
775563
795927
805356
808687
810148
810874
811153
811153
811153
811153
811153
811153
811153
811153
811153
811153
811153
470193
646186
726360
765912
785935
795490
799958
801744
802612
802687
802687
802687
802687
802687
802687
802687
802687
802687
802687
802687
477200
663083
750722
795669
818149
829300
834154
835942
836585
836746
836746
836746
836746
836746
836746
836746
836746
836746
836746
836746
469960
651649
733439
774861
794991
804791
808424
809769
809957
809957
809957
809957
809957
809957
809957
809957
809957
809957
809957
809957
468465
645437
724342
761960
780187
788133
791839
793717
794475
794760
794883
795053
795053
795053
795053
795053
795053
795053
795053
795053
466993
643659
723547
762752
782067
790795
794310
795123
795467
795467
795467
795467
795467
795467
795467
795467
795467
795467
795467
795467
473479
654650
738696
781731
802909
813334
817982
819509
819963
820033
820033
820033
820033
820033
820033
820033
820033
820033
820033
820033
468124
643350
722743
761127
779438
787481
790294
791036
791401
791505
791505
791505
791505
791505
791505
791505
791505
791505
791505
791505
478800
668140
757600
803488
827740
839877
844828
846342
846608
846608
846608
846608
846608
846608
846608
846608
846608
846608
846608
846608
471905
651025
731647
770604
789152
797046
800130
801057
801262
801262
801262
801262
801262
801262
801262
801262
801262
801262
801262
801262
477232
664526
750429
792599
813394
823193
827636
829075
829827
829995
830090
830090
830090
830090
830090
830090
830090
830090
830090
830090
477699
670820
762785
810016
834238
845526
850335
851935
852143
852143
852143
852143
852143
852143
852143
852143
852143
852143
852143
852143
476048
659270
748120
794131
818178
830293
835286
837260
838164
838651
838863
839005
839102
839102
839102
839102
839102
839102
839102
839102
474394
652677
734122
774601
794606
803808
807732
808935
809209
809209
809209
809209
809209
809209
809209
809209
809209
809209
809209
809209
469197
649667
732948
774775
795307
805497
809967
811762
812600
812652
812652
812652
812652
812652
812652
812652
812652
812652
812652
812652
471323
648649
731479
774025
796069
806744
811591
812991
813417
813545
813664
813664
813664
813664
813664
813664
813664
813664
813664
813664
472096
655258
738180
778994
799546
808667
812660
814179
814737
814883
814883
814883
814883
814883
814883
814883
814883
814883
814883
814883
476349
665933
755560
800607
822649
833622
838535
840590
841208
841252
841252
841252
841252
841252
841252
841252
841252
841252
841252
841252
470857
643240
721342
760165
779167
787620
791065
792029
792471
792716
792843
792974
792974
792974
792974
792974
792974
792974
792974
792974
475597
649198
728235
766817
784811
793301
796434
797233
797585
797585
797585
797585
797585
797585
797585
797585
797585
797585
797585
797585
473274
661700
747967
791597
813370
823391
828630
830925
831663
831876
831992
832074
832074
832074
832074
832074
832074
832074
832074
832074
473917
651566
733871
775128
794773
803444
807052
808522
809037
809088
809088
809088
809088
809088
809088
809088
809088
809088
809088
809088
473389
652850
738176
781391
803332
813528
817752
819342
819563
819563
819563
819563
819563
819563
819563
819563
819563
819563
819563
819563
469316
649980
732754
772923
792584
801134
803938
804966
805209
805314
805314
805314
805314
805314
805314
805314
805314
805314
805314
805314
474288
649476
730332
770085
789205
798817
802282
803915
804269
804310
804310
804310
804310
804310
804310
804310
804310
804310
804310
804310
472348
653920
737770
778952
798789
807933
811288
812521
812946
813061
813061
813061
813061
813061
813061
813061
813061
813061
813061
813061
471251
655134
738819
780535
800720
810356
813814
814965
815200
815327
815397
815397
815397
815397
815397
815397
815397
815397
815397
815397
479102
666682
756432
802731
825903
837336
841490
842900
843198
843198
843198
843198
843198
843198
843198
843198
843198
843198
843198
843198
472789
650567
731806
772826
793564
803667
808228
809685
810377
810506
810506
810506
810506
810506
810506
810506
810506
810506
810506
810506
476556
657844
743264
784125
804244
813412
817431
818698
819000
819000
819000
819000
819000
819000
819000
819000
819000
819000
819000
819000
481892
668378
756917
802048
825357
837307
842734
844728
845103
845264
845264
845264
845264
845264
845264
845264
845264
845264
845264
845264
475832
662956
750251
794783
817612
828997
834419
836556
836969
837275
837275
837275
837275
837275
837275
837275
837275
837275
837275
837275
479194
670327
760953
807108
831196
842661
847701
849446
850024
850091
850091
850091
850091
850091
850091
850091
850091
850091
850091
850091
471910
661819
749113
793697
816756
828088
832952
835089
835450
835596
835710
835710
835710
835710
835710
835710
835710
835710
835710
835710
477956
662458
749421
792835
814549
824466
828968
831126
832163
832647
832886
833003
833096
833096
833096
833096
833096
833096
833096
833096
475358
669177
760475
808202
833184
845265
850722
853401
854301
854467
854534
854534
854534
854534
854534
854534
854534
854534
854534
854534
472749
654250
739382
782454
803809
814277
818045
818877
819116
819132
819132
819132
819132
819132
819132
819132
819132
819132
819132
819132
479566
661762
748335
793154
815782
826896
831673
833688
834312
834389
834448
834448
834448
834448
834448
834448
834448
834448
834448
834448
477453
660463
746072
789611
812098
822389
826493
828192
828925
829153
829153
829153
829153
829153
829153
829153
829153
829153
829153
829153
472285
652153
734802
776687
796861
806163
809710
810833
811001
811001
811001
811001
811001
811001
811001
811001
811001
811001
811001
811001
472514
648836
732516
775057
796068
805615
808842
809959
810147
810147
810147
810147
810147
810147
810147
810147
810147
810147
810147
810147
474236
660118
745204
786401
806348
815150
818977
820365
820579
820579
820579
820579
820579
820579
820579
820579
820579
820579
820579
820579
472503
653483
738086
780637
801199
811268
815529
816990
817264
817351
817351
817351
817351
817351
817351
817351
817351
817351
817351
817351
476296
660311
745766
788127
808408
818431
822930
824749
825166
825166
825166
825166
825166
825166
825166
825166
825166
825166
825166
825166
475151
656153
739613
781194
801037
810183
813718
814492
814557
814557
814557
814557
814557
814557
814557
814557
814557
814557
814557
814557
476363
658353
743767
788053
810593
822256
827354
828952
829064
829099
829099
829099
829099
829099
829099
829099
829099
829099
829099
829099
473740
652472
734729
776347
796319
806027
810582
812779
813418
813673
813818
813818
813818
813818
813818
813818
813818
813818
813818
813818
475771
666739
757085
803120
826143
837370
842187
844164
844921
845123
845123
845123
845123
845123
845123
845123
845123
845123
845123
845123
480759
663586
748795
791736
812682
822418
825924
827233
827763
827763
827763
827763
827763
827763
827763
827763
827763
827763
827763
827763
470904
651203
735439
776787
796839
805533
808780
809867
810100
810191
810191
810191
810191
810191
810191
810191
810191
810191
810191
810191
470964
648781
730598
771063
791378
799858
803602
804968
805373
805466
805466
805466
805466
805466
805466
805466
805466
805466
805466
805466
478168
665100
753994
799805
823003
834673
839830
841783
842349
842349
842349
842349
842349
842349
842349
842349
842349
842349
842349
842349
471192
645687
725385
764627
783757
792426
796541
797602
797971
797971
797971
797971
797971
797971
797971
797971
797971
797971
797971
797971
473707
658243
744161
787549
808946
818966
823353
825245
825778
825864
825864
825864
825864
825864
825864
825864
825864
825864
825864
825864
471160
648674
729268
769266
788086
796809
800133
801233
801412
801412
801412
801412
801412
801412
801412
801412
801412
801412
801412
801412
475578
657693
743853
787762
809730
820408
825909
828391
828876
828931
828931
828931
828931
828931
828931
828931
828931
828931
828931
828931
472625
656431
741746
785847
808514
819597
824155
826132
826570
826570
826570
826570
826570
826570
826570
826570
826570
826570
826570
826570
473323
652716
737154
779046
799537
809086
813495
814777
815128
815128
815128
815128
815128
815128
815128
815128
815128
815128
815128
815128
473159
655812
739277
780364
800658
809729
813515
814964
815356
815356
815356
815356
815356
815356
815356
815356
815356
815356
815356
815356
469529
643333
724904
765700
786231
795679
799333
800707
801151
801265
801355
801355
801355
801355
801355
801355
801355
801355
801355
801355
475062
660142
744359
786402
806743
816064
819399
820613
820924
821067
821107
821151
821151
821151
821151
821151
821151
821151
821151
821151
470262
648265
728909
770210
791113
800700
804020
804795
804995
804995
804995
804995
804995
804995
804995
804995
804995
804995
804995
804995
475921
656610
740446
782466
803655
813580
817474
818976
819326
819452
819580
819580
819580
819580
819580
819580
819580
819580
819580
819580
477645
662570
750021
795386
818437
829706
834633
836331
836621
836719
836805
836805
836805
836805
836805
836805
836805
836805
836805
836805
471566
655999
742836
787191
809870
820891
824855
826742
827173
827266
827266
827266
827266
827266
827266
827266
827266
827266
827266
827266
477525
661356
748096
792684
815385
826524
831735
833779
834634
834764
834764
834764
834764
834764
834764
834764
834764
834764
834764
834764
470213
649608
731231
771866
791015
800331
804177
805440
805997
805997
805997
805997
805997
805997
805997
805997
805997
805997
805997
805997
474128
659212
744623
787760
809378
819414
824123
825412
825726
825855
825951
825951
825951
825951
825951
825951
825951
825951
825951
825951
479280
665241
755126
802981
827883
840218
845796
848597
849470
849538
849538
849538
849538
849538
849538
849538
849538
849538
849538
849538
477639
664760
754598
800065
823290
835060
840048
842705
843324
843465
843465
843465
843465
843465
843465
843465
843465
843465
843465
843465
473103
656131
741390
784503
805240
815175
819369
821225
821809
821910
821910
821910
821910
821910
821910
821910
821910
821910
821910
821910
476979
666978
756050
801408
824178
835215
839710
841155
841495
841559
841559
841559
841559
841559
841559
841559
841559
841559
841559
841559
472505
661036
749003
794243
817462
829112
834459
836671
837286
837619
837945
837945
837945
837945
837945
837945
837945
837945
837945
837945
476173
654564
738464
780615
801030
810727
814275
815337
815385
815385
815385
815385
815385
815385
815385
815385
815385
815385
815385
815385
472978
658063
744940
788167
809457
818841
822323
823735
824205
824388
824458
824458
824458
824458
824458
824458
824458
824458
824458
824458
478393
670065
759904
805980
829055
840036
844484
845809
845919
845919
845919
845919
845919
845919
845919
845919
845919
845919
845919
845919
474399
656349
740789
784865
806878
818065
822505
823842
824180
824212
824212
824212
824212
824212
824212
824212
824212
824212
824212
824212
471802
646143
728142
770221
790594
800316
803803
804786
804947
804947
804947
804947
804947
804947
804947
804947
804947
804947
804947
804947
473361
643609
721835
760815
779342
787502
790164
790982
790982
790982
790982
790982
790982
790982
790982
790982
790982
790982
790982
790982
477978
657093
737883
777833
797890
807907
811503
812687
812964
812964
812964
812964
812964
812964
812964
812964
812964
812964
812964
812964
475545
660124
747841
792951
815807
826545
831449
832922
833252
833252
833252
833252
833252
833252
833252
833252
833252
833252
833252
833252
477151
667010
754614
797861
818729
827349
831226
832338
832733
832852
832852
832852
832852
832852
832852
832852
832852
832852
832852
832852
473116
653208
736811
778175
798432
807812
812294
814030
814362
814452
814452
814452
814452
814452
814452
814452
814452
814452
814452
814452
469657
647798
729534
770065
789980
799031
802623
804181
804847
804939
805061
805061
805061
805061
805061
805061
805061
805061
805061
805061
468940
644025
724635
765313
784606
793420
796973
798514
798769
798891
798891
798891
798891
798891
798891
798891
798891
798891
798891
798891
473466
654960
737673
780157
801023
811492
815701
817460
817935
817935
817935
817935
817935
817935
817935
817935
817935
817935
817935
817935
475390
651756
734995
777803
799684
810463
815781
818129
818762
818837
818837
818837
818837
818837
818837
818837
818837
818837
818837
818837
469877
650073
730893
770889
790052
799080
803203
804196
804429
804499
804571
804571
804571
804571
804571
804571
804571
804571
804571
804571
468443
645542
726718
766669
786562
795871
799381
800593
801087
801149
801149
801149
801149
801149
801149
801149
801149
801149
801149
801149
474461
657885
741523
782318
802693
812460
816884
818437
818898
819047
819047
819047
819047
819047
819047
819047
819047
819047
819047
819047
476117
657267
741453
785273
808574
820237
826014
828519
829122
829540
829732
829732
829732
829732
829732
829732
829732
829732
829732
829732
476725
658213
742725
785404
806884
816994
820972
822631
823127
823127
823127
823127
823127
823127
823127
823127
823127
823127
823127
823127
474173
657090
742000
784280
805512
815457
819114
819915
820161
820263
820263
820263
820263
820263
820263
820263
820263
820263
820263
820263
472679
656529
742390
785815
808438
819779
824810
826626
827182
827322
827380
827380
827380
827380
827380
827380
827380
827380
827380
827380
477131
656167
740037
782128
802381
811589
815543
817120
817759
817791
817791
817791
817791
817791
817791
817791
817791
817791
817791
817791
478109
663005
749495
792923
815549
826547
830492
832077
832656
832656
832656
832656
832656
832656
832656
832656
832656
832656
832656
832656
480821
672091
764043
811866
836989
849107
854080
856382
857561
858093
858363
858468
858558
858558
858558
858558
858558
858558
858558
858558
472200
659754
745251
787771
808892
818270
822052
823368
823700
823701
823715
823715
823715
823715
823715
823715
823715
823715
823715
823715
473237
654546
738033
780145
801124
810839
814157
815168
815480
815583
815625
815625
815625
815625
815625
815625
815625
815625
815625
815625
475773
656736
739494
779896
799327
807387
810754
811911
812037
812037
812037
812037
812037
812037
812037
812037
812037
812037
812037
812037
471079
652520
737047
780779
803025
813770
818207
819832
820170
820369
820369
820369
820369
820369
820369
820369
820369
820369
820369
820369
476768
662692
750520
795385
817926
828716
833248
834951
835351
835352
835352
835352
835352
835352
835352
835352
835352
835352
835352
835352
468289
641673
720078
757309
775185
783314
786066
787097
787206
787206
787206
787206
787206
787206
787206
787206
787206
787206
787206
787206
474306
652494
733833
774588
794398
803575
807325
808340
808542
808542
808542
808542
808542
808542
808542
808542
808542
808542
808542
808542
469143
645738
726276
766455
786293
795649
799759
801557
802058
802137
802137
802137
802137
802137
802137
802137
802137
802137
802137
802137
474248
654817
741355
786234
809630
820723
825687
827353
827854
828031
828077
828148
828197
828197
828197
828197
828197
828197
828197
828197
476322
652434
734381
776362
798349
808553
813239
815453
816265
816356
816433
816433
816433
816433
816433
816433
816433
816433
816433
816433
474640
652097
733775
774571
794284
803286
807016
808257
808473
808473
808473
808473
808473
808473
808473
808473
808473
808473
808473
808473
472364
648843
730351
770662
790047
799589
803517
804275
804847
805145
805145
805145
805145
805145
805145
805145
805145
805145
805145
805145
470604
650417
731894
771888
791930
801043
804679
805839
806271
806350
806433
806433
806433
806433
806433
806433
806433
806433
806433
806433
471793
656332
741033
783405
803215
813112
816966
817738
817926
817926
817926
817926
817926
817926
817926
817926
817926
817926
817926
817926
475520
657856
745546
790485
813716
825380
830798
832723
833701
833973
833974
833974
833974
833974
833974
833974
833974
833974
833974
833974
467487
646414
727271
766247
784665
792592
795801
796868
797238
797238
797238
797238
797238
797238
797238
797238
797238
797238
797238
797238
469411
641945
719542
756672
773520
781281
784201
785401
785869
786200
786304
786304
786304
786304
786304
786304
786304
786304
786304
786304
475318
656303
739998
782790
804426
815293
820774
822660
823327
823327
823327
823327
823327
823327
823327
823327
823327
823327
823327
823327
471791
652445
735283
776739
797335
807538
812094
813940
814778
814906
814906
814906
814906
814906
814906
814906
814906
814906
814906
814906
479175
671516
760898
807065
830705
842121
846664
848225
848764
848802
848802
848802
848802
848802
848802
848802
848802
848802
848802
848802
472592
652947
736899
779838
800873
810909
815226
817068
817589
817834
817834
817834
817834
817834
817834
817834
817834
817834
817834
817834
475637
655247
740285
783803
805680
815202
819379
820865
821484
821670
821670
821670
821670
821670
821670
821670
821670
821670
821670
821670
470385
647531
727926
767268
787019
796033
799933
801209
801703
801703
801703
801703
801703
801703
801703
801703
801703
801703
801703
801703
472684
658820
745802
789364
811477
821687
825751
827158
827740
827871
827980
827980
827980
827980
827980
827980
827980
827980
827980
827980
475231
660324
745619
788423
809832
820045
824203
825043
825311
825416
825416
825416
825416
825416
825416
825416
825416
825416
825416
825416
471514
651074
733650
773529
793050
801984
805940
807368
807703
807806
807806
807806
807806
807806
807806
807806
807806
807806
807806
807806
475025
644124
721799
760152
779279
787856
791504
792572
792721
792763
792763
792763
792763
792763
792763
792763
792763
792763
792763
792763
475059
657543
743423
788024
809665
820913
825872
827766
827969
827969
827969
827969
827969
827969
827969
827969
827969
827969
827969
827969
474350
657693
744235
788469
810709
821331
825525
826565
826767
826854
826854
826854
826854
826854
826854
826854
826854
826854
826854
826854
467690
642557
721044
759930
779454
787480
790497
791507
791705
791749
791749
791749
791749
791749
791749
791749
791749
791749
791749
791749
472067
645035
723637
761594
779990
788416
791197
792178
792469
792579
792579
792579
792579
792579
792579
792579
792579
792579
792579
792579
470321
650765
735325
778180
799438
809632
814283
815915
816004
816004
816004
816004
816004
816004
816004
816004
816004
816004
816004
816004
475919
655805
739664
781509
803111
814136
818883
820339
820828
820869
820869
820869
820869
820869
820869
820869
820869
820869
820869
820869
477327
663928
752013
796861
818389
828797
833475
835267
835579
835685
835685
835685
835685
835685
835685
835685
835685
835685
835685
835685
477102
665655
754874
800793
824360
835791
840383
841750
842294
842339
842339
842339
842339
842339
842339
842339
842339
842339
842339
842339
471697
655941
739632
781163
801954
812106
816163
817474
817758
817758
817758
817758
817758
817758
817758
817758
817758
817758
817758
817758
478251
665419
753754
799318
821805
832956
838074
839678
840306
840356
840356
840356
840356
840356
840356
840356
840356
840356
840356
840356
473452
656494
738206
778206
797322
805733
808346
809090
809312
809428
809428
809428
809428
809428
809428
809428
809428
809428
809428
809428
470349
646423
725463
762808
780505
789001
792331
793458
793804
794147
794232
794349
794349
794349
794349
794349
794349
794349
794349
794349
471306
650368
732758
773406
793282
802794
807109
808794
809762
810054
810117
810117
810117
810117
810117
810117
810117
810117
810117
810117
475438
669515
762616
810448
835159
846470
850852
852450
852813
852841
852841
852841
852841
852841
852841
852841
852841
852841
852841
852841
470552
644051
723110
762163
780716
788903
792063
793549
793870
793870
793870
793870
793870
793870
793870
793870
793870
793870
793870
793870
471740
653813
738754
782064
803900
814346
818114
819371
819833
819833
819833
819833
819833
819833
819833
819833
819833
819833
819833
819833
471158
650361
732646
773386
793383
802146
805521
806941
807096
807096
807096
807096
807096
807096
807096
807096
807096
807096
807096
807096
472883
660953
750125
795939
819108
830136
835405
837571
837953
838083
838083
838083
838083
838083
838083
838083
838083
838083
838083
838083
472734
653115
737923
781106
802691
812605
816200
817589
818308
818513
818513
818513
818513
818513
818513
818513
818513
818513
818513
818513
477556
659734
744103
786608
807217
817006
820608
821754
821901
821901
821901
821901
821901
821901
821901
821901
821901
821901
821901
821901
472586
650028
733872
775176
795612
804111
808113
809243
809648
809775
809775
809775
809775
809775
809775
809775
809775
809775
809775
809775
473546
661869
748992
793695
815213
825694
830380
832220
832692
832926
832991
832991
832991
832991
832991
832991
832991
832991
832991
832991
473409
657742
743221
786396
808482
818763
823552
825583
826169
826277
826343
826343
826343
826343
826343
826343
826343
826343
826343
826343
472279
652561
738340
781395
802815
813793
818040
819688
820155
820514
820750
820866
820866
820866
820866
820866
820866
820866
820866
820866
476046
652479
735113
776807
797711
807163
810428
811447
811795
812012
812012
812012
812012
812012
812012
812012
812012
812012
812012
812012
472701
656337
741514
783662
804625
814721
818724
819704
820005
820126
820126
820126
820126
820126
820126
820126
820126
820126
820126
820126
478431
665240
753266
798717
821333
832128
836362
838220
838707
838740
838740
838740
838740
838740
838740
838740
838740
838740
838740
838740
