3603430
6433780
8562830
10054310
11062650
11707200
12097640
12320750
12446970
12510370
12540090
12554990
12562830
12566480
12568560
12569270
12569380
12569440
12569470
12569480
12569480
12569480
12569480
12569480
12569480
12569480
12569480
12569480
12569480
12569480
12569480
12569480
12569480
12569480
12569480
12569480
12569480
12569480
12569480
12569480
3582160
6360540
8401500
9812690
10749720
11321200
11661290
11866750
11982840
12049070
12086720
12103350
12110310
12115080
12116960
12118580
12120170
12121650
12122680
12123620
12124120
12124660
12124660
12124660
12124660
12124660
12124660
12124660
12124660
12124660
12124660
12124660
12124660
12124660
12124660
12124660
12124660
12124660
12124660
12124660
3495140
6221270
8251430
9675490
10638120
11239190
11597410
11817550
11947560
12018820
12057130
12076320
12086230
12090030
12091410
12092100
12092160
12092180
12092190
12092190
12092190
12092190
12092190
12092190
12092190
12092190
12092190
12092190
12092190
12092190
12092190
12092190
12092190
12092190
12092190
12092190
12092190
12092190
12092190
12092190
3561640
6303560
8297150
9672210
10560110
11116680
11446330
11639040
11749400
11809660
11840250
11856550
11863580
11869390
11872240
11873420
11873580
11873680
11873750
11873770
11873770
11873770
11873770
11873770
11873770
11873770
11873770
11873770
11873770
11873770
11873770
11873770
11873770
11873770
11873770
11873770
11873770
11873770
11873770
11873770
3575190
6391470
8520920
10008480
11004910
11669830
12081320
12326000
12459190
12535710
12579940
12602870
12613070
12616840
12618000
12618890
12619650
12620240
12620290
12620310
12620320
12620320
12620320
12620320
12620320
12620320
12620320
12620320
12620320
12620320
12620320
12620320
12620320
12620320
12620320
12620320
12620320
12620320
12620320
12620320
3754290
6697910
8865170
10338310
11284960
11852850
12175040
12352050
12443200
12488260
12514520
12525250
12529500
12531670
12533000
12533730
12534330
12534370
12534390
12534410
12534410
12534410
12534410
12534410
12534410
12534410
12534410
12534410
12534410
12534410
12534410
12534410
12534410
12534410
12534410
12534410
12534410
12534410
12534410
12534410
3567440
6335150
8387800
9828960
10766230
11353340
11698350
11898610
12012960
12079650
12118840
12139960
12152080
12157460
12160250
12161060
12161240
12161370
12161450
12161490
12161500
12161510
12161520
12161520
12161520
12161520
12161520
12161520
12161520
12161520
12161520
12161520
12161520
12161520
12161520
12161520
12161520
12161520
12161520
12161520
3746870
6699850
8886760
10419730
11427430
12051140
12412550
12612790
12722970
12781180
12813540
12828240
12835890
12839490
12841220
12842820
12843900
12843950
12843980
12843980
12843980
12843980
12843980
12843980
12843980
12843980
12843980
12843980
12843980
12843980
12843980
12843980
12843980
12843980
12843980
12843980
12843980
12843980
12843980
12843980
3582620
6407080
8512520
9970010
10913010
11510190
11863790
12058210
12168720
12237220
12273160
12292880
12301400
12304650
12305390
12305760
12306000
12306160
12306240
12306270
12306290
12306290
12306290
12306290
12306290
12306290
12306290
12306290
12306290
12306290
12306290
12306290
12306290
12306290
12306290
12306290
12306290
12306290
12306290
12306290
3620030
6463480
8612220
10133300
11149950
11792800
12189680
12425530
12550540
12616300
12651620
12669750
12679960
12683990
12686450
12687640
12688280
12688920
12688940
12688950
12688950
12688950
12688950
12688950
12688950
12688950
12688950
12688950
12688950
12688950
12688950
12688950
12688950
12688950
12688950
12688950
12688950
12688950
12688950
12688950
3625670
6439440
8510640
9952400
10883450
11462310
11784100
11964050
12062330
12116670
12147690
12164800
12174210
12179200
12182050
12183760
12184930
12185000
12185040
12185060
12185070
12185070
12185070
12185070
12185070
12185070
12185070
12185070
12185070
12185070
12185070
12185070
12185070
12185070
12185070
12185070
12185070
12185070
12185070
12185070
3563270
6378500
8465170
9967370
10985570
11651660
12072250
12330310
12480580
12571110
12619230
12644980
12658980
12666430
12670830
12672970
12674810
12674970
12675060
12675100
12675130
12675130
12675130
12675130
12675130
12675130
12675130
12675130
12675130
12675130
12675130
12675130
12675130
12675130
12675130
12675130
12675130
12675130
12675130
12675130
3606120
6428650
8533280
10028730
11016100
11640600
12016420
12242250
12361710
12423130
12455530
12471060
12480800
12486610
12488950
12489670
12490320
12490380
12490410
12490410
12490410
12490410
12490410
12490410
12490410
12490410
12490410
12490410
12490410
12490410
12490410
12490410
12490410
12490410
12490410
12490410
12490410
12490410
12490410
12490410
3607750
6425250
8537420
10030290
11006710
11606320
11962560
12169920
12288050
12350580
12389200
12411360
12423430
12427950
12430180
12432170
12432380
12432460
12432480
12432490
12432500
12432500
12432500
12432500
12432500
12432500
12432500
12432500
12432500
12432500
12432500
12432500
12432500
12432500
12432500
12432500
12432500
12432500
12432500
12432500
3544020
6313980
8338670
9741660
10660080
11228500
11570320
11771510
11887230
11949760
11982170
12000820
12006970
12011240
12013140
12014360
12014520
12014610
12014660
12014680
12014700
12014710
12014720
12014730
12014740
12014740
12014740
12014740
12014740
12014740
12014740
12014740
12014740
12014740
12014740
12014740
12014740
12014740
12014740
12014740
3463470
6205420
8282250
9775640
10798440
11464370
11878370
12133500
12286080
12377060
12429650
12458380
12471290
12478510
12482320
12484850
12485650
12486320
12486920
12487480
12487480
12487480
12487480
12487480
12487480
12487480
12487480
12487480
12487480
12487480
12487480
12487480
12487480
12487480
12487480
12487480
12487480
12487480
12487480
12487480
3516470
6252840
8305580
9770860
10782870
11428300
11830010
12071410
12202040
12271790
12312800
12335500
12347360
12352360
12354440
12356240
12357380
12357440
12357490
12357520
12357540
12357540
12357540
12357540
12357540
12357540
12357540
12357540
12357540
12357540
12357540
12357540
12357540
12357540
12357540
12357540
12357540
12357540
12357540
12357540
3581220
6401420
8492300
9983640
10975600
11604110
11981730
12210270
12344540
12422260
12467780
12491230
12503180
12508160
12511160
12511920
12512040
12512090
12512100
12512100
12512100
12512100
12512100
12512100
12512100
12512100
12512100
12512100
12512100
12512100
12512100
12512100
12512100
12512100
12512100
12512100
12512100
12512100
12512100
12512100
3624600
6457820
8564970
10081290
11075300
11681460
12047780
12256400
12376660
12444230
12480180
12501150
12507980
12511840
12512830
12513510
12514000
12514030
12514030
12514030
12514030
12514030
12514030
12514030
12514030
12514030
12514030
12514030
12514030
12514030
12514030
12514030
12514030
12514030
12514030
12514030
12514030
12514030
12514030
12514030
3579010
6389330
8480110
9944390
10909000
11507680
11850760
12046910
12156730
12218370
12252900
12269160
12276360
12281930
12284870
12285050
12285160
12285200
12285210
12285220
12285220
12285220
12285220
12285220
12285220
12285220
12285220
12285220
12285220
12285220
12285220
12285220
12285220
12285220
12285220
12285220
12285220
12285220
12285220
12285220
3663120
6526160
8649790
10125760
11096730
11689200
12038810
12235150
12342070
12397520
12427360
12444380
12453310
12456760
12457740
12458000
12458120
12458200
12458240
12458260
12458270
12458270
12458270
12458270
12458270
12458270
12458270
12458270
12458270
12458270
12458270
12458270
12458270
12458270
12458270
12458270
12458270
12458270
12458270
12458270
3575170
6387370
8448080
9895530
10842290
11406430
11746130
11940430
12038420
12090390
12110690
12119100
12122650
12123980
12124430
12124660
12124790
12124860
12124890
12124890
12124890
12124890
12124890
12124890
12124890
12124890
12124890
12124890
12124890
12124890
12124890
12124890
12124890
12124890
12124890
12124890
12124890
12124890
12124890
12124890
3577720
6366880
8449260
9922590
10912530
11526330
11879030
12079310
12183140
12239070
12268660
12284470
12290860
12293850
12295300
12296000
12296600
12296620
12296620
12296620
12296620
12296620
12296620
12296620
12296620
12296620
12296620
12296620
12296620
12296620
12296620
12296620
12296620
12296620
12296620
12296620
12296620
12296620
12296620
12296620
3576730
6409580
8530380
10016530
10996030
11612270
11967420
12164510
12281320
12350010
12382990
12399890
12409900
12414180
12415990
12416700
12417260
12417830
12417840
12417850
12417850
12417850
12417850
12417850
12417850
12417850
12417850
12417850
12417850
12417850
12417850
12417850
12417850
12417850
12417850
12417850
12417850
12417850
12417850
12417850
3691450
6571710
8735690
10242030
11222350
11814340
12168400
12386300
12511140
12572760
12601870
12617070
12625340
12629730
12632370
12634100
12634870
12634940
12634970
12634990
12634990
12634990
12634990
12634990
12634990
12634990
12634990
12634990
12634990
12634990
12634990
12634990
12634990
12634990
12634990
12634990
12634990
12634990
12634990
12634990
3559750
6306220
8350880
9748220
10654710
11205540
11528320
11712590
11813610
11865400
11890510
11900950
11905070
11908040
11909300
11910360
11910410
11910430
11910440
11910450
11910460
11910470
11910470
11910470
11910470
11910470
11910470
11910470
11910470
11910470
11910470
11910470
11910470
11910470
11910470
11910470
11910470
11910470
11910470
11910470
3524810
6293730
8362140
9833370
10815260
11446720
11841790
12073640
12208140
12277250
12313530
12332720
12342300
12347790
12350940
12351790
12351910
12351950
12351960
12351960
12351960
12351960
12351960
12351960
12351960
12351960
12351960
12351960
12351960
12351960
12351960
12351960
12351960
12351960
12351960
12351960
12351960
12351960
12351960
12351960
3562930
6351410
8385220
9804040
10729170
11306710
11647790
11838760
11939000
11994410
12021360
12031420
12035660
12037630
12038660
12038950
12039060
12039120
12039160
12039160
12039160
12039160
12039160
12039160
12039160
12039160
12039160
12039160
12039160
12039160
12039160
12039160
12039160
12039160
12039160
12039160
12039160
12039160
12039160
12039160
3548020
6287940
8322360
9759770
10699910
11293130
11644210
11851790
11970030
12035710
12071620
12091010
12101610
12107660
12110230
12110860
12110930
12110950
12110960
12110960
12110960
12110960
12110960
12110960
12110960
12110960
12110960
12110960
12110960
12110960
12110960
12110960
12110960
12110960
12110960
12110960
12110960
12110960
12110960
12110960
3615570
6432720
8511440
9960610
10897480
11463980
11795970
11985850
12092040
12145290
12171990
12189200
12197570
12202320
12204810
12205590
12205740
12205810
12205850
12205850
12205850
12205850
12205850
12205850
12205850
12205850
12205850
12205850
12205850
12205850
12205850
12205850
12205850
12205850
12205850
12205850
12205850
12205850
12205850
12205850
3571530
6375320
8448710
9887370
10855410
11480420
11860280
12080370
12210480
12286340
12326150
12349000
12358780
12364050
12364950
12365180
12365310
12365370
12365400
12365410
12365410
12365410
12365410
12365410
12365410
12365410
12365410
12365410
12365410
12365410
12365410
12365410
12365410
12365410
12365410
12365410
12365410
12365410
12365410
12365410
3611260
6395470
8453900
9900300
10843350
11433440
11803640
12018190
12129560
12186090
12214370
12229630
12236440
12241020
12242610
12243280
12243870
12243890
12243890
12243890
12243890
12243890
12243890
12243890
12243890
12243890
12243890
12243890
12243890
12243890
12243890
12243890
12243890
12243890
12243890
12243890
12243890
12243890
12243890
12243890
3630000
6472980
8582660
10066770
11058970
11681430
12047780
12261560
12378950
12439640
12470910
12484670
12492350
12497760
12500920
12501150
12501200
12501240
12501270
12501280
12501280
12501280
12501280
12501280
12501280
12501280
12501280
12501280
12501280
12501280
12501280
12501280
12501280
12501280
12501280
12501280
12501280
12501280
12501280
12501280
3576730
6382880
8460180
9932760
10897190
11489260
11838270
12031260
12140780
12200590
12230780
12246090
12253890
12256300
12258220
12258860
12258980
12259070
12259110
12259140
12259150
12259160
12259160
12259160
12259160
12259160
12259160
12259160
12259160
12259160
12259160
12259160
12259160
12259160
12259160
12259160
12259160
12259160
12259160
12259160
3681120
6545620
8675800
10173620
11149390
11738580
12074260
12260700
12363900
12412580
12439610
12452090
12458110
12461780
12464730
12465870
12465960
12465980
12465990
12465990
12465990
12465990
12465990
12465990
12465990
12465990
12465990
12465990
12465990
12465990
12465990
12465990
12465990
12465990
12465990
12465990
12465990
12465990
12465990
12465990
3612640
6419800
8500870
9934670
10863170
11448130
11786770
11977300
12090500
12154510
12190360
12208550
12217650
12220530
12222560
12223730
12224370
12224920
12224940
12224940
12224940
12224940
12224940
12224940
12224940
12224940
12224940
12224940
12224940
12224940
12224940
12224940
12224940
12224940
12224940
12224940
12224940
12224940
12224940
12224940
3681250
6568160
8719930
10243500
11251780
11880080
12255620
12468100
12585720
12644640
12682230
12702060
12712250
12717330
12720260
12721530
12722150
12722670
12722710
12722730
12722740
12722750
12722750
12722750
12722750
12722750
12722750
12722750
12722750
12722750
12722750
12722750
12722750
12722750
12722750
12722750
12722750
12722750
12722750
12722750
3659630
6539600
8669930
10158700
11132220
11734490
12090890
12296220
12405310
12463100
12493360
12509130
12518630
12524150
12527560
12528760
12529520
12529590
12529610
12529620
12529620
12529620
12529620
12529620
12529620
12529620
12529620
12529620
12529620
12529620
12529620
12529620
12529620
12529620
12529620
12529620
12529620
12529620
12529620
12529620
3600700
6425680
8538260
10025600
11000920
11611640
11991100
12213570
12339020
12412550
12452600
12474480
12485930
12490590
12492600
12493860
12493920
12493960
12494000
12494030
12494050
12494060
12494070
12494080
12494080
12494080
12494080
12494080
12494080
12494080
12494080
12494080
12494080
12494080
12494080
12494080
12494080
12494080
12494080
12494080
3673590
6524700
8624490
10064960
10994350
11571060
11912380
12102730
12204370
12259330
12283830
12296570
12300830
12302440
12303270
12303900
12303940
12303970
12304000
12304020
12304030
12304030
12304030
12304030
12304030
12304030
12304030
12304030
12304030
12304030
12304030
12304030
12304030
12304030
12304030
12304030
12304030
12304030
12304030
12304030
3769080
6710450
8867830
10371610
11349470
11920410
12240680
12417860
12508380
12564610
12590420
12604310
12611600
12615190
12616230
12617070
12617790
12617900
12617970
12618010
12618040
12618040
12618040
12618040
12618040
12618040
12618040
12618040
12618040
12618040
12618040
12618040
12618040
12618040
12618040
12618040
12618040
12618040
12618040
12618040
3577200
6380740
8458500
9873870
10812900
11387200
11731430
11936580
12052710
12118310
12155490
12172590
12182620
12188690
12191640
12191870
12192010
12192060
12192090
12192100
12192100
12192100
12192100
12192100
12192100
12192100
12192100
12192100
12192100
12192100
12192100
12192100
12192100
12192100
12192100
12192100
12192100
12192100
12192100
12192100
3569670
6378830
8472160
9929820
10884780
11481830
11841050
12048020
12161630
12224970
12254640
12269510
12277560
12283420
12286500
12287820
12288520
12289090
12289160
12289190
12289200
12289200
12289200
12289200
12289200
12289200
12289200
12289200
12289200
12289200
12289200
12289200
12289200
12289200
12289200
12289200
12289200
12289200
12289200
12289200
3521930
6261780
8279160
9700510
10626710
11194170
11532000
11702690
11804020
11858420
11881920
11896250
11902880
11906120
11907770
11908080
11908220
11908290
11908310
11908310
11908310
11908310
11908310
11908310
11908310
11908310
11908310
11908310
11908310
11908310
11908310
11908310
11908310
11908310
11908310
11908310
11908310
11908310
11908310
11908310
3564840
6318280
8316430
9699590
10607840
11148250
11460100
11631360
11727460
11778050
11804320
11816150
11820410
11822780
11823780
11824050
11824200
11824230
11824250
11824260
11824260
11824260
11824260
11824260
11824260
11824260
11824260
11824260
11824260
11824260
11824260
11824260
11824260
11824260
11824260
11824260
11824260
11824260
11824260
11824260
3480540
6231360
8286340
9747760
10731120
11368340
11765870
11998490
12140110
12217250
12260030
12282220
12296240
12301630
12304280
12304560
12304720
12304770
12304790
12304810
12304820
12304830
12304830
12304830
12304830
12304830
12304830
12304830
12304830
12304830
12304830
12304830
12304830
12304830
12304830
12304830
12304830
12304830
12304830
12304830
3548030
6346190
8422060
9877060
10854700
11467760
11832140
12037690
12149800
12202020
12227250
12238420
12242240
12244990
12245320
12245490
12245590
12245640
12245670
12245690
12245710
12245710
12245710
12245710
12245710
12245710
12245710
12245710
12245710
12245710
12245710
12245710
12245710
12245710
12245710
12245710
12245710
12245710
12245710
12245710
3658610
6539800
8680560
10169740
11144260
11761620
12133100
12350820
12470790
12544990
12581490
12600850
12608590
12612110
12614620
12615870
12616490
12616580
12616630
12616660
12616680
12616690
12616700
12616700
12616700
12616700
12616700
12616700
12616700
12616700
12616700
12616700
12616700
12616700
12616700
12616700
12616700
12616700
12616700
12616700
3715780
6580960
8696450
10130240
11050960
11601600
11907380
12079240
12174560
12222100
12244750
12254460
12259840
12262300
12263200
12263380
12263500
12263550
12263560
12263560
12263560
12263560
12263560
12263560
12263560
12263560
12263560
12263560
12263560
12263560
12263560
12263560
12263560
12263560
12263560
12263560
12263560
12263560
12263560
12263560
3700310
6568690
8681580
10182510
11160380
11760330
12122210
12319110
12430730
12490780
12517450
12529720
12534520
12536820
12538290
12539070
12539250
12539360
12539450
12539480
12539510
12539520
12539520
12539520
12539520
12539520
12539520
12539520
12539520
12539520
12539520
12539520
12539520
12539520
12539520
12539520
12539520
12539520
12539520
12539520
3578420
6321420
8301350
9645740
10510670
11048860
11351570
11515670
11597820
11639750
11662700
11677170
11684240
11687250
11688160
11688410
11688510
11688580
11688620
11688630
11688630
11688630
11688630
11688630
11688630
11688630
11688630
11688630
11688630
11688630
11688630
11688630
11688630
11688630
11688630
11688630
11688630
11688630
11688630
11688630
3617820
6438020
8522720
9980240
10955430
11571000
11934570
12136970
12249420
12312700
12345300
12365080
12375990
12380900
12383870
12385640
12385670
12385680
12385690
12385690
12385690
12385690
12385690
12385690
12385690
12385690
12385690
12385690
12385690
12385690
12385690
12385690
12385690
12385690
12385690
12385690
12385690
12385690
12385690
12385690
3603650
6409290
8491810
9945270
10912610
11533310
11921340
12150680
12275920
12345780
12379940
12398150
12407730
12412070
12414030
12414280
12414320
12414340
12414360
12414370
12414370
12414370
12414370
12414370
12414370
12414370
12414370
12414370
12414370
12414370
12414370
12414370
12414370
12414370
12414370
12414370
12414370
12414370
12414370
12414370
3590150
6417890
8516590
9984070
10951210
11558420
11928650
12145760
12272810
12341930
12381320
12403420
12412410
12415870
12416880
12417590
12417680
12417700
12417720
12417740
12417760
12417770
12417770
12417770
12417770
12417770
12417770
12417770
12417770
12417770
12417770
12417770
12417770
12417770
12417770
12417770
12417770
12417770
12417770
12417770
3662340
6519910
8649280
10142750
11123270
11716260
12067000
12266670
12382790
12443820
12476820
12496740
12507360
12512570
12514720
12515080
12515210
12515270
12515300
12515310
12515320
12515320
12515320
12515320
12515320
12515320
12515320
12515320
12515320
12515320
12515320
12515320
12515320
12515320
12515320
12515320
12515320
12515320
12515320
12515320
3615500
6429970
8515720
9949260
10903810
11489040
11827780
12016020
12123280
12184360
12208900
12219120
12224320
12226340
12227300
12227530
12227600
12227650
12227660
12227660
12227660
12227660
12227660
12227660
12227660
12227660
12227660
12227660
12227660
12227660
12227660
12227660
12227660
12227660
12227660
12227660
12227660
12227660
12227660
12227660
3616150
6417610
8489190
9946290
10874160
11439220
11773660
11971710
12083900
12141820
12174950
12192360
12201250
12205000
12205450
12205700
12205810
12205850
12205850
12205850
12205850
12205850
12205850
12205850
12205850
12205850
12205850
12205850
12205850
12205850
12205850
12205850
12205850
12205850
12205850
12205850
12205850
12205850
12205850
12205850
3647680
6506320
8640430
10117930
11071200
11649680
11987620
12173600
12270750
12319640
12341700
12351610
12355220
12356160
12356660
12356900
12356990
12357050
12357080
12357090
12357090
12357090
12357090
12357090
12357090
12357090
12357090
12357090
12357090
12357090
12357090
12357090
12357090
12357090
12357090
12357090
12357090
12357090
12357090
12357090
3645080
6516320
8641030
10146430
11122130
11713610
12084500
12308510
12439390
12512820
12554050
12573870
12582290
12585770
12587280
12587530
12587650
12587740
12587760
12587760
12587760
12587760
12587760
12587760
12587760
12587760
12587760
12587760
12587760
12587760
12587760
12587760
12587760
12587760
12587760
12587760
12587760
12587760
12587760
12587760
3744080
6629820
8767470
10231850
11166500
11728400
12051080
12230780
12327160
12371330
12391590
12402830
12407410
12410320
12411210
12411390
12411440
12411450
12411450
12411450
12411450
12411450
12411450
12411450
12411450
12411450
12411450
12411450
12411450
12411450
12411450
12411450
12411450
12411450
12411450
12411450
12411450
12411450
12411450
12411450
3609950
6453970
8587990
10092470
11087640
11723170
12108280
12331890
12468310
12541070
12583100
12604440
12615990
12620180
12621520
12621710
12621800
12621840
12621840
12621840
12621840
12621840
12621840
12621840
12621840
12621840
12621840
12621840
12621840
12621840
12621840
12621840
12621840
12621840
12621840
12621840
12621840
12621840
12621840
12621840
3635970
6463950
8522370
9943890
10885590
11476140
11825780
12025400
12138720
12199090
12230480
12246470
12255290
12258470
12260350
12261090
12261250
12261380
12261440
12261460
12261480
12261500
12261510
12261510
12261510
12261510
12261510
12261510
12261510
12261510
12261510
12261510
12261510
12261510
12261510
12261510
12261510
12261510
12261510
12261510
3501640
6238480
8312550
9803920
10803600
11444210
11844080
12083240
12228090
12311310
12359170
12384930
12397420
12404450
12408200
12410600
12410760
12410840
12410870
12410880
12410880
12410880
12410880
12410880
12410880
12410880
12410880
12410880
12410880
12410880
12410880
12410880
12410880
12410880
12410880
12410880
12410880
12410880
12410880
12410880
3601610
6416260
8481240
9907530
10821270
11382920
11711730
11895100
11992680
12047950
12074080
12086970
12092000
12094230
12094640
12094860
12094960
12095000
12095000
12095000
12095000
12095000
12095000
12095000
12095000
12095000
12095000
12095000
12095000
12095000
12095000
12095000
12095000
12095000
12095000
12095000
12095000
12095000
12095000
12095000
3588050
6360160
8401120
9784950
10684360
11239910
11560970
11741860
11841710
11888520
11912410
11921910
11925620
11927340
11928210
11928380
11928500
11928590
11928630
11928660
11928660
11928660
11928660
11928660
11928660
11928660
11928660
11928660
11928660
11928660
11928660
11928660
11928660
11928660
11928660
11928660
11928660
11928660
11928660
11928660
3549580
6297480
8349830
9790550
10749900
11359910
11747670
11979160
12119220
12195150
12234990
12258130
12272230
12280430
12284410
12287140
12289180
12289240
12289260
12289270
12289270
12289270
12289270
12289270
12289270
12289270
12289270
12289270
12289270
12289270
12289270
12289270
12289270
12289270
12289270
12289270
12289270
12289270
12289270
12289270
3614900
6441080
8565350
10014110
10991040
11593660
11938560
12142910
12254650
12309830
12341540
12360140
12369980
12374290
12376840
12377550
12377710
12377790
12377800
12377800
12377800
12377800
12377800
12377800
12377800
12377800
12377800
12377800
12377800
12377800
12377800
12377800
12377800
12377800
12377800
12377800
12377800
12377800
12377800
12377800
3629030
6462140
8549620
9990310
10934190
11517020
11852780
12045550
12148780
12206480
12236350
12249670
12253270
12256190
12257760
12258050
12258160
12258210
12258240
12258260
12258270
12258280
12258280
12258280
12258280
12258280
12258280
12258280
12258280
12258280
12258280
12258280
12258280
12258280
12258280
12258280
12258280
12258280
12258280
12258280
3625100
6470740
8585120
10108070
11121440
11756860
12153890
12383460
12509480
12580070
12618580
12637590
12647880
12652460
12654060
12654360
12654550
12654640
12654690
12654710
12654710
12654710
12654710
12654710
12654710
12654710
12654710
12654710
12654710
12654710
12654710
12654710
12654710
12654710
12654710
12654710
12654710
12654710
12654710
12654710
3679940
6569050
8694680
10163670
11110940
11671760
11984970
12163850
12256870
12306620
12332400
12346960
12353760
12357950
12359950
12360110
12360180
12360210
12360220
12360220
12360220
12360220
12360220
12360220
12360220
12360220
12360220
12360220
12360220
12360220
12360220
12360220
12360220
12360220
12360220
12360220
12360220
12360220
12360220
12360220
3563660
6339990
8412250
9848280
10776840
11365140
11698490
11883310
11984540
12042650
12072730
12087220
12094210
12096980
12098980
12100140
12100690
12101250
12101260
12101260
12101260
12101260
12101260
12101260
12101260
12101260
12101260
12101260
12101260
12101260
12101260
12101260
12101260
12101260
12101260
12101260
12101260
12101260
12101260
12101260
3658440
6479000
8533400
9943630
10833910
11376110
11679750
11843410
11939370
11989030
12014520
12030250
12035940
12039170
12040600
12041870
12042510
12042550
12042580
12042600
12042600
12042600
12042600
12042600
12042600
12042600
12042600
12042600
12042600
12042600
12042600
12042600
12042600
12042600
12042600
12042600
12042600
12042600
12042600
12042600
3629210
6476680
8628840
10171680
11170690
11793600
12156320
12362910
12481720
12547510
12580160
12595610
12603320
12606190
12607710
12608450
12608550
12608620
12608650
12608670
12608670
12608670
12608670
12608670
12608670
12608670
12608670
12608670
12608670
12608670
12608670
12608670
12608670
12608670
12608670
12608670
12608670
12608670
12608670
12608670
3563750
6345390
8416790
9874010
10835300
11446190
11807040
12009110
12111590
12166480
12193300
12205990
12211720
12213700
12214740
12215010
12215120
12215160
12215180
12215200
12215210
12215210
12215210
12215210
12215210
12215210
12215210
12215210
12215210
12215210
12215210
12215210
12215210
12215210
12215210
12215210
12215210
12215210
12215210
12215210
3614280
6450700
8578230
10075790
11038400
11659150
12040630
12269390
12403930
12481510
12523680
12543900
12555920
12560560
12563730
12564580
12565230
12565310
12565330
12565350
12565360
12565360
12565360
12565360
12565360
12565360
12565360
12565360
12565360
12565360
12565360
12565360
12565360
12565360
12565360
12565360
12565360
12565360
12565360
12565360
3644650
6494850
8625210
10110330
11070870
11666960
12008100
12206990
12316480
12372590
12403960
12422280
12430940
12434110
12435030
12435170
12435210
12435220
12435220
12435220
12435220
12435220
12435220
12435220
12435220
12435220
12435220
12435220
12435220
12435220
12435220
12435220
12435220
12435220
12435220
12435220
12435220
12435220
12435220
12435220
3540340
6265850
8286500
9689910
10603650
11175610
11512070
11708480
11812020
11870210
11904190
11920350
11926900
11930230
11931190
11931400
11931500
11931570
11931600
11931600
11931600
11931600
11931600
11931600
11931600
11931600
11931600
11931600
11931600
11931600
11931600
11931600
11931600
11931600
11931600
11931600
11931600
11931600
11931600
11931600
3527150
6301310
8378760
9851570
10853000
11487880
11884630
12125140
12261060
12336260
12373560
12398670
12413180
12421560
12426360
12427850
12428150
12428310
12428390
12428430
12428440
12428450
12428460
12428460
12428460
12428460
12428460
12428460
12428460
12428460
12428460
12428460
12428460
12428460
12428460
12428460
12428460
12428460
12428460
12428460
3632840
6504360
8646120
10135380
11089770
11671880
12006180
12195990
12294300
12341650
12365630
12379250
12384430
12386880
12387660
12387760
12387780
12387800
12387810
12387810
12387810
12387810
12387810
12387810
12387810
12387810
12387810
12387810
12387810
12387810
12387810
12387810
12387810
12387810
12387810
12387810
12387810
12387810
12387810
12387810
3599250
6415440
8521910
9976300
10932490
11529200
11877700
12082800
12199980
12255460
12286190
12300140
12309070
12313100
12315370
12317110
12317750
12317800
12317810
12317820
12317830
12317840
12317840
12317840
12317840
12317840
12317840
12317840
12317840
12317840
12317840
12317840
12317840
12317840
12317840
12317840
12317840
12317840
12317840
12317840
3600130
6396800
8453380
9876090
10800050
11368410
11705430
11890860
11992240
12049000
12075380
12091540
12099200
12104150
12106180
12106520
12106690
12106770
12106800
12106810
12106820
12106830
12106840
12106840
12106840
12106840
12106840
12106840
12106840
12106840
12106840
12106840
12106840
12106840
12106840
12106840
12106840
12106840
12106840
12106840
3685660
6552820
8625550
10056590
10987960
11546550
11876210
12068860
12177340
12241630
12273530
12291300
12300120
12304620
12307100
12308440
12309170
12309310
12309400
12309460
12309490
12309500
12309500
12309500
12309500
12309500
12309500
12309500
12309500
12309500
12309500
12309500
12309500
12309500
12309500
12309500
12309500
12309500
12309500
12309500
3622970
6468980
8586730
10067880
11041760
11649600
12010980
12228010
12348190
12418080
12454590
12474900
12489300
12497360
12500360
12501700
12501880
12501960
12502020
12502060
12502090
12502100
12502100
12502100
12502100
12502100
12502100
12502100
12502100
12502100
12502100
12502100
12502100
12502100
12502100
12502100
12502100
12502100
12502100
12502100
3574570
6375880
8470230
9951580
10918980
11519530
11865950
12064220
12173650
12232920
12264240
12279490
12282650
12284900
12285270
12285420
12285500
12285530
12285530
12285530
12285530
12285530
12285530
12285530
12285530
12285530
12285530
12285530
12285530
12285530
12285530
12285530
12285530
12285530
12285530
12285530
12285530
12285530
12285530
12285530
3603760
6390840
8453260
9862930
10799020
11367440
11714920
11906840
12010730
12068020
12098210
12114200
12121090
12123920
12124950
12125680
12125790
12125860
12125910
12125940
12125940
12125940
12125940
12125940
12125940
12125940
12125940
12125940
12125940
12125940
12125940
12125940
12125940
12125940
12125940
12125940
12125940
12125940
12125940
12125940
3625560
6441840
8531060
9952170
10863980
11411240
11722880
11897910
11994260
12048370
12074560
12088880
12096740
12098450
12099270
12099960
12100020
12100050
12100060
12100060
12100060
12100060
12100060
12100060
12100060
12100060
12100060
12100060
12100060
12100060
12100060
12100060
12100060
12100060
12100060
12100060
12100060
12100060
12100060
12100060
3655100
6489330
8596590
10041020
10986120
11580480
11933200
12139900
12253790
12316210
12352530
12370780
12377960
12380650
12380950
12381050
12381110
12381120
12381120
12381120
12381120
12381120
12381120
12381120
12381120
12381120
12381120
12381120
12381120
12381120
12381120
12381120
12381120
12381120
12381120
12381120
12381120
12381120
12381120
12381120
3609130
6441450
8525350
9999090
10971430
11565790
11908900
12106180
12217030
12273900
12304120
12321970
12330340
12335250
12337710
12338420
12339020
12339570
12340190
12340200
12340210
12340210
12340210
12340210
12340210
12340210
12340210
12340210
12340210
12340210
12340210
12340210
12340210
12340210
12340210
12340210
12340210
12340210
12340210
12340210
3590580
6373890
8428580
9852450
10773150
11346320
11697560
11897620
12006140
12059120
12087020
12099950
12107520
12110880
12111770
12112440
12112540
12112560
12112560
12112560
12112560
12112560
12112560
12112560
12112560
12112560
12112560
12112560
12112560
12112560
12112560
12112560
12112560
12112560
12112560
12112560
12112560
12112560
12112560
12112560
3575990
6362080
8423150
9878250
10820790
11403940
11740600
11931500
12045820
12107210
12144460
12164920
12174710
12178730
12180370
12180810
12181010
12181090
12181120
12181130
12181130
12181130
12181130
12181130
12181130
12181130
12181130
12181130
12181130
12181130
12181130
12181130
12181130
12181130
12181130
12181130
12181130
12181130
12181130
12181130
3522160
6275180
8307730
9712010
10622950
11182300
11510100
11696870
11797710
11847650
11873810
11886040
11893410
11898260
11900270
11900980
11901060
11901080
11901090
11901100
11901110
11901110
11901110
11901110
11901110
11901110
11901110
11901110
11901110
11901110
11901110
11901110
11901110
11901110
11901110
11901110
11901110
11901110
11901110
11901110
3591850
6423710
8554920
10063440
11051530
11670180
12023560
12224440
12336480
12392550
12418150
12432200
12436810
12438880
12439760
12440440
12440520
12440560
12440580
12440580
12440580
12440580
12440580
12440580
12440580
12440580
12440580
12440580
12440580
12440580
12440580
12440580
12440580
12440580
12440580
12440580
12440580
12440580
12440580
12440580
3699570
6584840
8726810
10203840
11153190
11713500
12049480
12237540
12334990
12390040
12414420
12424340
12429960
12432220
12432670
12432920
12433060
12433120
12433140
12433140
12433140
12433140
12433140
12433140
12433140
12433140
12433140
12433140
12433140
12433140
12433140
12433140
12433140
12433140
12433140
12433140
12433140
12433140
12433140
12433140
3676710
6522630
8617920
10061420
11000300
11572870
11916530
12118430
12222440
12280310
12308360
12320970
12326310
12328380
12329440
12329710
12329880
12329940
12329980
12329990
12329990
12329990
12329990
12329990
12329990
12329990
12329990
12329990
12329990
12329990
12329990
12329990
12329990
12329990
12329990
12329990
12329990
12329990
12329990
12329990
3694970
6567440
8671060
10107870
11022690
11561090
11876270
12050310
12149760
12201710
12230690
12246080
12253640
12256380
12257260
12257490
12257580
12257620
12257640
12257650
12257660
12257660
12257660
12257660
12257660
12257660
12257660
12257660
12257660
12257660
12257660
12257660
12257660
12257660
12257660
12257660
12257660
12257660
12257660
12257660
3512950
6268380
8330510
9787450
10750810
11374300
11758620
11982740
12104450
12177440
12211160
12232700
12241790
12246400
12248510
12249830
12249970
12250020
12250060
12250060
12250060
12250060
12250060
12250060
12250060
12250060
12250060
12250060
12250060
12250060
12250060
12250060
12250060
12250060
12250060
12250060
12250060
12250060
12250060
12250060
3597240
6424400
8521700
9965320
10896300
11475270
11810680
11998430
12099080
12152280
12176870
12187650
12193190
12197360
12199960
12201110
12201810
12202360
12202410
12202450
12202460
12202460
12202460
12202460
12202460
12202460
12202460
12202460
12202460
12202460
12202460
12202460
12202460
12202460
12202460
12202460
12202460
12202460
12202460
12202460
3572890
6324130
8356960
9772650
10681440
11221610
11531850
11702180
11786460
11826670
11848430
11858810
11864420
11867060
11868330
11869040
11869110
11869150
11869160
11869160
11869160
11869160
11869160
11869160
11869160
11869160
11869160
11869160
11869160
11869160
11869160
11869160
11869160
11869160
11869160
11869160
11869160
11869160
11869160
11869160
3619180
6427390
8507070
9936540
10860680
11412050
11737030
11927040
12029370
12080230
12110100
12127550
12136070
12141030
12143260
12144090
12144180
12144220
12144230
12144240
12144250
12144250
12144250
12144250
12144250
12144250
12144250
12144250
12144250
12144250
12144250
12144250
12144250
12144250
12144250
12144250
12144250
12144250
12144250
12144250
3613940
6385030
8431830
9841650
10766250
11335890
11653320
11831450
11926410
11975540
11999500
12009790
12013460
12014280
12014680
12014860
12014970
12015000
12015020
12015040
12015060
12015080
12015100
12015110
12015110
12015110
12015110
12015110
12015110
12015110
12015110
12015110
12015110
12015110
12015110
12015110
12015110
12015110
12015110
12015110
3565050
6331500
8431740
9904020
10871260
11482580
11854600
12076410
12202570
12278250
12323270
12348950
12359720
12365270
12368820
12370600
12371380
12371480
12371510
12371530
12371530
12371530
12371530
12371530
12371530
12371530
12371530
12371530
12371530
12371530
12371530
12371530
12371530
12371530
12371530
12371530
12371530
12371530
12371530
12371530
3623250
6465440
8578900
10051200
11006340
11568060
11890070
12075370
12178830
12233150
12259600
12272950
12276920
12277720
12278150
12278290
12278350
12278380
12278390
12278400
12278400
12278400
12278400
12278400
12278400
12278400
12278400
12278400
12278400
12278400
12278400
12278400
12278400
12278400
12278400
12278400
12278400
12278400
12278400
12278400
3478050
6194550
8214780
9627980
10573600
11195680
11570430
11794240
11923540
12001230
12046920
12073300
12085510
12092840
12095830
12097560
12098200
12098760
12098790
12098810
12098820
12098820
12098820
12098820
12098820
12098820
12098820
12098820
12098820
12098820
12098820
12098820
12098820
12098820
12098820
12098820
12098820
12098820
12098820
12098820
3574470
6370660
8397200
9763480
10638120
11166090
11496030
11685990
11794490
11851160
11883370
11903470
11912540
11919040
11922210
11923110
11923340
11923450
11923510
11923530
11923540
11923550
11923560
11923570
11923570
11923570
11923570
11923570
11923570
11923570
11923570
11923570
11923570
11923570
11923570
11923570
11923570
11923570
11923570
11923570
3588220
6355490
8429710
9886810
10828080
11407310
11755610
11950960
12056690
12118150
12149490
12164790
12172240
12175610
12176560
12176730
12176790
12176810
12176820
12176820
12176820
12176820
12176820
12176820
12176820
12176820
12176820
12176820
12176820
12176820
12176820
12176820
12176820
12176820
12176820
12176820
12176820
12176820
12176820
12176820
3601440
6410070
8512800
10005450
10999110
11638950
12032980
12269250
12411860
12494240
12536560
12559410
12573220
12579220
12582780
12584220
12584410
12584510
12584590
12584630
12584640
12584650
12584650
12584650
12584650
12584650
12584650
12584650
12584650
12584650
12584650
12584650
12584650
12584650
12584650
12584650
12584650
12584650
12584650
12584650
3603530
6425540
8504970
9957340
10922820
11535230
11903090
12120170
12252400
12322990
12361820
12379980
12389900
12395610
12399180
12400360
12401440
12402020
12402090
12402160
12402190
12402190
12402190
12402190
12402190
12402190
12402190
12402190
12402190
12402190
12402190
12402190
12402190
12402190
12402190
12402190
12402190
12402190
12402190
12402190
3545690
6289100
8315990
9733600
10675360
11270510
11618990
11809940
11916060
11975000
12004510
12019650
12027120
12030640
12032240
12033090
12033240
12033330
12033340
12033340
12033340
12033340
12033340
12033340
12033340
12033340
12033340
12033340
12033340
12033340
12033340
12033340
12033340
12033340
12033340
12033340
12033340
12033340
12033340
12033340
3721890
6652180
8804110
10292600
11277580
11879110
12238150
12445060
12560510
12624180
12655530
12672330
12681110
12686860
12689400
12691180
12691870
12691940
12691970
12691980
12691980
12691980
12691980
12691980
12691980
12691980
12691980
12691980
12691980
12691980
12691980
12691980
12691980
12691980
12691980
12691980
12691980
12691980
12691980
12691980
3669740
6560890
8712820
10207130
11217480
11854620
12233290
12446700
12570810
12640120
12677850
12701180
12713520
12721520
12724670
12726520
12727740
12728830
12728900
12728930
12728940
12728940
12728940
12728940
12728940
12728940
12728940
12728940
12728940
12728940
12728940
12728940
12728940
12728940
12728940
12728940
12728940
12728940
12728940
12728940
3580730
6375860
8481800
9986870
10980810
11632850
12053890
12306710
12449270
12531670
12570090
12592870
12606070
12613470
12615940
12617160
12617730
12618310
12618340
12618350
12618350
12618350
12618350
12618350
12618350
12618350
12618350
12618350
12618350
12618350
12618350
12618350
12618350
12618350
12618350
12618350
12618350
12618350
12618350
12618350
3512390
6233800
8223460
9594610
10477470
11006580
11305920
11474300
11559000
11604310
11631740
11646580
11654690
11660280
11662070
11662280
11662400
11662490
11662550
11662580
11662590
11662590
11662590
11662590
11662590
11662590
11662590
11662590
11662590
11662590
11662590
11662590
11662590
11662590
11662590
11662590
11662590
11662590
11662590
11662590
3623010
6427780
8486890
9900540
10814730
11350940
11662570
11833600
11924760
11965770
11985530
11997670
12004180
12007670
12009000
12009680
12009770
12009840
12009890
12009920
12009940
12009960
12009960
12009960
12009960
12009960
12009960
12009960
12009960
12009960
12009960
12009960
12009960
12009960
12009960
12009960
12009960
12009960
12009960
12009960
3736670
6620270
8732060
10177280
11103870
11673560
11998320
12170010
12263660
12310780
12334120
12341910
12345010
12345810
12346190
12346340
12346420
12346460
12346470
12346470
12346470
12346470
12346470
12346470
12346470
12346470
12346470
12346470
12346470
12346470
12346470
12346470
12346470
12346470
12346470
12346470
12346470
12346470
12346470
12346470
3656290
6485920
8587170
10019660
10946470
11526860
11871950
12070310
12178120
12235900
12267710
12284760
12294570
12298960
12301780
12304460
12305560
12306100
12306710
12307190
12307660
12307660
12307660
12307660
12307660
12307660
12307660
12307660
12307660
12307660
12307660
12307660
12307660
12307660
12307660
12307660
12307660
12307660
12307660
12307660
3670130
6541650
8683930
10197200
11208870
11851830
12245880
12488460
12635740
12725350
12774010
12804390
12822260
12831780
12836820
12840130
12841700
12842100
12842260
12842360
12842430
12842470
12842490
12842500
12842500
12842500
12842500
12842500
12842500
12842500
12842500
12842500
12842500
12842500
12842500
12842500
12842500
12842500
12842500
12842500
3563920
6356050
8433060
9898190
10881430
11506360
11890090
12111520
12237510
12304820
12341190
12360220
12367890
12370590
12371180
12371480
12371640
12371720
12371740
12371760
12371770
12371780
12371780
12371780
12371780
12371780
12371780
12371780
12371780
12371780
12371780
12371780
12371780
12371780
12371780
12371780
12371780
12371780
12371780
12371780
3596550
6423130
8526710
9981720
10939890
11550850
11925610
12144620
12275050
12350330
12393600
12415830
12427300
12431830
12434990
12435700
12435790
12435800
12435810
12435820
12435820
12435820
12435820
12435820
12435820
12435820
12435820
12435820
12435820
12435820
12435820
12435820
12435820
12435820
12435820
12435820
12435820
12435820
12435820
12435820
3628700
6462930
8557350
10010750
10956340
11546100
11892710
12090040
12194120
12251160
12278800
12295270
12303430
12306270
12307700
12308420
12308560
12308620
12308650
12308670
12308680
12308680
12308680
12308680
12308680
12308680
12308680
12308680
12308680
12308680
12308680
12308680
12308680
12308680
12308680
12308680
12308680
12308680
12308680
12308680
3598910
6399530
8465930
9899870
10859890
11465600
11846010
12072980
12208710
12285520
12321690
12338070
12345860
12349520
12351680
12352940
12353110
12353200
12353250
12353280
12353290
12353290
12353290
12353290
12353290
12353290
12353290
12353290
12353290
12353290
12353290
12353290
12353290
12353290
12353290
12353290
12353290
12353290
12353290
12353290
3629080
6440890
8540330
9994770
10932480
11498980
11830970
12021050
12113750
12164690
12190500
12201840
12208450
12210110
12211580
12212210
12212280
12212300
12212310
12212310
12212310
12212310
12212310
12212310
12212310
12212310
12212310
12212310
12212310
12212310
12212310
12212310
12212310
12212310
12212310
12212310
12212310
12212310
12212310
12212310
3582400
6377780
8436270
9861290
10798400
11387710
11751850
11963240
12073280
12133260
12165900
12181690
12191240
12194100
12195140
12195520
12195690
12195790
12195820
12195850
12195870
12195880
12195890
12195900
12195900
12195900
12195900
12195900
12195900
12195900
12195900
12195900
12195900
12195900
12195900
12195900
12195900
12195900
12195900
12195900
3606440
6413350
8491340
9942980
10889730
11491150
11858740
12068270
12189090
12254920
12286400
12301380
12310580
12313640
12315350
12316750
12317420
12317500
12317530
12317560
12317580
12317580
12317580
12317580
12317580
12317580
12317580
12317580
12317580
12317580
12317580
12317580
12317580
12317580
12317580
12317580
12317580
12317580
12317580
12317580
3594670
6387710
8470710
9898100
10831770
11413430
11761780
11968910
12089150
12154570
12190590
12208330
12217550
12222240
12223890
12225270
12226020
12226140
12226200
12226230
12226240
12226250
12226250
12226250
12226250
12226250
12226250
12226250
12226250
12226250
12226250
12226250
12226250
12226250
12226250
12226250
12226250
12226250
12226250
12226250
3540200
6271640
8281940
9657580
10565010
11123310
11453250
11642870
11750300
11809460
11838730
11854210
11865220
11869930
11871240
11871930
11872010
11872050
11872050
11872050
11872050
11872050
11872050
11872050
11872050
11872050
11872050
11872050
11872050
11872050
11872050
11872050
11872050
11872050
11872050
11872050
11872050
11872050
11872050
11872050
3557330
6339870
8442730
9923850
10917990
11554400
11938410
12163080
12290050
12365870
12410910
12434800
12444760
12447280
12448660
12449390
12449970
12450550
12451050
12451050
12451050
12451050
12451050
12451050
12451050
12451050
12451050
12451050
12451050
12451050
12451050
12451050
12451050
12451050
12451050
12451050
12451050
12451050
12451050
12451050
3418100
6111650
8113300
9546230
10511120
11126210
11501810
11725630
11855770
11934820
11978450
11999040
12010190
12015510
12018060
12018890
12019560
12019640
12019690
12019720
12019740
12019750
12019750
12019750
12019750
12019750
12019750
12019750
12019750
12019750
12019750
12019750
12019750
12019750
12019750
12019750
12019750
12019750
12019750
12019750
3604480
6421530
8491270
9907320
10828030
11378210
11686570
11860450
11946580
11991020
12014130
12024660
12029130
12031750
12033180
12033850
12033950
12034010
12034040
12034050
12034050
12034050
12034050
12034050
12034050
12034050
12034050
12034050
12034050
12034050
12034050
12034050
12034050
12034050
12034050
12034050
12034050
12034050
12034050
12034050
3468380
6170170
8167810
9568020
10506480
11070730
11412960
11604050
11707840
11763940
11795640
11812920
11819300
11821580
11822460
11823070
11823110
11823120
11823120
11823120
11823120
11823120
11823120
11823120
11823120
11823120
11823120
11823120
11823120
11823120
11823120
11823120
11823120
11823120
11823120
11823120
11823120
11823120
11823120
11823120
3523830
6246510
8258170
9677310
10604710
11177070
11527230
11721790
11825420
11874480
11900240
11915800
11924290
11929850
11932450
11933140
11933830
11933940
11933980
11934010
11934020
11934020
11934020
11934020
11934020
11934020
11934020
11934020
11934020
11934020
11934020
11934020
11934020
11934020
11934020
11934020
11934020
11934020
11934020
11934020
3579740
6361360
8453610
9913310
10867080
11470200
11837410
12052690
12170470
12232290
12262940
12277180
12285780
12289860
12292730
12293890
12294030
12294120
12294160
12294170
12294180
12294190
12294200
12294210
12294220
12294230
12294240
12294240
12294240
12294240
12294240
12294240
12294240
12294240
12294240
12294240
12294240
12294240
12294240
12294240
3556820
6330620
8411590
9898820
10883570
11517720
11899520
12128070
12258180
12324750
12362020
12384510
12396060
12401220
12402920
12403360
12403620
12403780
12403870
12403920
12403940
12403940
12403940
12403940
12403940
12403940
12403940
12403940
12403940
12403940
12403940
12403940
12403940
12403940
12403940
12403940
12403940
12403940
12403940
12403940
3721510
6612990
8723310
10172120
11105940
11653140
11973060
12156730
12257560
12315400
12343940
12357530
12362750
12365130
12366030
12366270
12366430
12366510
12366570
12366600
12366620
12366640
12366650
12366660
12366670
12366670
12366670
12366670
12366670
12366670
12366670
12366670
12366670
12366670
12366670
12366670
12366670
12366670
12366670
12366670
3622200
6455110
8535850
9956610
10840170
11385820
11694380
11868590
11965640
12017690
12045980
12056670
12062490
12065050
12066410
12067680
12067780
12067830
12067830
12067830
12067830
12067830
12067830
12067830
12067830
12067830
12067830
12067830
12067830
12067830
12067830
12067830
12067830
12067830
12067830
12067830
12067830
12067830
12067830
12067830
3682250
6578890
8690380
10141820
11068150
11630970
11954370
12140600
12234320
12283840
12305680
12318010
12325150
12328130
12329200
12329520
12329690
12329800
12329830
12329830
12329830
12329830
12329830
12329830
12329830
12329830
12329830
12329830
12329830
12329830
12329830
12329830
12329830
12329830
12329830
12329830
12329830
12329830
12329830
12329830
3591220
6436340
8570140
10063340
11037250
11647630
12014880
12233590
12355450
12426600
12465330
12486270
12496710
12500030
12501060
12501830
12502420
12502950
12503430
12503450
12503460
12503470
12503470
12503470
12503470
12503470
12503470
12503470
12503470
12503470
12503470
12503470
12503470
12503470
12503470
12503470
12503470
12503470
12503470
12503470
3586810
6376400
8462080
9907890
10862870
11449890
11803470
12011870
12134790
12202570
12242070
12260420
12269190
12275450
12278000
12279780
12280550
12280660
12280700
12280720
12280720
12280720
12280720
12280720
12280720
12280720
12280720
12280720
12280720
12280720
12280720
12280720
12280720
12280720
12280720
12280720
12280720
12280720
12280720
12280720
3536610
6273530
8303260
9732110
10674710
11257330
11594780
11781400
11875880
11926280
11951080
11962050
11966760
11968470
11969520
11969730
11969780
11969790
11969800
11969800
11969800
11969800
11969800
11969800
11969800
11969800
11969800
11969800
11969800
11969800
11969800
11969800
11969800
11969800
11969800
11969800
11969800
11969800
11969800
11969800
3685310
6545890
8669870
10157130
11104900
11696150
12041730
12243600
12366190
12429460
12459640
12475710
12481870
12485190
12487020
12488570
12489130
12489170
12489180
12489190
12489200
12489200
12489200
12489200
12489200
12489200
12489200
12489200
12489200
12489200
12489200
12489200
12489200
12489200
12489200
12489200
12489200
12489200
12489200
12489200
3533250
6308180
8383460
9830030
10780020
11393680
11767540
11985330
12108390
12180730
12218600
12236580
12246520
12251350
12253370
12254630
12255720
12256730
12257270
12257850
12257860
12257860
12257860
12257860
12257860
12257860
12257860
12257860
12257860
12257860
12257860
12257860
12257860
12257860
12257860
12257860
12257860
12257860
12257860
12257860
3578870
6355780
8410510
9857660
10806100
11412180
11768750
11979340
12094900
12155060
12186130
12200800
12209300
12211900
12212920
12213150
12213290
12213350
12213380
12213400
12213410
12213410
12213410
12213410
12213410
12213410
12213410
12213410
12213410
12213410
12213410
12213410
12213410
12213410
12213410
12213410
12213410
12213410
12213410
12213410
3523670
6279510
8326510
9762120
10721770
11328800
11701490
11936820
12075050
12157070
12202470
12222110
12229950
12232630
12233820
12234150
12234320
12234380
12234420
12234440
12234440
12234440
12234440
12234440
12234440
12234440
12234440
12234440
12234440
12234440
12234440
12234440
12234440
12234440
12234440
12234440
12234440
12234440
12234440
12234440
3675640
6562430
8691310
10200980
11214200
11853060
12232020
12444050
12557910
12620470
12648870
12664190
12671320
12674580
12675500
12675640
12675690
12675710
12675720
12675730
12675730
12675730
12675730
12675730
12675730
12675730
12675730
12675730
12675730
12675730
12675730
12675730
12675730
12675730
12675730
12675730
12675730
12675730
12675730
12675730
3579260
6404240
8498820
9982390
10948960
11562780
11937360
12146550
12266840
12333450
12366630
12382280
12390170
12394980
12397010
12398260
12398880
12398930
12398940
12398940
12398940
12398940
12398940
12398940
12398940
12398940
12398940
12398940
12398940
12398940
12398940
12398940
12398940
12398940
12398940
12398940
12398940
12398940
12398940
12398940
3580910
6386070
8486340
9949270
10917440
11542440
11926640
12142830
12271600
12345350
12383240
12402020
12412600
12417370
12419420
12419680
12419740
12419780
12419800
12419810
12419820
12419820
12419820
12419820
12419820
12419820
12419820
12419820
12419820
12419820
12419820
12419820
12419820
12419820
12419820
12419820
12419820
12419820
12419820
12419820
3552260
6321790
8406150
9895680
10893570
11526550
11907100
12131700
12262740
12336150
12374410
12394350
12406440
12412870
12416220
12417200
12417480
12417640
12417750
12417810
12417830
12417850
12417860
12417860
12417860
12417860
12417860
12417860
12417860
12417860
12417860
12417860
12417860
12417860
12417860
12417860
12417860
12417860
12417860
12417860
3508070
6273410
8354450
9826170
10796440
11414030
11795860
12030010
12164690
12246050
12285290
12305430
12314170
12319150
12323410
12324640
12324730
12324760
12324790
12324800
12324810
12324810
12324810
12324810
12324810
12324810
12324810
12324810
12324810
12324810
12324810
12324810
12324810
12324810
12324810
12324810
12324810
12324810
12324810
12324810
3705510
6631400
8806820
10321850
11323530
11955370
12340830
12552560
12670410
12736260
12765370
12778050
12785990
12790800
12793930
12794860
12795110
12795240
12795320
12795340
12795340
12795340
12795340
12795340
12795340
12795340
12795340
12795340
12795340
12795340
12795340
12795340
12795340
12795340
12795340
12795340
12795340
12795340
12795340
12795340
3685870
6565240
8711830
10172590
11110200
11683620
12015330
12198460
12299010
12349730
12370780
12383380
12391020
12393580
12395500
12396280
12396400
12396440
12396460
12396460
12396460
12396460
12396460
12396460
12396460
12396460
12396460
12396460
12396460
12396460
12396460
12396460
12396460
12396460
12396460
12396460
12396460
12396460
12396460
12396460
3612050
6465890
8598630
10094540
11065850
11680090
12037970
12238580
12353430
12413460
12439230
12453890
12461590
12465010
12465500
12465800
12465880
12465910
12465920
12465930
12465930
12465930
12465930
12465930
12465930
12465930
12465930
12465930
12465930
12465930
12465930
12465930
12465930
12465930
12465930
12465930
12465930
12465930
12465930
12465930
3631720
6483600
8590440
10061160
11020360
11597120
11925450
12108940
12208510
12257650
12281820
12291280
12296730
12299510
12299950
12300100
12300160
12300200
12300220
12300220
12300220
12300220
12300220
12300220
12300220
12300220
12300220
12300220
12300220
12300220
12300220
12300220
12300220
12300220
12300220
12300220
12300220
12300220
12300220
12300220
3648410
6515370
8608230
10057960
10993460
11575980
11927570
12136040
12251010
12314760
12347350
12367150
12377080
12382140
12385150
12385980
12386700
12387330
12387910
12387960
12387980
12387990
12387990
12387990
12387990
12387990
12387990
12387990
12387990
12387990
12387990
12387990
12387990
12387990
12387990
12387990
12387990
12387990
12387990
12387990
3591130
6379520
8448880
9881490
10828060
11414350
11755980
11956480
12069430
12132550
12166980
12181540
12189600
12192510
12194450
12194690
12194780
12194850
12194870
12194890
12194890
12194890
12194890
12194890
12194890
12194890
12194890
12194890
12194890
12194890
12194890
12194890
12194890
12194890
12194890
12194890
12194890
12194890
12194890
12194890
3592110
6422670
8524320
10029470
11044070
11669120
12045670
12255750
12379430
12449340
12487170
12510510
12523960
12530710
12534660
12537730
12539430
12540060
12540110
12540140
12540150
12540150
12540150
12540150
12540150
12540150
12540150
12540150
12540150
12540150
12540150
12540150
12540150
12540150
12540150
12540150
12540150
12540150
12540150
12540150
3532180
6311000
8390520
9858870
10870560
11487840
11878880
12108650
12242500
12320370
12361920
12383120
12392470
12396680
12398120
12398920
12399050
12399100
12399120
12399130
12399140
12399140
12399140
12399140
12399140
12399140
12399140
12399140
12399140
12399140
12399140
12399140
12399140
12399140
12399140
12399140
12399140
12399140
12399140
12399140
3557360
6348180
8412280
9861170
10814610
11400360
11735800
11934980
12045850
12105050
12137790
12155430
12162920
12166290
12168150
12168880
12169510
12169560
12169600
12169620
12169640
12169640
12169640
12169640
12169640
12169640
12169640
12169640
12169640
12169640
12169640
12169640
12169640
12169640
12169640
12169640
12169640
12169640
12169640
12169640
3601840
6434050
8515630
9973670
10935280
11521160
11861070
12057190
12156770
12209120
12232830
12242810
12248990
12251720
12253630
12254610
12255110
12255130
12255130
12255130
12255130
12255130
12255130
12255130
12255130
12255130
12255130
12255130
12255130
12255130
12255130
12255130
12255130
12255130
12255130
12255130
12255130
12255130
12255130
12255130
3600600
6395050
8453440
9861790
10743250
11293140
11606980
11779730
11874070
11925290
11950630
11963470
11968740
11970640
11972210
11972930
11973070
11973140
11973180
11973190
11973200
11973200
11973200
11973200
11973200
11973200
11973200
11973200
11973200
11973200
11973200
11973200
11973200
11973200
11973200
11973200
11973200
11973200
11973200
11973200
3601770
6409140
8498490
9972530
10927720
11543970
11923740
12149510
12275950
12348050
12384190
12402590
12411370
12415650
12417460
12418330
12418520
12418620
12418690
12418740
12418750
12418750
12418750
12418750
12418750
12418750
12418750
12418750
12418750
12418750
12418750
12418750
12418750
12418750
12418750
12418750
12418750
12418750
12418750
12418750
3663180
6503150
8576300
10027630
10940080
11495800
11814920
11989260
12096270
12153340
12187260
12205460
12214710
12218410
12219480
12220230
12220830
12220880
12220900
12220910
12220910
12220910
12220910
12220910
12220910
12220910
12220910
12220910
12220910
12220910
12220910
12220910
12220910
12220910
12220910
12220910
12220910
12220910
12220910
12220910
3596480
6406300
8466170
9904620
10816800
11385100
11717210
11911440
12025060
12080560
12107220
12119040
12124210
12126340
12128170
12129800
12130420
12130470
12130490
12130490
12130490
12130490
12130490
12130490
12130490
12130490
12130490
12130490
12130490
12130490
12130490
12130490
12130490
12130490
12130490
12130490
12130490
12130490
12130490
12130490
3700220
6613740
8785280
10325720
11333530
11956820
12328380
12535570
12644460
12704800
12732560
12749230
12757530
12762490
12764860
12766160
12767300
12767390
12767440
12767480
12767500
12767510
12767510
12767510
12767510
12767510
12767510
12767510
12767510
12767510
12767510
12767510
12767510
12767510
12767510
12767510
12767510
12767510
12767510
12767510
3580000
6375960
8469060
9947850
10920580
11530960
11887080
12100880
12219800
12289350
12327040
12352140
12365120
12369700
12371510
12371670
12371730
12371750
12371750
12371750
12371750
12371750
12371750
12371750
12371750
12371750
12371750
12371750
12371750
12371750
12371750
12371750
12371750
12371750
12371750
12371750
12371750
12371750
12371750
12371750
3508560
6263520
8320590
9786940
10753070
11362520
11715960
11925160
12041820
12101230
12131350
12144670
12151590
12155700
12157930
12158880
12159080
12159190
12159240
12159260
12159270
12159270
12159270
12159270
12159270
12159270
12159270
12159270
12159270
12159270
12159270
12159270
12159270
12159270
12159270
12159270
12159270
12159270
12159270
12159270
3578060
6412820
8489280
9936870
10895380
11506780
11882800
12108680
12237650
12312590
12348960
12364740
12373740
12376330
12377870
12378150
12378270
12378330
12378380
12378400
12378410
12378420
12378420
12378420
12378420
12378420
12378420
12378420
12378420
12378420
12378420
12378420
12378420
12378420
12378420
12378420
12378420
12378420
12378420
12378420
3641250
6459090
8547970
9991680
10924490
11491320
11829540
12014940
12113320
12165410
12190120
12202380
12209940
12212690
12214580
12216290
12216820
12216840
12216860
12216870
12216870
12216870
12216870
12216870
12216870
12216870
12216870
12216870
12216870
12216870
12216870
12216870
12216870
12216870
12216870
12216870
12216870
12216870
12216870
12216870
3441930
6167910
8217990
9663900
10629880
11277810
11683500
11924870
12063520
12148190
12196530
12224350
12239250
12245790
12248810
12250610
12250770
12250820
12250850
12250860
12250860
12250860
12250860
12250860
12250860
12250860
12250860
12250860
12250860
12250860
12250860
12250860
12250860
12250860
12250860
12250860
12250860
12250860
12250860
12250860
3519810
6269280
8325020
9768570
10733190
11326690
11704530
11929460
12055760
12128810
12168320
12185940
12194020
12198880
12201800
12203580
12204670
12204730
12204750
12204760
12204770
12204770
12204770
12204770
12204770
12204770
12204770
12204770
12204770
12204770
12204770
12204770
12204770
12204770
12204770
12204770
12204770
12204770
12204770
12204770
3589910
6405570
8509180
9991800
10953790
11561460
11907870
12099800
12212680
12272950
12300610
12312250
12317700
12319820
12321450
12321880
12322080
12322190
12322240
12322280
12322280
12322280
12322280
12322280
12322280
12322280
12322280
12322280
12322280
12322280
12322280
12322280
12322280
12322280
12322280
12322280
12322280
12322280
12322280
12322280
3591240
6403930
8518710
9988070
10956850
11564480
11941020
12161630
12283730
12353140
12387740
12402740
12410900
12414450
12414910
12415160
12415280
12415320
12415330
12415330
12415330
12415330
12415330
12415330
12415330
12415330
12415330
12415330
12415330
12415330
12415330
12415330
12415330
12415330
12415330
12415330
12415330
12415330
12415330
12415330
3556250
6355400
8405140
9845150
10803080
11414920
11781640
11992730
12107040
12169670
12204090
12222790
12230870
12234890
12236440
12237330
12238070
12238670
12238680
12238680
12238680
12238680
12238680
12238680
12238680
12238680
12238680
12238680
12238680
12238680
12238680
12238680
12238680
12238680
12238680
12238680
12238680
12238680
12238680
12238680
3704400
6604520
8771800
10272800
11261930
11869460
12223440
12427240
12534620
12590910
12622160
12636060
12643020
12647380
12649360
12649560
12649670
12649730
12649770
12649810
12649830
12649830
12649830
12649830
12649830
12649830
12649830
12649830
12649830
12649830
12649830
12649830
12649830
12649830
12649830
12649830
12649830
12649830
12649830
12649830
3543090
6316130
8373440
9817800
10797930
11410750
11795030
12022970
12151310
12225020
12270210
12294580
12304910
12309470
12313120
12315040
12316270
12316410
12316520
12316600
12316630
12316640
12316640
12316640
12316640
12316640
12316640
12316640
12316640
12316640
12316640
12316640
12316640
12316640
12316640
12316640
12316640
12316640
12316640
12316640
3731150
6669790
8857540
10359160
11324640
11912990
12250410
12442200
12544790
12600920
12630920
12645330
12651190
12654640
12655620
12656410
12656590
12656680
12656710
12656710
12656710
12656710
12656710
12656710
12656710
12656710
12656710
12656710
12656710
12656710
12656710
12656710
12656710
12656710
12656710
12656710
12656710
12656710
12656710
12656710
3534000
6308460
8354760
9803100
10763740
11368100
11724030
11928480
12042380
12107370
12137480
12153400
12160750
12164250
12165340
12166140
12166730
12166780
12166810
12166830
12166830
12166830
12166830
12166830
12166830
12166830
12166830
12166830
12166830
12166830
12166830
12166830
12166830
12166830
12166830
12166830
12166830
12166830
12166830
12166830
3714370
6628600
8811180
10339240
11323770
11914720
12263650
12456080
12579940
12649080
12686470
12704020
12712550
12717300
12719640
12720860
12721010
12721090
12721130
12721170
12721180
12721180
12721180
12721180
12721180
12721180
12721180
12721180
12721180
12721180
12721180
12721180
12721180
12721180
12721180
12721180
12721180
12721180
12721180
12721180
3665480
6509930
8590620
10030710
10967600
11540390
11873690
12051450
12146860
12202560
12229530
12243440
12251660
12255710
12258520
12258670
12258750
12258800
12258830
12258840
12258850
12258860
12258870
12258870
12258870
12258870
12258870
12258870
12258870
12258870
12258870
12258870
12258870
12258870
12258870
12258870
12258870
12258870
12258870
12258870
3560860
6328800
8390170
9831000
10763620
11342080
11694640
11897950
12014810
12067270
12093410
12106630
12111400
12113410
12113960
12114250
12114410
12114460
12114490
12114510
12114510
12114510
12114510
12114510
12114510
12114510
12114510
12114510
12114510
12114510
12114510
12114510
12114510
12114510
12114510
12114510
12114510
12114510
12114510
12114510
3637250
6491500
8630850
10100360
11045840
11620780
11972800
12175520
12290070
12357970
12393270
12409430
12417450
12420220
12421160
12421870
12422000
12422070
12422130
12422170
12422200
12422220
12422230
12422230
12422230
12422230
12422230
12422230
12422230
12422230
12422230
12422230
12422230
12422230
12422230
12422230
12422230
12422230
12422230
12422230
3649400
6520460
8653890
10142360
11119410
11739150
12097220
12307910
12419360
12485660
12525950
12546770
12559230
12563970
12566430
12566610
12566680
12566700
12566700
12566700
12566700
12566700
12566700
12566700
12566700
12566700
12566700
12566700
12566700
12566700
12566700
12566700
12566700
12566700
12566700
12566700
12566700
12566700
12566700
12566700
3629500
6459700
8567130
10038250
10998990
11600920
11961660
12163810
12281250
12348530
12384480
12404660
12414590
12420640
12423610
12425550
12426870
12427020
12427100
12427150
12427180
12427200
12427210
12427220
12427220
12427220
12427220
12427220
12427220
12427220
12427220
12427220
12427220
12427220
12427220
12427220
12427220
12427220
12427220
12427220
3582890
6356240
8415030
9850420
10799310
11392580
11747600
11966680
12097990
12169280
12206220
12224070
12231510
12234690
12235400
12235770
12235970
12236050
12236080
12236100
12236110
12236110
12236110
12236110
12236110
12236110
12236110
12236110
12236110
12236110
12236110
12236110
12236110
12236110
12236110
12236110
12236110
12236110
12236110
12236110
3536370
6256270
8227880
9602680
10494350
11033790
11349100
11522170
11615140
11663860
11684190
11694080
11698720
11700920
11702360
11703050
11703150
11703210
11703260
11703300
11703320
11703340
11703340
11703340
11703340
11703340
11703340
11703340
11703340
11703340
11703340
11703340
11703340
11703340
11703340
11703340
11703340
11703340
11703340
11703340
3617170
6443860
8553860
10051620
11054460
11693120
12085710
12314970
12449800
12521570
12560320
12581770
12595320
12602570
12605910
12607200
12607860
12608430
12608460
12608460
12608460
12608460
12608460
12608460
12608460
12608460
12608460
12608460
12608460
12608460
12608460
12608460
12608460
12608460
12608460
12608460
12608460
12608460
12608460
12608460
3628320
6464870
8556180
9990140
10924630
11494670
11828010
12018950
12127920
12190230
12220540
12237630
12246350
12250630
12252060
12252750
12252850
12252890
12252900
12252910
12252920
12252920
12252920
12252920
12252920
12252920
12252920
12252920
12252920
12252920
12252920
12252920
12252920
12252920
12252920
12252920
12252920
12252920
12252920
12252920
3551960
6342940
8465450
9977650
11006090
11676290
12088580
12334690
12476930
12561990
12608090
12633220
12645700
12650950
12653580
12654970
12656130
12656810
12656890
12656930
12656970
12657010
12657040
12657050
12657050
12657050
12657050
12657050
12657050
12657050
12657050
12657050
12657050
12657050
12657050
12657050
12657050
12657050
12657050
12657050
3531020
6289900
8355790
9808090
10788330
11400890
11768190
11992280
12122140
12197930
12239370
12257570
12268560
12272390
12274000
12274840
12275480
12276090
12276170
12276230
12276260
12276270
12276270
12276270
12276270
12276270
12276270
12276270
12276270
12276270
12276270
12276270
12276270
12276270
12276270
12276270
12276270
12276270
12276270
12276270
3680420
6558130
8690590
10145700
11120830
11720140
12075080
12283730
12408810
12484280
12523230
12545970
12556520
12562090
12564880
12565840
12566610
12566730
12566790
12566820
12566830
12566830
12566830
12566830
12566830
12566830
12566830
12566830
12566830
12566830
12566830
12566830
12566830
12566830
12566830
12566830
12566830
12566830
12566830
12566830
3615550
6408300
8461140
9877790
10799610
11342350
11660110
11834920
11925390
11970920
11993850
12006660
12010920
12014350
12015660
12015800
12015850
12015870
12015880
12015890
12015900
12015900
12015900
12015900
12015900
12015900
12015900
12015900
12015900
12015900
12015900
12015900
12015900
12015900
12015900
12015900
12015900
12015900
12015900
12015900
3541430
6314480
8344040
9747810
10653910
11210030
11532510
11710900
11806330
11851570
11874860
11885090
11890610
11892750
11894110
11894230
11894310
11894340
11894370
11894370
11894370
11894370
11894370
11894370
11894370
11894370
11894370
11894370
11894370
11894370
11894370
11894370
11894370
11894370
11894370
11894370
11894370
11894370
11894370
11894370
3591630
6398710
8490390
9972460
10967490
11574500
11944190
12157140
12281670
12350910
12389750
12408750
12417550
12423020
12425470
12426240
12426860
12426950
12427000
12427030
12427050
12427050
12427050
12427050
12427050
12427050
12427050
12427050
12427050
12427050
12427050
12427050
12427050
12427050
12427050
12427050
12427050
12427050
12427050
12427050
3544220
6320970
8394450
9868180
10855400
11475850
11858490
12075270
12197820
12262980
12305670
12328630
12339190
12342700
12344710
12345950
12347090
12347660
12347700
12347720
12347720
12347720
12347720
12347720
12347720
12347720
12347720
12347720
12347720
12347720
12347720
12347720
12347720
12347720
12347720
12347720
12347720
12347720
12347720
12347720
3508620
6255310
8311350
9749180
10701800
11296410
11666690
11881200
12006140
12073570
12110970
12129480
12136610
12140850
12143140
12144300
12144820
12145440
12145460
12145460
12145460
12145460
12145460
12145460
12145460
12145460
12145460
12145460
12145460
12145460
12145460
12145460
12145460
12145460
12145460
12145460
12145460
12145460
12145460
12145460
3607110
6396890
8397610
9749050
10629960
11154010
11460870
11634430
11722940
11765280
11787130
11797380
11801440
11803520
11804820
11806030
11806600
11806660
11806680
11806690
11806690
11806690
11806690
11806690
11806690
11806690
11806690
11806690
11806690
11806690
11806690
11806690
11806690
11806690
11806690
11806690
11806690
11806690
11806690
11806690
3611400
6396830
8452590
9894070
10843290
11429150
11779100
11973310
12089380
12155320
12193040
12208920
12215250
12218780
12219870
12220200
12220390
12220440
12220470
12220490
12220510
12220510
12220510
12220510
12220510
12220510
12220510
12220510
12220510
12220510
12220510
12220510
12220510
12220510
12220510
12220510
12220510
12220510
12220510
12220510
3632320
6457050
8559230
10035570
11026380
11634280
11989730
12205040
12327280
12390300
12425320
12444330
12454060
12460930
12463330
12465410
12466000
12466620
12466670
12466690
12466700
12466700
12466700
12466700
12466700
12466700
12466700
12466700
12466700
12466700
12466700
12466700
12466700
12466700
12466700
12466700
12466700
12466700
12466700
12466700
3449560
6134810
8168140
9618750
10610810
11261130
11660230
11895460
12033400
12108920
12147710
12167590
12178550
12184000
12187140
12188900
12190030
12190090
12190110
12190120
12190120
12190120
12190120
12190120
12190120
12190120
12190120
12190120
12190120
12190120
12190120
12190120
12190120
12190120
12190120
12190120
12190120
12190120
12190120
12190120
3515640
6240100
8262490
9661110
10560890
11105310
11433750
11626720
11731430
11787280
11813670
11827720
11835030
11839810
11842090
11842680
11842730
11842730
11842730
11842730
11842730
11842730
11842730
11842730
11842730
11842730
11842730
11842730
11842730
11842730
11842730
11842730
11842730
11842730
11842730
11842730
11842730
11842730
11842730
11842730
3672460
6519400
8632500
10096460
11015910
11550400
11849160
12008250
12094110
12142400
12168550
12180990
12185360
12186640
12186960
12187120
12187210
12187240
12187260
12187270
12187280
12187290
12187290
12187290
12187290
12187290
12187290
12187290
12187290
12187290
12187290
12187290
12187290
12187290
12187290
12187290
12187290
12187290
12187290
12187290
3677350
6507270
8590140
10029780
10962460
11553300
11906800
12114450
12234040
12300100
12335340
12355890
12366570
12372060
12374210
12375510
12375670
12375780
12375820
12375840
12375840
12375840
12375840
12375840
12375840
12375840
12375840
12375840
12375840
12375840
12375840
12375840
12375840
12375840
12375840
12375840
12375840
12375840
12375840
12375840
