19834.0
32580.0
41016.0
47587.0
53281.0
57925.0
61532.0
64123.0
65870.0
66987.0
67631.0
67953.0
68162.0
68282.0
68357.0
68383.0
68394.0
68400.0
68403.0
68404.0
68404.0
68404.0
68404.0
68404.0
68404.0
68404.0
68404.0
68404.0
68404.0
68404.0
68404.0
68404.0
68404.0
68404.0
68404.0
68404.0
68404.0
68404.0
68404.0
68404.0
19813.0
32379.0
40816.0
47183.0
52739.0
57081.0
60488.0
62921.0
64550.0
65628.0
66235.0
66567.0
66751.0
66872.0
66939.0
66980.0
67018.0
67041.0
67060.0
67074.0
67083.0
67088.0
67088.0
67088.0
67088.0
67088.0
67088.0
67088.0
67088.0
67088.0
67088.0
67088.0
67088.0
67088.0
67088.0
67088.0
67088.0
67088.0
67088.0
67088.0
19574.0
32242.0
40604.0
47056.0
52565.0
56984.0
60370.0
62814.0
64518.0
65613.0
66287.0
66709.0
66935.0
67053.0
67103.0
67131.0
67137.0
67139.0
67140.0
67140.0
67140.0
67140.0
67140.0
67140.0
67140.0
67140.0
67140.0
67140.0
67140.0
67140.0
67140.0
67140.0
67140.0
67140.0
67140.0
67140.0
67140.0
67140.0
67140.0
67140.0
19672.0
32381.0
40777.0
47429.0
52998.0
57545.0
60908.0
63304.0
65012.0
66092.0
66752.0
67136.0
67368.0
67507.0
67583.0
67617.0
67633.0
67643.0
67650.0
67652.0
67652.0
67652.0
67652.0
67652.0
67652.0
67652.0
67652.0
67652.0
67652.0
67652.0
67652.0
67652.0
67652.0
67652.0
67652.0
67652.0
67652.0
67652.0
67652.0
67652.0
19662.0
32435.0
41020.0
47707.0
53547.0
58365.0
62100.0
64782.0
66666.0
67944.0
68797.0
69290.0
69581.0
69727.0
69804.0
69848.0
69875.0
69891.0
69896.0
69898.0
69899.0
69899.0
69899.0
69899.0
69899.0
69899.0
69899.0
69899.0
69899.0
69899.0
69899.0
69899.0
69899.0
69899.0
69899.0
69899.0
69899.0
69899.0
69899.0
69899.0
20256.0
33277.0
41941.0
48545.0
54391.0
58959.0
62374.0
64625.0
66203.0
67139.0
67699.0
68053.0
68228.0
68312.0
68363.0
68391.0
68406.0
68410.0
68412.0
68414.0
68414.0
68414.0
68414.0
68414.0
68414.0
68414.0
68414.0
68414.0
68414.0
68414.0
68414.0
68414.0
68414.0
68414.0
68414.0
68414.0
68414.0
68414.0
68414.0
68414.0
19667.0
32154.0
40506.0
47107.0
52696.0
57129.0
60532.0
62949.0
64611.0
65673.0
66376.0
66785.0
67026.0
67132.0
67184.0
67214.0
67232.0
67245.0
67253.0
67257.0
67258.0
67259.0
67260.0
67260.0
67260.0
67260.0
67260.0
67260.0
67260.0
67260.0
67260.0
67260.0
67260.0
67260.0
67260.0
67260.0
67260.0
67260.0
67260.0
67260.0
20255.0
33221.0
41685.0
48365.0
54165.0
58889.0
62393.0
64873.0
66550.0
67638.0
68262.0
68638.0
68832.0
68928.0
68980.0
69015.0
69037.0
69042.0
69045.0
69045.0
69045.0
69045.0
69045.0
69045.0
69045.0
69045.0
69045.0
69045.0
69045.0
69045.0
69045.0
69045.0
69045.0
69045.0
69045.0
69045.0
69045.0
69045.0
69045.0
69045.0
19820.0
32381.0
40812.0
47289.0
52943.0
57427.0
60845.0
63247.0
64946.0
66094.0
66809.0
67265.0
67526.0
67659.0
67733.0
67770.0
67794.0
67810.0
67818.0
67821.0
67823.0
67823.0
67823.0
67823.0
67823.0
67823.0
67823.0
67823.0
67823.0
67823.0
67823.0
67823.0
67823.0
67823.0
67823.0
67823.0
67823.0
67823.0
67823.0
67823.0
19856.0
32579.0
41052.0
47706.0
53584.0
58236.0
61845.0
64478.0
66243.0
67387.0
68052.0
68440.0
68677.0
68812.0
68872.0
68903.0
68920.0
68935.0
68937.0
68938.0
68938.0
68938.0
68938.0
68938.0
68938.0
68938.0
68938.0
68938.0
68938.0
68938.0
68938.0
68938.0
68938.0
68938.0
68938.0
68938.0
68938.0
68938.0
68938.0
68938.0
19991.0
32904.0
41543.0
48377.0
54226.0
58931.0
62398.0
64818.0
66429.0
67481.0
68138.0
68545.0
68766.0
68880.0
68936.0
68978.0
69001.0
69008.0
69012.0
69014.0
69015.0
69015.0
69015.0
69015.0
69015.0
69015.0
69015.0
69015.0
69015.0
69015.0
69015.0
69015.0
69015.0
69015.0
69015.0
69015.0
69015.0
69015.0
69015.0
69015.0
19679.0
32312.0
40684.0
47329.0
53344.0
58223.0
62019.0
64857.0
66857.0
68212.0
69063.0
69592.0
69927.0
70140.0
70263.0
70338.0
70391.0
70407.0
70416.0
70420.0
70423.0
70423.0
70423.0
70423.0
70423.0
70423.0
70423.0
70423.0
70423.0
70423.0
70423.0
70423.0
70423.0
70423.0
70423.0
70423.0
70423.0
70423.0
70423.0
70423.0
19830.0
32496.0
40861.0
47558.0
53440.0
58124.0
61584.0
64133.0
65797.0
66862.0
67552.0
67939.0
68183.0
68312.0
68370.0
68393.0
68409.0
68415.0
68418.0
68418.0
68418.0
68418.0
68418.0
68418.0
68418.0
68418.0
68418.0
68418.0
68418.0
68418.0
68418.0
68418.0
68418.0
68418.0
68418.0
68418.0
68418.0
68418.0
68418.0
68418.0
19876.0
32512.0
40925.0
47529.0
53273.0
57847.0
61246.0
63798.0
65555.0
66721.0
67477.0
67963.0
68290.0
68441.0
68517.0
68565.0
68586.0
68594.0
68596.0
68597.0
68598.0
68598.0
68598.0
68598.0
68598.0
68598.0
68598.0
68598.0
68598.0
68598.0
68598.0
68598.0
68598.0
68598.0
68598.0
68598.0
68598.0
68598.0
68598.0
68598.0
19665.0
32128.0
40431.0
46947.0
52468.0
56978.0
60217.0
62623.0
64226.0
65225.0
65840.0
66241.0
66439.0
66563.0
66626.0
66666.0
66682.0
66691.0
66696.0
66698.0
66700.0
66701.0
66702.0
66703.0
66704.0
66704.0
66704.0
66704.0
66704.0
66704.0
66704.0
66704.0
66704.0
66704.0
66704.0
66704.0
66704.0
66704.0
66704.0
66704.0
19371.0
31884.0
40221.0
46798.0
52524.0
57302.0
60952.0
63701.0
65671.0
67088.0
68003.0
68566.0
68895.0
69105.0
69224.0
69295.0
69328.0
69348.0
69365.0
69378.0
69378.0
69378.0
69378.0
69378.0
69378.0
69378.0
69378.0
69378.0
69378.0
69378.0
69378.0
69378.0
69378.0
69378.0
69378.0
69378.0
69378.0
69378.0
69378.0
69378.0
19601.0
31955.0
40266.0
46826.0
52602.0
57363.0
61041.0
63790.0
65632.0
66850.0
67629.0
68100.0
68361.0
68507.0
68576.0
68613.0
68639.0
68645.0
68650.0
68653.0
68655.0
68655.0
68655.0
68655.0
68655.0
68655.0
68655.0
68655.0
68655.0
68655.0
68655.0
68655.0
68655.0
68655.0
68655.0
68655.0
68655.0
68655.0
68655.0
68655.0
19797.0
32264.0
40748.0
47393.0
53197.0
57880.0
61487.0
64099.0
65989.0
67212.0
68018.0
68522.0
68812.0
68952.0
69023.0
69058.0
69070.0
69075.0
69076.0
69076.0
69076.0
69076.0
69076.0
69076.0
69076.0
69076.0
69076.0
69076.0
69076.0
69076.0
69076.0
69076.0
69076.0
69076.0
69076.0
69076.0
69076.0
69076.0
69076.0
69076.0
19923.0
32444.0
40720.0
47402.0
53287.0
57924.0
61544.0
64055.0
65751.0
66944.0
67650.0
68086.0
68300.0
68426.0
68482.0
68503.0
68511.0
68514.0
68514.0
68514.0
68514.0
68514.0
68514.0
68514.0
68514.0
68514.0
68514.0
68514.0
68514.0
68514.0
68514.0
68514.0
68514.0
68514.0
68514.0
68514.0
68514.0
68514.0
68514.0
68514.0
19732.0
32453.0
40541.0
46824.0
52420.0
56879.0
60241.0
62675.0
64241.0
65306.0
65946.0
66309.0
66513.0
66632.0
66699.0
66717.0
66728.0
66732.0
66733.0
66734.0
66734.0
66734.0
66734.0
66734.0
66734.0
66734.0
66734.0
66734.0
66734.0
66734.0
66734.0
66734.0
66734.0
66734.0
66734.0
66734.0
66734.0
66734.0
66734.0
66734.0
19953.0
32716.0
41386.0
48143.0
54007.0
58687.0
62155.0
64686.0
66342.0
67420.0
68042.0
68430.0
68642.0
68752.0
68801.0
68827.0
68839.0
68847.0
68851.0
68853.0
68854.0
68854.0
68854.0
68854.0
68854.0
68854.0
68854.0
68854.0
68854.0
68854.0
68854.0
68854.0
68854.0
68854.0
68854.0
68854.0
68854.0
68854.0
68854.0
68854.0
19738.0
32383.0
40727.0
47358.0
53188.0
57632.0
61096.0
63608.0
65241.0
66260.0
66851.0
67142.0
67315.0
67409.0
67454.0
67477.0
67490.0
67497.0
67500.0
67500.0
67500.0
67500.0
67500.0
67500.0
67500.0
67500.0
67500.0
67500.0
67500.0
67500.0
67500.0
67500.0
67500.0
67500.0
67500.0
67500.0
67500.0
67500.0
67500.0
67500.0
19798.0
32501.0
41065.0
47895.0
53824.0
58598.0
62174.0
64684.0
66368.0
67535.0
68209.0
68619.0
68845.0
68966.0
69021.0
69048.0
69059.0
69061.0
69061.0
69061.0
69061.0
69061.0
69061.0
69061.0
69061.0
69061.0
69061.0
69061.0
69061.0
69061.0
69061.0
69061.0
69061.0
69061.0
69061.0
69061.0
69061.0
69061.0
69061.0
69061.0
19777.0
32378.0
40799.0
47324.0
53046.0
57657.0
61057.0
63500.0
65210.0
66347.0
67022.0
67408.0
67664.0
67789.0
67841.0
67865.0
67882.0
67894.0
67895.0
67896.0
67896.0
67896.0
67896.0
67896.0
67896.0
67896.0
67896.0
67896.0
67896.0
67896.0
67896.0
67896.0
67896.0
67896.0
67896.0
67896.0
67896.0
67896.0
67896.0
67896.0
20056.0
32675.0
41204.0
47804.0
53625.0
58205.0
61682.0
64239.0
65916.0
67045.0
67639.0
68025.0
68253.0
68389.0
68465.0
68503.0
68529.0
68536.0
68539.0
68541.0
68541.0
68541.0
68541.0
68541.0
68541.0
68541.0
68541.0
68541.0
68541.0
68541.0
68541.0
68541.0
68541.0
68541.0
68541.0
68541.0
68541.0
68541.0
68541.0
68541.0
19756.0
32427.0
40789.0
47204.0
52722.0
56997.0
60258.0
62474.0
63985.0
64920.0
65458.0
65747.0
65887.0
65967.0
66003.0
66025.0
66030.0
66032.0
66033.0
66034.0
66035.0
66036.0
66036.0
66036.0
66036.0
66036.0
66036.0
66036.0
66036.0
66036.0
66036.0
66036.0
66036.0
66036.0
66036.0
66036.0
66036.0
66036.0
66036.0
66036.0
19655.0
32154.0
40540.0
47245.0
52999.0
57625.0
61354.0
64005.0
65933.0
67116.0
67864.0
68279.0
68543.0
68679.0
68759.0
68799.0
68811.0
68815.0
68816.0
68816.0
68816.0
68816.0
68816.0
68816.0
68816.0
68816.0
68816.0
68816.0
68816.0
68816.0
68816.0
68816.0
68816.0
68816.0
68816.0
68816.0
68816.0
68816.0
68816.0
68816.0
19723.0
32318.0
40559.0
46831.0
52434.0
56723.0
59983.0
62364.0
63959.0
65015.0
65651.0
65986.0
66173.0
66284.0
66336.0
66365.0
66376.0
66382.0
66386.0
66386.0
66386.0
66386.0
66386.0
66386.0
66386.0
66386.0
66386.0
66386.0
66386.0
66386.0
66386.0
66386.0
66386.0
66386.0
66386.0
66386.0
66386.0
66386.0
66386.0
66386.0
19714.0
32330.0
40712.0
47314.0
52962.0
57566.0
60997.0
63429.0
65142.0
66239.0
66944.0
67339.0
67590.0
67708.0
67775.0
67795.0
67802.0
67804.0
67805.0
67805.0
67805.0
67805.0
67805.0
67805.0
67805.0
67805.0
67805.0
67805.0
67805.0
67805.0
67805.0
67805.0
67805.0
67805.0
67805.0
67805.0
67805.0
67805.0
67805.0
67805.0
19839.0
32689.0
41351.0
48238.0
54054.0
58619.0
61947.0
64325.0
65915.0
66876.0
67448.0
67816.0
68035.0
68152.0
68225.0
68256.0
68271.0
68278.0
68282.0
68282.0
68282.0
68282.0
68282.0
68282.0
68282.0
68282.0
68282.0
68282.0
68282.0
68282.0
68282.0
68282.0
68282.0
68282.0
68282.0
68282.0
68282.0
68282.0
68282.0
68282.0
19764.0
32462.0
40632.0
46833.0
52284.0
56749.0
60075.0
62447.0
64116.0
65233.0
65907.0
66351.0
66570.0
66684.0
66735.0
66758.0
66771.0
66777.0
66780.0
66781.0
66781.0
66781.0
66781.0
66781.0
66781.0
66781.0
66781.0
66781.0
66781.0
66781.0
66781.0
66781.0
66781.0
66781.0
66781.0
66781.0
66781.0
66781.0
66781.0
66781.0
19876.0
32546.0
40981.0
47540.0
53215.0
57610.0
61105.0
63576.0
65297.0
66389.0
67038.0
67439.0
67650.0
67775.0
67834.0
67858.0
67872.0
67874.0
67874.0
67874.0
67874.0
67874.0
67874.0
67874.0
67874.0
67874.0
67874.0
67874.0
67874.0
67874.0
67874.0
67874.0
67874.0
67874.0
67874.0
67874.0
67874.0
67874.0
67874.0
67874.0
19917.0
32820.0
41354.0
48049.0
53971.0
58724.0
62285.0
64974.0
66779.0
67943.0
68685.0
69107.0
69331.0
69485.0
69560.0
69583.0
69588.0
69592.0
69595.0
69596.0
69596.0
69596.0
69596.0
69596.0
69596.0
69596.0
69596.0
69596.0
69596.0
69596.0
69596.0
69596.0
69596.0
69596.0
69596.0
69596.0
69596.0
69596.0
69596.0
69596.0
19816.0
32442.0
40737.0
47292.0
53033.0
57586.0
61052.0
63385.0
65004.0
66046.0
66643.0
67042.0
67273.0
67377.0
67428.0
67449.0
67461.0
67470.0
67474.0
67477.0
67478.0
67479.0
67479.0
67479.0
67479.0
67479.0
67479.0
67479.0
67479.0
67479.0
67479.0
67479.0
67479.0
67479.0
67479.0
67479.0
67479.0
67479.0
67479.0
67479.0
20076.0
32841.0
41413.0
48304.0
54102.0
58701.0
62111.0
64495.0
66107.0
67133.0
67756.0
68118.0
68299.0
68410.0
68490.0
68516.0
68525.0
68527.0
68528.0
68528.0
68528.0
68528.0
68528.0
68528.0
68528.0
68528.0
68528.0
68528.0
68528.0
68528.0
68528.0
68528.0
68528.0
68528.0
68528.0
68528.0
68528.0
68528.0
68528.0
68528.0
19897.0
32698.0
41332.0
48030.0
53732.0
58326.0
61744.0
64247.0
65945.0
67087.0
67791.0
68177.0
68424.0
68542.0
68608.0
68635.0
68650.0
68656.0
68658.0
68658.0
68658.0
68658.0
68658.0
68658.0
68658.0
68658.0
68658.0
68658.0
68658.0
68658.0
68658.0
68658.0
68658.0
68658.0
68658.0
68658.0
68658.0
68658.0
68658.0
68658.0
20011.0
32745.0
41173.0
47764.0
53624.0
58339.0
61951.0
64519.0
66272.0
67363.0
68064.0
68495.0
68759.0
68901.0
68975.0
69020.0
69039.0
69050.0
69054.0
69056.0
69057.0
69058.0
69058.0
69058.0
69058.0
69058.0
69058.0
69058.0
69058.0
69058.0
69058.0
69058.0
69058.0
69058.0
69058.0
69058.0
69058.0
69058.0
69058.0
69058.0
19916.0
32660.0
41162.0
47858.0
53650.0
58239.0
61701.0
64217.0
65883.0
66995.0
67669.0
68056.0
68274.0
68431.0
68506.0
68542.0
68561.0
68568.0
68570.0
68571.0
68571.0
68571.0
68571.0
68571.0
68571.0
68571.0
68571.0
68571.0
68571.0
68571.0
68571.0
68571.0
68571.0
68571.0
68571.0
68571.0
68571.0
68571.0
68571.0
68571.0
19834.0
32614.0
41029.0
47590.0
53297.0
57848.0
61472.0
64039.0
65835.0
66975.0
67724.0
68170.0
68404.0
68524.0
68580.0
68614.0
68620.0
68624.0
68628.0
68631.0
68633.0
68634.0
68635.0
68636.0
68636.0
68636.0
68636.0
68636.0
68636.0
68636.0
68636.0
68636.0
68636.0
68636.0
68636.0
68636.0
68636.0
68636.0
68636.0
68636.0
20142.0
33006.0
41505.0
48151.0
53812.0
58389.0
61794.0
64200.0
65758.0
66734.0
67307.0
67647.0
67801.0
67866.0
67904.0
67918.0
67922.0
67925.0
67928.0
67930.0
67931.0
67931.0
67931.0
67931.0
67931.0
67931.0
67931.0
67931.0
67931.0
67931.0
67931.0
67931.0
67931.0
67931.0
67931.0
67931.0
67931.0
67931.0
67931.0
67931.0
20331.0
33250.0
41743.0
48430.0
54234.0
58778.0
62091.0
64400.0
65900.0
66891.0
67434.0
67762.0
67952.0
68055.0
68112.0
68147.0
68170.0
68181.0
68188.0
68192.0
68195.0
68195.0
68195.0
68195.0
68195.0
68195.0
68195.0
68195.0
68195.0
68195.0
68195.0
68195.0
68195.0
68195.0
68195.0
68195.0
68195.0
68195.0
68195.0
68195.0
19746.0
32306.0
40643.0
47190.0
52846.0
57351.0
60819.0
63325.0
64974.0
66070.0
66733.0
67076.0
67293.0
67415.0
67485.0
67508.0
67522.0
67527.0
67530.0
67531.0
67531.0
67531.0
67531.0
67531.0
67531.0
67531.0
67531.0
67531.0
67531.0
67531.0
67531.0
67531.0
67531.0
67531.0
67531.0
67531.0
67531.0
67531.0
67531.0
67531.0
19773.0
32340.0
40761.0
47323.0
52932.0
57372.0
60776.0
63284.0
64912.0
65994.0
66602.0
66939.0
67148.0
67288.0
67365.0
67401.0
67426.0
67440.0
67447.0
67450.0
67451.0
67451.0
67451.0
67451.0
67451.0
67451.0
67451.0
67451.0
67451.0
67451.0
67451.0
67451.0
67451.0
67451.0
67451.0
67451.0
67451.0
67451.0
67451.0
67451.0
19640.0
32298.0
40839.0
47498.0
53220.0
57741.0
61134.0
63561.0
65204.0
66338.0
66967.0
67338.0
67561.0
67679.0
67750.0
67781.0
67795.0
67802.0
67804.0
67804.0
67804.0
67804.0
67804.0
67804.0
67804.0
67804.0
67804.0
67804.0
67804.0
67804.0
67804.0
67804.0
67804.0
67804.0
67804.0
67804.0
67804.0
67804.0
67804.0
67804.0
19719.0
32551.0
41229.0
48004.0
53821.0
58470.0
62020.0
64492.0
66186.0
67347.0
68027.0
68412.0
68603.0
68701.0
68756.0
68783.0
68798.0
68801.0
68803.0
68804.0
68804.0
68804.0
68804.0
68804.0
68804.0
68804.0
68804.0
68804.0
68804.0
68804.0
68804.0
68804.0
68804.0
68804.0
68804.0
68804.0
68804.0
68804.0
68804.0
68804.0
19479.0
31992.0
40329.0
46831.0
52431.0
56962.0
60536.0
63165.0
65024.0
66256.0
67022.0
67516.0
67786.0
67924.0
67991.0
68019.0
68035.0
68040.0
68042.0
68044.0
68045.0
68046.0
68046.0
68046.0
68046.0
68046.0
68046.0
68046.0
68046.0
68046.0
68046.0
68046.0
68046.0
68046.0
68046.0
68046.0
68046.0
68046.0
68046.0
68046.0
19637.0
32271.0
40700.0
47214.0
52801.0
57271.0
60598.0
62971.0
64565.0
65573.0
66178.0
66501.0
66658.0
66761.0
66794.0
66811.0
66821.0
66826.0
66829.0
66831.0
66833.0
66833.0
66833.0
66833.0
66833.0
66833.0
66833.0
66833.0
66833.0
66833.0
66833.0
66833.0
66833.0
66833.0
66833.0
66833.0
66833.0
66833.0
66833.0
66833.0
20009.0
32820.0
41368.0
47912.0
53703.0
58380.0
61941.0
64502.0
66319.0
67532.0
68232.0
68655.0
68913.0
69046.0
69123.0
69162.0
69177.0
69186.0
69191.0
69194.0
69196.0
69197.0
69198.0
69198.0
69198.0
69198.0
69198.0
69198.0
69198.0
69198.0
69198.0
69198.0
69198.0
69198.0
69198.0
69198.0
69198.0
69198.0
69198.0
69198.0
20188.0
33265.0
41921.0
48491.0
54134.0
58606.0
61950.0
64269.0
65848.0
66851.0
67400.0
67724.0
67908.0
68009.0
68054.0
68072.0
68084.0
68089.0
68090.0
68090.0
68090.0
68090.0
68090.0
68090.0
68090.0
68090.0
68090.0
68090.0
68090.0
68090.0
68090.0
68090.0
68090.0
68090.0
68090.0
68090.0
68090.0
68090.0
68090.0
68090.0
20123.0
32807.0
41151.0
47853.0
53574.0
58169.0
61644.0
64039.0
65676.0
66701.0
67298.0
67622.0
67799.0
67890.0
67941.0
67974.0
67992.0
68003.0
68012.0
68015.0
68018.0
68019.0
68019.0
68019.0
68019.0
68019.0
68019.0
68019.0
68019.0
68019.0
68019.0
68019.0
68019.0
68019.0
68019.0
68019.0
68019.0
68019.0
68019.0
68019.0
19751.0
32520.0
41192.0
47850.0
53413.0
57864.0
61035.0
63213.0
64656.0
65519.0
66017.0
66348.0
66518.0
66600.0
66640.0
66665.0
66675.0
66682.0
66686.0
66687.0
66687.0
66687.0
66687.0
66687.0
66687.0
66687.0
66687.0
66687.0
66687.0
66687.0
66687.0
66687.0
66687.0
66687.0
66687.0
66687.0
66687.0
66687.0
66687.0
66687.0
19830.0
32532.0
40990.0
47593.0
53355.0
58037.0
61574.0
64072.0
65756.0
66934.0
67657.0
68099.0
68328.0
68463.0
68531.0
68571.0
68574.0
68575.0
68576.0
68576.0
68576.0
68576.0
68576.0
68576.0
68576.0
68576.0
68576.0
68576.0
68576.0
68576.0
68576.0
68576.0
68576.0
68576.0
68576.0
68576.0
68576.0
68576.0
68576.0
68576.0
19817.0
32267.0
40564.0
46977.0
52588.0
57148.0
60761.0
63340.0
65071.0
66245.0
66912.0
67321.0
67534.0
67649.0
67712.0
67737.0
67741.0
67743.0
67745.0
67746.0
67746.0
67746.0
67746.0
67746.0
67746.0
67746.0
67746.0
67746.0
67746.0
67746.0
67746.0
67746.0
67746.0
67746.0
67746.0
67746.0
67746.0
67746.0
67746.0
67746.0
19832.0
32385.0
40726.0
47226.0
52752.0
57258.0
60688.0
63175.0
64946.0
66008.0
66767.0
67223.0
67453.0
67564.0
67620.0
67648.0
67657.0
67659.0
67661.0
67663.0
67665.0
67666.0
67666.0
67666.0
67666.0
67666.0
67666.0
67666.0
67666.0
67666.0
67666.0
67666.0
67666.0
67666.0
67666.0
67666.0
67666.0
67666.0
67666.0
67666.0
19992.0
32866.0
41261.0
47980.0
53923.0
58638.0
62297.0
64963.0
66830.0
68058.0
68786.0
69245.0
69523.0
69690.0
69768.0
69804.0
69817.0
69823.0
69826.0
69827.0
69828.0
69828.0
69828.0
69828.0
69828.0
69828.0
69828.0
69828.0
69828.0
69828.0
69828.0
69828.0
69828.0
69828.0
69828.0
69828.0
69828.0
69828.0
69828.0
69828.0
19949.0
32839.0
41522.0
48149.0
53894.0
58512.0
62023.0
64524.0
66312.0
67500.0
68165.0
68516.0
68735.0
68823.0
68874.0
68897.0
68904.0
68909.0
68910.0
68910.0
68910.0
68910.0
68910.0
68910.0
68910.0
68910.0
68910.0
68910.0
68910.0
68910.0
68910.0
68910.0
68910.0
68910.0
68910.0
68910.0
68910.0
68910.0
68910.0
68910.0
19936.0
32751.0
41444.0
48196.0
53819.0
58267.0
61517.0
63895.0
65459.0
66439.0
67038.0
67391.0
67594.0
67691.0
67736.0
67761.0
67772.0
67776.0
67776.0
67776.0
67776.0
67776.0
67776.0
67776.0
67776.0
67776.0
67776.0
67776.0
67776.0
67776.0
67776.0
67776.0
67776.0
67776.0
67776.0
67776.0
67776.0
67776.0
67776.0
67776.0
20008.0
32889.0
41622.0
48467.0
54395.0
58971.0
62428.0
64944.0
66624.0
67701.0
68339.0
68716.0
68887.0
68981.0
69031.0
69055.0
69064.0
69070.0
69073.0
69074.0
69074.0
69074.0
69074.0
69074.0
69074.0
69074.0
69074.0
69074.0
69074.0
69074.0
69074.0
69074.0
69074.0
69074.0
69074.0
69074.0
69074.0
69074.0
69074.0
69074.0
19982.0
32736.0
41034.0
47610.0
53161.0
57579.0
60986.0
63462.0
65212.0
66332.0
67048.0
67464.0
67662.0
67785.0
67840.0
67865.0
67877.0
67886.0
67888.0
67888.0
67888.0
67888.0
67888.0
67888.0
67888.0
67888.0
67888.0
67888.0
67888.0
67888.0
67888.0
67888.0
67888.0
67888.0
67888.0
67888.0
67888.0
67888.0
67888.0
67888.0
20210.0
33285.0
42046.0
48783.0
54600.0
59171.0
62650.0
65030.0
66605.0
67583.0
68146.0
68472.0
68650.0
68755.0
68797.0
68815.0
68820.0
68821.0
68821.0
68821.0
68821.0
68821.0
68821.0
68821.0
68821.0
68821.0
68821.0
68821.0
68821.0
68821.0
68821.0
68821.0
68821.0
68821.0
68821.0
68821.0
68821.0
68821.0
68821.0
68821.0
19784.0
32277.0
40494.0
47061.0
52661.0
57136.0
60682.0
63199.0
64974.0
66104.0
66799.0
67237.0
67489.0
67595.0
67643.0
67662.0
67671.0
67675.0
67675.0
67675.0
67675.0
67675.0
67675.0
67675.0
67675.0
67675.0
67675.0
67675.0
67675.0
67675.0
67675.0
67675.0
67675.0
67675.0
67675.0
67675.0
67675.0
67675.0
67675.0
67675.0
19929.0
32720.0
41281.0
47956.0
53728.0
58251.0
61653.0
64062.0
65654.0
66702.0
67353.0
67728.0
67953.0
68054.0
68111.0
68140.0
68156.0
68169.0
68175.0
68177.0
68179.0
68181.0
68182.0
68182.0
68182.0
68182.0
68182.0
68182.0
68182.0
68182.0
68182.0
68182.0
68182.0
68182.0
68182.0
68182.0
68182.0
68182.0
68182.0
68182.0
19561.0
32056.0
40142.0
46451.0
52109.0
56806.0
60481.0
63136.0
65119.0
66445.0
67297.0
67817.0
68120.0
68301.0
68402.0
68456.0
68472.0
68480.0
68483.0
68484.0
68484.0
68484.0
68484.0
68484.0
68484.0
68484.0
68484.0
68484.0
68484.0
68484.0
68484.0
68484.0
68484.0
68484.0
68484.0
68484.0
68484.0
68484.0
68484.0
68484.0
19886.0
32597.0
41264.0
47779.0
53429.0
57951.0
61341.0
63720.0
65274.0
66324.0
66955.0
67280.0
67454.0
67548.0
67589.0
67611.0
67621.0
67625.0
67625.0
67625.0
67625.0
67625.0
67625.0
67625.0
67625.0
67625.0
67625.0
67625.0
67625.0
67625.0
67625.0
67625.0
67625.0
67625.0
67625.0
67625.0
67625.0
67625.0
67625.0
67625.0
19778.0
32323.0
40846.0
47421.0
53060.0
57592.0
60844.0
63170.0
64707.0
65605.0
66154.0
66443.0
66593.0
66673.0
66711.0
66728.0
66740.0
66749.0
66753.0
66756.0
66756.0
66756.0
66756.0
66756.0
66756.0
66756.0
66756.0
66756.0
66756.0
66756.0
66756.0
66756.0
66756.0
66756.0
66756.0
66756.0
66756.0
66756.0
66756.0
66756.0
19636.0
32092.0
40545.0
47081.0
52774.0
57334.0
60919.0
63504.0
65434.0
66642.0
67450.0
67937.0
68250.0
68458.0
68561.0
68613.0
68653.0
68659.0
68661.0
68662.0
68662.0
68662.0
68662.0
68662.0
68662.0
68662.0
68662.0
68662.0
68662.0
68662.0
68662.0
68662.0
68662.0
68662.0
68662.0
68662.0
68662.0
68662.0
68662.0
68662.0
19889.0
32645.0
40963.0
47355.0
52934.0
57488.0
60941.0
63462.0
65183.0
66207.0
66851.0
67229.0
67466.0
67572.0
67651.0
67681.0
67697.0
67705.0
67706.0
67706.0
67706.0
67706.0
67706.0
67706.0
67706.0
67706.0
67706.0
67706.0
67706.0
67706.0
67706.0
67706.0
67706.0
67706.0
67706.0
67706.0
67706.0
67706.0
67706.0
67706.0
19937.0
32896.0
41524.0
48288.0
54025.0
58676.0
62131.0
64671.0
66296.0
67374.0
68044.0
68372.0
68554.0
68674.0
68737.0
68766.0
68777.0
68782.0
68785.0
68787.0
68788.0
68789.0
68789.0
68789.0
68789.0
68789.0
68789.0
68789.0
68789.0
68789.0
68789.0
68789.0
68789.0
68789.0
68789.0
68789.0
68789.0
68789.0
68789.0
68789.0
19856.0
32618.0
40871.0
47411.0
53232.0
57947.0
61610.0
64218.0
65967.0
67149.0
67964.0
68456.0
68728.0
68861.0
68925.0
68955.0
68974.0
68983.0
68988.0
68990.0
68990.0
68990.0
68990.0
68990.0
68990.0
68990.0
68990.0
68990.0
68990.0
68990.0
68990.0
68990.0
68990.0
68990.0
68990.0
68990.0
68990.0
68990.0
68990.0
68990.0
20075.0
32874.0
41362.0
48012.0
53738.0
58226.0
61454.0
63771.0
65297.0
66249.0
66825.0
67178.0
67369.0
67487.0
67552.0
67568.0
67575.0
67578.0
67579.0
67579.0
67579.0
67579.0
67579.0
67579.0
67579.0
67579.0
67579.0
67579.0
67579.0
67579.0
67579.0
67579.0
67579.0
67579.0
67579.0
67579.0
67579.0
67579.0
67579.0
67579.0
19679.0
32354.0
40724.0
47251.0
52800.0
57215.0
60467.0
62799.0
64358.0
65309.0
65926.0
66254.0
66442.0
66535.0
66594.0
66620.0
66632.0
66639.0
66640.0
66640.0
66640.0
66640.0
66640.0
66640.0
66640.0
66640.0
66640.0
66640.0
66640.0
66640.0
66640.0
66640.0
66640.0
66640.0
66640.0
66640.0
66640.0
66640.0
66640.0
66640.0
20070.0
32860.0
41117.0
47481.0
52994.0
57328.0
60562.0
62853.0
64338.0
65310.0
65838.0
66170.0
66356.0
66456.0
66513.0
66548.0
66559.0
66563.0
66566.0
66568.0
66568.0
66568.0
66568.0
66568.0
66568.0
66568.0
66568.0
66568.0
66568.0
66568.0
66568.0
66568.0
66568.0
66568.0
66568.0
66568.0
66568.0
66568.0
66568.0
66568.0
19877.0
32444.0
40923.0
47603.0
53429.0
58100.0
61530.0
63888.0
65606.0
66709.0
67330.0
67708.0
67920.0
68023.0
68081.0
68106.0
68116.0
68123.0
68126.0
68128.0
68128.0
68128.0
68128.0
68128.0
68128.0
68128.0
68128.0
68128.0
68128.0
68128.0
68128.0
68128.0
68128.0
68128.0
68128.0
68128.0
68128.0
68128.0
68128.0
68128.0
19649.0
32279.0
40730.0
47232.0
52924.0
57596.0
61236.0
63780.0
65468.0
66585.0
67242.0
67659.0
67886.0
68002.0
68067.0
68094.0
68105.0
68109.0
68111.0
68113.0
68114.0
68114.0
68114.0
68114.0
68114.0
68114.0
68114.0
68114.0
68114.0
68114.0
68114.0
68114.0
68114.0
68114.0
68114.0
68114.0
68114.0
68114.0
68114.0
68114.0
19866.0
32560.0
41058.0
47781.0
53556.0
58203.0
61850.0
64437.0
66256.0
67523.0
68267.0
68730.0
69010.0
69167.0
69257.0
69299.0
69319.0
69327.0
69329.0
69331.0
69332.0
69332.0
69332.0
69332.0
69332.0
69332.0
69332.0
69332.0
69332.0
69332.0
69332.0
69332.0
69332.0
69332.0
69332.0
69332.0
69332.0
69332.0
69332.0
69332.0
19900.0
32764.0
41472.0
48466.0
54426.0
59206.0
62763.0
65287.0
66979.0
68055.0
68683.0
69032.0
69225.0
69317.0
69354.0
69368.0
69372.0
69373.0
69373.0
69373.0
69373.0
69373.0
69373.0
69373.0
69373.0
69373.0
69373.0
69373.0
69373.0
69373.0
69373.0
69373.0
69373.0
69373.0
69373.0
69373.0
69373.0
69373.0
69373.0
69373.0
19648.0
32382.0
40912.0
47449.0
53084.0
57588.0
60989.0
63471.0
65184.0
66312.0
67061.0
67490.0
67711.0
67825.0
67878.0
67899.0
67909.0
67916.0
67919.0
67919.0
67919.0
67919.0
67919.0
67919.0
67919.0
67919.0
67919.0
67919.0
67919.0
67919.0
67919.0
67919.0
67919.0
67919.0
67919.0
67919.0
67919.0
67919.0
67919.0
67919.0
19577.0
32075.0
40481.0
46964.0
52758.0
57445.0
61186.0
63913.0
65880.0
67143.0
67924.0
68437.0
68774.0
68979.0
69099.0
69160.0
69190.0
69206.0
69214.0
69218.0
69219.0
69220.0
69221.0
69221.0
69221.0
69221.0
69221.0
69221.0
69221.0
69221.0
69221.0
69221.0
69221.0
69221.0
69221.0
69221.0
69221.0
69221.0
69221.0
69221.0
20006.0
32780.0
41388.0
48120.0
53946.0
58492.0
61994.0
64399.0
65959.0
66955.0
67558.0
67885.0
68041.0
68114.0
68145.0
68155.0
68157.0
68159.0
68160.0
68160.0
68160.0
68160.0
68160.0
68160.0
68160.0
68160.0
68160.0
68160.0
68160.0
68160.0
68160.0
68160.0
68160.0
68160.0
68160.0
68160.0
68160.0
68160.0
68160.0
68160.0
19845.0
32555.0
41053.0
47594.0
53257.0
57770.0
61091.0
63475.0
65210.0
66195.0
66746.0
67056.0
67231.0
67325.0
67378.0
67419.0
67440.0
67445.0
67446.0
67447.0
67448.0
67449.0
67449.0
67449.0
67449.0
67449.0
67449.0
67449.0
67449.0
67449.0
67449.0
67449.0
67449.0
67449.0
67449.0
67449.0
67449.0
67449.0
67449.0
67449.0
19933.0
32717.0
41394.0
48136.0
53973.0
58638.0
62181.0
64709.0
66439.0
67576.0
68234.0
68626.0
68846.0
68991.0
69061.0
69095.0
69112.0
69120.0
69123.0
69124.0
69125.0
69126.0
69127.0
69127.0
69127.0
69127.0
69127.0
69127.0
69127.0
69127.0
69127.0
69127.0
69127.0
69127.0
69127.0
69127.0
69127.0
69127.0
69127.0
69127.0
20101.0
32930.0
41401.0
48191.0
54056.0
58610.0
62062.0
64527.0
66147.0
67243.0
67899.0
68289.0
68512.0
68643.0
68715.0
68759.0
68781.0
68795.0
68804.0
68810.0
68813.0
68814.0
68814.0
68814.0
68814.0
68814.0
68814.0
68814.0
68814.0
68814.0
68814.0
68814.0
68814.0
68814.0
68814.0
68814.0
68814.0
68814.0
68814.0
68814.0
19916.0
32525.0
40887.0
47314.0
52984.0
57503.0
60914.0
63460.0
65179.0
66298.0
66969.0
67348.0
67611.0
67764.0
67845.0
67887.0
67905.0
67913.0
67919.0
67923.0
67926.0
67927.0
67927.0
67927.0
67927.0
67927.0
67927.0
67927.0
67927.0
67927.0
67927.0
67927.0
67927.0
67927.0
67927.0
67927.0
67927.0
67927.0
67927.0
67927.0
19834.0
32631.0
40919.0
47512.0
53178.0
57809.0
61316.0
63805.0
65592.0
66745.0
67415.0
67818.0
67981.0
68075.0
68112.0
68127.0
68135.0
68138.0
68138.0
68138.0
68138.0
68138.0
68138.0
68138.0
68138.0
68138.0
68138.0
68138.0
68138.0
68138.0
68138.0
68138.0
68138.0
68138.0
68138.0
68138.0
68138.0
68138.0
68138.0
68138.0
19867.0
32410.0
40581.0
46870.0
52394.0
56812.0
60211.0
62619.0
64270.0
65322.0
65972.0
66385.0
66597.0
66700.0
66748.0
66778.0
66789.0
66796.0
66801.0
66804.0
66804.0
66804.0
66804.0
66804.0
66804.0
66804.0
66804.0
66804.0
66804.0
66804.0
66804.0
66804.0
66804.0
66804.0
66804.0
66804.0
66804.0
66804.0
66804.0
66804.0
19902.0
32701.0
41179.0
47802.0
53489.0
57947.0
61151.0
63403.0
64938.0
65889.0
66431.0
66757.0
66943.0
67020.0
67055.0
67075.0
67081.0
67084.0
67085.0
67085.0
67085.0
67085.0
67085.0
67085.0
67085.0
67085.0
67085.0
67085.0
67085.0
67085.0
67085.0
67085.0
67085.0
67085.0
67085.0
67085.0
67085.0
67085.0
67085.0
67085.0
20009.0
32847.0
41358.0
47937.0
53752.0
58405.0
61891.0
64331.0
65967.0
67036.0
67699.0
68109.0
68305.0
68400.0
68430.0
68440.0
68446.0
68447.0
68447.0
68447.0
68447.0
68447.0
68447.0
68447.0
68447.0
68447.0
68447.0
68447.0
68447.0
68447.0
68447.0
68447.0
68447.0
68447.0
68447.0
68447.0
68447.0
68447.0
68447.0
68447.0
19897.0
32732.0
41123.0
47690.0
53416.0
58035.0
61505.0
63966.0
65713.0
66785.0
67421.0
67806.0
68025.0
68132.0
68192.0
68218.0
68235.0
68243.0
68252.0
68253.0
68254.0
68254.0
68254.0
68254.0
68254.0
68254.0
68254.0
68254.0
68254.0
68254.0
68254.0
68254.0
68254.0
68254.0
68254.0
68254.0
68254.0
68254.0
68254.0
68254.0
19836.0
32653.0
41028.0
47478.0
52905.0
57306.0
60663.0
63063.0
64622.0
65584.0
66194.0
66507.0
66692.0
66811.0
66853.0
66873.0
66883.0
66885.0
66885.0
66885.0
66885.0
66885.0
66885.0
66885.0
66885.0
66885.0
66885.0
66885.0
66885.0
66885.0
66885.0
66885.0
66885.0
66885.0
66885.0
66885.0
66885.0
66885.0
66885.0
66885.0
19820.0
32372.0
40784.0
47546.0
53243.0
57770.0
61208.0
63630.0
65306.0
66352.0
67052.0
67482.0
67740.0
67868.0
67936.0
67980.0
68000.0
68008.0
68011.0
68012.0
68012.0
68012.0
68012.0
68012.0
68012.0
68012.0
68012.0
68012.0
68012.0
68012.0
68012.0
68012.0
68012.0
68012.0
68012.0
68012.0
68012.0
68012.0
68012.0
68012.0
19624.0
32433.0
41085.0
47670.0
53395.0
57925.0
61437.0
63930.0
65532.0
66549.0
67136.0
67467.0
67670.0
67779.0
67829.0
67857.0
67865.0
67867.0
67868.0
67869.0
67870.0
67870.0
67870.0
67870.0
67870.0
67870.0
67870.0
67870.0
67870.0
67870.0
67870.0
67870.0
67870.0
67870.0
67870.0
67870.0
67870.0
67870.0
67870.0
67870.0
19807.0
32404.0
40649.0
47093.0
52726.0
57225.0
60576.0
63020.0
64586.0
65567.0
66097.0
66425.0
66565.0
66651.0
66694.0
66709.0
66717.0
66721.0
66723.0
66723.0
66723.0
66723.0
66723.0
66723.0
66723.0
66723.0
66723.0
66723.0
66723.0
66723.0
66723.0
66723.0
66723.0
66723.0
66723.0
66723.0
66723.0
66723.0
66723.0
66723.0
20088.0
32910.0
41577.0
48300.0
54173.0
58747.0
62266.0
64658.0
66303.0
67421.0
68061.0
68404.0
68594.0
68687.0
68732.0
68757.0
68771.0
68777.0
68779.0
68779.0
68779.0
68779.0
68779.0
68779.0
68779.0
68779.0
68779.0
68779.0
68779.0
68779.0
68779.0
68779.0
68779.0
68779.0
68779.0
68779.0
68779.0
68779.0
68779.0
68779.0
20103.0
32874.0
41465.0
48234.0
54025.0
58655.0
62203.0
64658.0
66311.0
67458.0
68137.0
68526.0
68721.0
68832.0
68891.0
68918.0
68935.0
68941.0
68945.0
68946.0
68946.0
68946.0
68946.0
68946.0
68946.0
68946.0
68946.0
68946.0
68946.0
68946.0
68946.0
68946.0
68946.0
68946.0
68946.0
68946.0
68946.0
68946.0
68946.0
68946.0
20096.0
32873.0
41403.0
47984.0
53654.0
58030.0
61365.0
63741.0
65338.0
66342.0
66977.0
67353.0
67540.0
67630.0
67675.0
67698.0
67707.0
67711.0
67713.0
67714.0
67715.0
67715.0
67715.0
67715.0
67715.0
67715.0
67715.0
67715.0
67715.0
67715.0
67715.0
67715.0
67715.0
67715.0
67715.0
67715.0
67715.0
67715.0
67715.0
67715.0
19522.0
32033.0
40362.0
46838.0
52347.0
56952.0
60513.0
63084.0
64796.0
65984.0
66641.0
67082.0
67318.0
67456.0
67532.0
67576.0
67590.0
67595.0
67599.0
67599.0
67599.0
67599.0
67599.0
67599.0
67599.0
67599.0
67599.0
67599.0
67599.0
67599.0
67599.0
67599.0
67599.0
67599.0
67599.0
67599.0
67599.0
67599.0
67599.0
67599.0
19839.0
32567.0
41108.0
47786.0
53511.0
58075.0
61675.0
64167.0
65875.0
67017.0
67609.0
67947.0
68126.0
68246.0
68303.0
68336.0
68359.0
68373.0
68378.0
68382.0
68383.0
68383.0
68383.0
68383.0
68383.0
68383.0
68383.0
68383.0
68383.0
68383.0
68383.0
68383.0
68383.0
68383.0
68383.0
68383.0
68383.0
68383.0
68383.0
68383.0
19783.0
32537.0
41087.0
47680.0
53334.0
57695.0
60980.0
63201.0
64598.0
65477.0
66039.0
66316.0
66482.0
66576.0
66615.0
66639.0
66646.0
66650.0
66651.0
66651.0
66651.0
66651.0
66651.0
66651.0
66651.0
66651.0
66651.0
66651.0
66651.0
66651.0
66651.0
66651.0
66651.0
66651.0
66651.0
66651.0
66651.0
66651.0
66651.0
66651.0
19888.0
32537.0
41253.0
48025.0
53919.0
58492.0
61992.0
64475.0
66080.0
67133.0
67814.0
68263.0
68512.0
68636.0
68710.0
68746.0
68755.0
68759.0
68760.0
68761.0
68762.0
68762.0
68762.0
68762.0
68762.0
68762.0
68762.0
68762.0
68762.0
68762.0
68762.0
68762.0
68762.0
68762.0
68762.0
68762.0
68762.0
68762.0
68762.0
68762.0
19910.0
32473.0
40795.0
47269.0
52892.0
57482.0
60944.0
63307.0
64921.0
65949.0
66584.0
66902.0
67091.0
67173.0
67213.0
67231.0
67242.0
67245.0
67247.0
67249.0
67251.0
67253.0
67255.0
67256.0
67256.0
67256.0
67256.0
67256.0
67256.0
67256.0
67256.0
67256.0
67256.0
67256.0
67256.0
67256.0
67256.0
67256.0
67256.0
67256.0
19740.0
32364.0
40803.0
47370.0
53009.0
57591.0
61115.0
63735.0
65560.0
66787.0
67616.0
68107.0
68357.0
68519.0
68612.0
68661.0
68686.0
68696.0
68699.0
68701.0
68701.0
68701.0
68701.0
68701.0
68701.0
68701.0
68701.0
68701.0
68701.0
68701.0
68701.0
68701.0
68701.0
68701.0
68701.0
68701.0
68701.0
68701.0
68701.0
68701.0
19944.0
32568.0
40981.0
47591.0
53334.0
57754.0
61024.0
63365.0
64899.0
65896.0
66516.0
66840.0
67008.0
67088.0
67131.0
67145.0
67151.0
67154.0
67155.0
67156.0
67156.0
67156.0
67156.0
67156.0
67156.0
67156.0
67156.0
67156.0
67156.0
67156.0
67156.0
67156.0
67156.0
67156.0
67156.0
67156.0
67156.0
67156.0
67156.0
67156.0
19503.0
32220.0
40674.0
47205.0
52864.0
57532.0
61080.0
63786.0
65583.0
66783.0
67578.0
68099.0
68386.0
68546.0
68608.0
68644.0
68663.0
68676.0
68679.0
68681.0
68682.0
68682.0
68682.0
68682.0
68682.0
68682.0
68682.0
68682.0
68682.0
68682.0
68682.0
68682.0
68682.0
68682.0
68682.0
68682.0
68682.0
68682.0
68682.0
68682.0
19863.0
32619.0
40837.0
47197.0
52673.0
56943.0
60284.0
62669.0
64322.0
65356.0
66018.0
66465.0
66711.0
66868.0
66952.0
66993.0
67016.0
67027.0
67033.0
67035.0
67036.0
67037.0
67038.0
67039.0
67039.0
67039.0
67039.0
67039.0
67039.0
67039.0
67039.0
67039.0
67039.0
67039.0
67039.0
67039.0
67039.0
67039.0
67039.0
67039.0
19834.0
32417.0
41086.0
47888.0
53719.0
58343.0
61938.0
64444.0
66112.0
67163.0
67796.0
68149.0
68360.0
68490.0
68534.0
68551.0
68557.0
68559.0
68560.0
68560.0
68560.0
68560.0
68560.0
68560.0
68560.0
68560.0
68560.0
68560.0
68560.0
68560.0
68560.0
68560.0
68560.0
68560.0
68560.0
68560.0
68560.0
68560.0
68560.0
68560.0
19830.0
32485.0
40913.0
47640.0
53379.0
58098.0
61677.0
64368.0
66175.0
67404.0
68186.0
68681.0
68961.0
69125.0
69217.0
69267.0
69286.0
69296.0
69304.0
69308.0
69309.0
69310.0
69310.0
69310.0
69310.0
69310.0
69310.0
69310.0
69310.0
69310.0
69310.0
69310.0
69310.0
69310.0
69310.0
69310.0
69310.0
69310.0
69310.0
69310.0
19805.0
32416.0
40848.0
47426.0
53020.0
57648.0
61152.0
63643.0
65407.0
66552.0
67248.0
67643.0
67860.0
67997.0
68072.0
68106.0
68134.0
68143.0
68150.0
68157.0
68160.0
68160.0
68160.0
68160.0
68160.0
68160.0
68160.0
68160.0
68160.0
68160.0
68160.0
68160.0
68160.0
68160.0
68160.0
68160.0
68160.0
68160.0
68160.0
68160.0
19676.0
32125.0
40459.0
47036.0
52650.0
57119.0
60587.0
62958.0
64604.0
65693.0
66358.0
66770.0
66975.0
67108.0
67168.0
67206.0
67221.0
67230.0
67231.0
67231.0
67231.0
67231.0
67231.0
67231.0
67231.0
67231.0
67231.0
67231.0
67231.0
67231.0
67231.0
67231.0
67231.0
67231.0
67231.0
67231.0
67231.0
67231.0
67231.0
67231.0
20175.0
33018.0
41636.0
48263.0
54169.0
58869.0
62512.0
65101.0
66813.0
67921.0
68597.0
69013.0
69228.0
69349.0
69431.0
69478.0
69496.0
69503.0
69506.0
69507.0
69507.0
69507.0
69507.0
69507.0
69507.0
69507.0
69507.0
69507.0
69507.0
69507.0
69507.0
69507.0
69507.0
69507.0
69507.0
69507.0
69507.0
69507.0
69507.0
69507.0
20069.0
32725.0
41120.0
47765.0
53599.0
58235.0
61887.0
64388.0
66187.0
67360.0
68110.0
68527.0
68819.0
69011.0
69097.0
69147.0
69173.0
69196.0
69203.0
69206.0
69207.0
69207.0
69207.0
69207.0
69207.0
69207.0
69207.0
69207.0
69207.0
69207.0
69207.0
69207.0
69207.0
69207.0
69207.0
69207.0
69207.0
69207.0
69207.0
69207.0
19709.0
32089.0
40478.0
47276.0
53167.0
58003.0
61753.0
64553.0
66510.0
67810.0
68574.0
69032.0
69276.0
69417.0
69480.0
69510.0
69518.0
69527.0
69530.0
69531.0
69531.0
69531.0
69531.0
69531.0
69531.0
69531.0
69531.0
69531.0
69531.0
69531.0
69531.0
69531.0
69531.0
69531.0
69531.0
69531.0
69531.0
69531.0
69531.0
69531.0
19661.0
32559.0
41051.0
47611.0
53179.0
57632.0
60940.0
63284.0
64778.0
65753.0
66366.0
66718.0
66905.0
67016.0
67064.0
67085.0
67097.0
67106.0
67112.0
67115.0
67116.0
67116.0
67116.0
67116.0
67116.0
67116.0
67116.0
67116.0
67116.0
67116.0
67116.0
67116.0
67116.0
67116.0
67116.0
67116.0
67116.0
67116.0
67116.0
67116.0
19881.0
32627.0
40976.0
47629.0
53239.0
57631.0
60998.0
63348.0
64917.0
65846.0
66382.0
66715.0
66899.0
66990.0
67035.0
67058.0
67067.0
67074.0
67079.0
67082.0
67084.0
67086.0
67086.0
67086.0
67086.0
67086.0
67086.0
67086.0
67086.0
67086.0
67086.0
67086.0
67086.0
67086.0
67086.0
67086.0
67086.0
67086.0
67086.0
67086.0
20210.0
33105.0
41882.0
48606.0
54462.0
59086.0
62578.0
64930.0
66538.0
67561.0
68188.0
68521.0
68690.0
68770.0
68808.0
68823.0
68831.0
68835.0
68836.0
68836.0
68836.0
68836.0
68836.0
68836.0
68836.0
68836.0
68836.0
68836.0
68836.0
68836.0
68836.0
68836.0
68836.0
68836.0
68836.0
68836.0
68836.0
68836.0
68836.0
68836.0
20011.0
32799.0
41274.0
47815.0
53383.0
58000.0
61485.0
63910.0
65589.0
66643.0
67290.0
67652.0
67872.0
68010.0
68085.0
68138.0
68158.0
68171.0
68179.0
68186.0
68192.0
68192.0
68192.0
68192.0
68192.0
68192.0
68192.0
68192.0
68192.0
68192.0
68192.0
68192.0
68192.0
68192.0
68192.0
68192.0
68192.0
68192.0
68192.0
68192.0
19991.0
32693.0
41279.0
48010.0
53862.0
58621.0
62286.0
65015.0
66960.0
68310.0
69144.0
69748.0
70126.0
70367.0
70525.0
70617.0
70686.0
70726.0
70742.0
70752.0
70759.0
70763.0
70765.0
70766.0
70766.0
70766.0
70766.0
70766.0
70766.0
70766.0
70766.0
70766.0
70766.0
70766.0
70766.0
70766.0
70766.0
70766.0
70766.0
70766.0
19783.0
32693.0
41426.0
48180.0
54077.0
58903.0
62643.0
65319.0
67222.0
68445.0
69203.0
69675.0
69904.0
70027.0
70086.0
70116.0
70132.0
70140.0
70142.0
70144.0
70145.0
70146.0
70146.0
70146.0
70146.0
70146.0
70146.0
70146.0
70146.0
70146.0
70146.0
70146.0
70146.0
70146.0
70146.0
70146.0
70146.0
70146.0
70146.0
70146.0
19809.0
32309.0
40717.0
47347.0
53129.0
57692.0
61235.0
63765.0
65560.0
66793.0
67551.0
68013.0
68272.0
68398.0
68469.0
68501.0
68510.0
68511.0
68512.0
68513.0
68513.0
68513.0
68513.0
68513.0
68513.0
68513.0
68513.0
68513.0
68513.0
68513.0
68513.0
68513.0
68513.0
68513.0
68513.0
68513.0
68513.0
68513.0
68513.0
68513.0
19904.0
32588.0
40915.0
47309.0
52964.0
57477.0
60979.0
63506.0
65203.0
66299.0
66938.0
67371.0
67602.0
67698.0
67755.0
67782.0
67796.0
67802.0
67805.0
67807.0
67808.0
67808.0
67808.0
67808.0
67808.0
67808.0
67808.0
67808.0
67808.0
67808.0
67808.0
67808.0
67808.0
67808.0
67808.0
67808.0
67808.0
67808.0
67808.0
67808.0
19811.0
32434.0
40856.0
47437.0
53118.0
57711.0
61275.0
63845.0
65594.0
66798.0
67525.0
67947.0
68190.0
68325.0
68398.0
68434.0
68451.0
68460.0
68465.0
68468.0
68469.0
68469.0
68469.0
68469.0
68469.0
68469.0
68469.0
68469.0
68469.0
68469.0
68469.0
68469.0
68469.0
68469.0
68469.0
68469.0
68469.0
68469.0
68469.0
68469.0
19942.0
32789.0
41309.0
47908.0
53615.0
58080.0
61387.0
63807.0
65361.0
66319.0
66935.0
67258.0
67438.0
67522.0
67577.0
67599.0
67606.0
67608.0
67609.0
67609.0
67609.0
67609.0
67609.0
67609.0
67609.0
67609.0
67609.0
67609.0
67609.0
67609.0
67609.0
67609.0
67609.0
67609.0
67609.0
67609.0
67609.0
67609.0
67609.0
67609.0
19876.0
32459.0
40617.0
46864.0
52442.0
56844.0
60350.0
62799.0
64468.0
65556.0
66196.0
66571.0
66812.0
66918.0
66981.0
67019.0
67036.0
67046.0
67049.0
67052.0
67054.0
67055.0
67056.0
67057.0
67057.0
67057.0
67057.0
67057.0
67057.0
67057.0
67057.0
67057.0
67057.0
67057.0
67057.0
67057.0
67057.0
67057.0
67057.0
67057.0
19823.0
32338.0
40689.0
47330.0
52898.0
57474.0
61003.0
63593.0
65320.0
66530.0
67237.0
67656.0
67909.0
68031.0
68104.0
68148.0
68170.0
68178.0
68181.0
68184.0
68186.0
68186.0
68186.0
68186.0
68186.0
68186.0
68186.0
68186.0
68186.0
68186.0
68186.0
68186.0
68186.0
68186.0
68186.0
68186.0
68186.0
68186.0
68186.0
68186.0
19816.0
32570.0
41310.0
48131.0
53957.0
58523.0
62007.0
64556.0
66316.0
67476.0
68217.0
68691.0
68958.0
69100.0
69165.0
69211.0
69245.0
69257.0
69263.0
69266.0
69267.0
69268.0
69268.0
69268.0
69268.0
69268.0
69268.0
69268.0
69268.0
69268.0
69268.0
69268.0
69268.0
69268.0
69268.0
69268.0
69268.0
69268.0
69268.0
69268.0
19673.0
32342.0
40848.0
47367.0
52978.0
57402.0
60839.0
63247.0
64911.0
65998.0
66650.0
67039.0
67252.0
67367.0
67412.0
67438.0
67446.0
67450.0
67450.0
67450.0
67450.0
67450.0
67450.0
67450.0
67450.0
67450.0
67450.0
67450.0
67450.0
67450.0
67450.0
67450.0
67450.0
67450.0
67450.0
67450.0
67450.0
67450.0
67450.0
67450.0
19709.0
32482.0
40972.0
47569.0
53273.0
57864.0
61394.0
63957.0
65695.0
66867.0
67640.0
68129.0
68384.0
68497.0
68551.0
68583.0
68600.0
68609.0
68614.0
68614.0
68614.0
68614.0
68614.0
68614.0
68614.0
68614.0
68614.0
68614.0
68614.0
68614.0
68614.0
68614.0
68614.0
68614.0
68614.0
68614.0
68614.0
68614.0
68614.0
68614.0
19280.0
31595.0
39979.0
46431.0
51992.0
56527.0
60097.0
62650.0
64501.0
65753.0
66562.0
67030.0
67326.0
67496.0
67571.0
67601.0
67623.0
67631.0
67636.0
67639.0
67641.0
67642.0
67642.0
67642.0
67642.0
67642.0
67642.0
67642.0
67642.0
67642.0
67642.0
67642.0
67642.0
67642.0
67642.0
67642.0
67642.0
67642.0
67642.0
67642.0
19861.0
32527.0
41096.0
47830.0
53592.0
58043.0
61392.0
63723.0
65236.0
66164.0
66722.0
67062.0
67229.0
67309.0
67362.0
67384.0
67394.0
67400.0
67403.0
67404.0
67404.0
67404.0
67404.0
67404.0
67404.0
67404.0
67404.0
67404.0
67404.0
67404.0
67404.0
67404.0
67404.0
67404.0
67404.0
67404.0
67404.0
67404.0
67404.0
67404.0
19433.0
31878.0
40216.0
46661.0
52213.0
56647.0
59982.0
62345.0
63937.0
65006.0
65712.0
66091.0
66287.0
66374.0
66415.0
66427.0
66431.0
66432.0
66432.0
66432.0
66432.0
66432.0
66432.0
66432.0
66432.0
66432.0
66432.0
66432.0
66432.0
66432.0
66432.0
66432.0
66432.0
66432.0
66432.0
66432.0
66432.0
66432.0
66432.0
66432.0
19596.0
32320.0
40718.0
47305.0
52979.0
57500.0
60915.0
63308.0
64984.0
65984.0
66630.0
67018.0
67233.0
67380.0
67456.0
67478.0
67494.0
67505.0
67509.0
67512.0
67513.0
67513.0
67513.0
67513.0
67513.0
67513.0
67513.0
67513.0
67513.0
67513.0
67513.0
67513.0
67513.0
67513.0
67513.0
67513.0
67513.0
67513.0
67513.0
67513.0
19805.0
32316.0
40692.0
47224.0
52843.0
57456.0
60978.0
63603.0
65282.0
66314.0
66926.0
67286.0
67505.0
67618.0
67682.0
67710.0
67724.0
67733.0
67737.0
67738.0
67739.0
67740.0
67741.0
67742.0
67743.0
67744.0
67745.0
67745.0
67745.0
67745.0
67745.0
67745.0
67745.0
67745.0
67745.0
67745.0
67745.0
67745.0
67745.0
67745.0
19736.0
32287.0
40684.0
47322.0
53052.0
57727.0
61295.0
63915.0
65804.0
66981.0
67756.0
68212.0
68519.0
68703.0
68785.0
68829.0
68855.0
68871.0
68880.0
68885.0
68887.0
68887.0
68887.0
68887.0
68887.0
68887.0
68887.0
68887.0
68887.0
68887.0
68887.0
68887.0
68887.0
68887.0
68887.0
68887.0
68887.0
68887.0
68887.0
68887.0
20176.0
33248.0
41661.0
48277.0
54047.0
58512.0
61761.0
64106.0
65706.0
66746.0
67361.0
67668.0
67840.0
67943.0
67988.0
68012.0
68028.0
68036.0
68042.0
68045.0
68047.0
68049.0
68050.0
68051.0
68052.0
68052.0
68052.0
68052.0
68052.0
68052.0
68052.0
68052.0
68052.0
68052.0
68052.0
68052.0
68052.0
68052.0
68052.0
68052.0
19917.0
32731.0
41304.0
47843.0
53333.0
57768.0
60998.0
63366.0
64892.0
65825.0
66446.0
66731.0
66906.0
66984.0
67028.0
67063.0
67073.0
67078.0
67078.0
67078.0
67078.0
67078.0
67078.0
67078.0
67078.0
67078.0
67078.0
67078.0
67078.0
67078.0
67078.0
67078.0
67078.0
67078.0
67078.0
67078.0
67078.0
67078.0
67078.0
67078.0
20033.0
33153.0
41916.0
48717.0
54639.0
59186.0
62632.0
65074.0
66622.0
67632.0
68207.0
68584.0
68817.0
68929.0
68985.0
69017.0
69034.0
69045.0
69048.0
69048.0
69048.0
69048.0
69048.0
69048.0
69048.0
69048.0
69048.0
69048.0
69048.0
69048.0
69048.0
69048.0
69048.0
69048.0
69048.0
69048.0
69048.0
69048.0
69048.0
69048.0
19744.0
32367.0
40813.0
47429.0
53225.0
57904.0
61416.0
64007.0
65788.0
66981.0
67721.0
68163.0
68400.0
68511.0
68567.0
68593.0
68607.0
68615.0
68618.0
68620.0
68621.0
68622.0
68622.0
68622.0
68622.0
68622.0
68622.0
68622.0
68622.0
68622.0
68622.0
68622.0
68622.0
68622.0
68622.0
68622.0
68622.0
68622.0
68622.0
68622.0
19810.0
32242.0
40542.0
46978.0
52629.0
57084.0
60461.0
62841.0
64490.0
65598.0
66303.0
66713.0
66951.0
67094.0
67183.0
67236.0
67260.0
67271.0
67275.0
67277.0
67277.0
67277.0
67277.0
67277.0
67277.0
67277.0
67277.0
67277.0
67277.0
67277.0
67277.0
67277.0
67277.0
67277.0
67277.0
67277.0
67277.0
67277.0
67277.0
67277.0
19587.0
32068.0
40477.0
47069.0
52778.0
57355.0
60784.0
63160.0
64678.0
65654.0
66243.0
66546.0
66718.0
66803.0
66865.0
66886.0
66891.0
66892.0
66893.0
66893.0
66893.0
66893.0
66893.0
66893.0
66893.0
66893.0
66893.0
66893.0
66893.0
66893.0
66893.0
66893.0
66893.0
66893.0
66893.0
66893.0
66893.0
66893.0
66893.0
66893.0
20105.0
33075.0
41712.0
48508.0
54304.0
58889.0
62336.0
64794.0
66587.0
67696.0
68368.0
68761.0
68954.0
69059.0
69101.0
69121.0
69130.0
69134.0
69135.0
69136.0
69137.0
69137.0
69137.0
69137.0
69137.0
69137.0
69137.0
69137.0
69137.0
69137.0
69137.0
69137.0
69137.0
69137.0
69137.0
69137.0
69137.0
69137.0
69137.0
69137.0
19641.0
32172.0
40809.0
47470.0
53143.0
57846.0
61480.0
64070.0
65827.0
67065.0
67833.0
68269.0
68514.0
68655.0
68728.0
68764.0
68791.0
68812.0
68823.0
68826.0
68827.0
68827.0
68827.0
68827.0
68827.0
68827.0
68827.0
68827.0
68827.0
68827.0
68827.0
68827.0
68827.0
68827.0
68827.0
68827.0
68827.0
68827.0
68827.0
68827.0
19757.0
32449.0
40792.0
47272.0
52883.0
57505.0
60976.0
63348.0
65022.0
66093.0
66786.0
67175.0
67432.0
67551.0
67606.0
67629.0
67643.0
67649.0
67652.0
67654.0
67655.0
67655.0
67655.0
67655.0
67655.0
67655.0
67655.0
67655.0
67655.0
67655.0
67655.0
67655.0
67655.0
67655.0
67655.0
67655.0
67655.0
67655.0
67655.0
67655.0
19658.0
32225.0
40562.0
47090.0
52790.0
57356.0
60739.0
63260.0
65008.0
66199.0
66995.0
67423.0
67683.0
67818.0
67894.0
67927.0
67944.0
67950.0
67954.0
67956.0
67956.0
67956.0
67956.0
67956.0
67956.0
67956.0
67956.0
67956.0
67956.0
67956.0
67956.0
67956.0
67956.0
67956.0
67956.0
67956.0
67956.0
67956.0
67956.0
67956.0
19996.0
32634.0
40957.0
47451.0
53124.0
57783.0
61277.0
63752.0
65416.0
66465.0
67059.0
67402.0
67581.0
67680.0
67729.0
67743.0
67748.0
67750.0
67751.0
67752.0
67752.0
67752.0
67752.0
67752.0
67752.0
67752.0
67752.0
67752.0
67752.0
67752.0
67752.0
67752.0
67752.0
67752.0
67752.0
67752.0
67752.0
67752.0
67752.0
67752.0
19796.0
32372.0
40725.0
47337.0
53067.0
57755.0
61290.0
63777.0
65486.0
66600.0
67209.0
67580.0
67784.0
67899.0
67973.0
68002.0
68019.0
68024.0
68025.0
68025.0
68025.0
68025.0
68025.0
68025.0
68025.0
68025.0
68025.0
68025.0
68025.0
68025.0
68025.0
68025.0
68025.0
68025.0
68025.0
68025.0
68025.0
68025.0
68025.0
68025.0
19727.0
32237.0
40684.0
47199.0
52821.0
57436.0
60986.0
63503.0
65230.0
66400.0
67102.0
67561.0
67837.0
67972.0
68040.0
68066.0
68072.0
68076.0
68078.0
68079.0
68080.0
68080.0
68080.0
68080.0
68080.0
68080.0
68080.0
68080.0
68080.0
68080.0
68080.0
68080.0
68080.0
68080.0
68080.0
68080.0
68080.0
68080.0
68080.0
68080.0
19670.0
32246.0
40582.0
47137.0
52840.0
57520.0
61058.0
63602.0
65400.0
66567.0
67330.0
67790.0
68112.0
68266.0
68364.0
68419.0
68447.0
68463.0
68474.0
68480.0
68482.0
68484.0
68485.0
68485.0
68485.0
68485.0
68485.0
68485.0
68485.0
68485.0
68485.0
68485.0
68485.0
68485.0
68485.0
68485.0
68485.0
68485.0
68485.0
68485.0
19619.0
32030.0
40267.0
46800.0
52432.0
56909.0
60361.0
62926.0
64623.0
65805.0
66455.0
66845.0
67031.0
67136.0
67218.0
67249.0
67258.0
67261.0
67264.0
67265.0
67266.0
67266.0
67266.0
67266.0
67266.0
67266.0
67266.0
67266.0
67266.0
67266.0
67266.0
67266.0
67266.0
67266.0
67266.0
67266.0
67266.0
67266.0
67266.0
67266.0
20058.0
32896.0
41436.0
48276.0
54270.0
59085.0
62777.0
65300.0
67018.0
68152.0
68760.0
69125.0
69350.0
69493.0
69575.0
69625.0
69650.0
69663.0
69671.0
69673.0
69673.0
69673.0
69673.0
69673.0
69673.0
69673.0
69673.0
69673.0
69673.0
69673.0
69673.0
69673.0
69673.0
69673.0
69673.0
69673.0
69673.0
69673.0
69673.0
69673.0
20044.0
32888.0
41533.0
48206.0
54117.0
58638.0
62039.0
64513.0
66112.0
67134.0
67700.0
68094.0
68290.0
68403.0
68466.0
68501.0
68513.0
68517.0
68519.0
68519.0
68519.0
68519.0
68519.0
68519.0
68519.0
68519.0
68519.0
68519.0
68519.0
68519.0
68519.0
68519.0
68519.0
68519.0
68519.0
68519.0
68519.0
68519.0
68519.0
68519.0
19877.0
32663.0
41232.0
48012.0
53808.0
58480.0
62075.0
64642.0
66470.0
67590.0
68249.0
68661.0
68915.0
69022.0
69071.0
69101.0
69109.0
69112.0
69113.0
69114.0
69114.0
69114.0
69114.0
69114.0
69114.0
69114.0
69114.0
69114.0
69114.0
69114.0
69114.0
69114.0
69114.0
69114.0
69114.0
69114.0
69114.0
69114.0
69114.0
69114.0
19855.0
32742.0
41184.0
47714.0
53450.0
57973.0
61396.0
63810.0
65475.0
66520.0
67144.0
67497.0
67686.0
67782.0
67826.0
67841.0
67847.0
67851.0
67853.0
67853.0
67853.0
67853.0
67853.0
67853.0
67853.0
67853.0
67853.0
67853.0
67853.0
67853.0
67853.0
67853.0
67853.0
67853.0
67853.0
67853.0
67853.0
67853.0
67853.0
67853.0
19925.0
32802.0
41429.0
48318.0
54171.0
58846.0
62380.0
64872.0
66590.0
67651.0
68329.0
68743.0
68977.0
69109.0
69187.0
69221.0
69246.0
69260.0
69273.0
69278.0
69280.0
69281.0
69281.0
69281.0
69281.0
69281.0
69281.0
69281.0
69281.0
69281.0
69281.0
69281.0
69281.0
69281.0
69281.0
69281.0
69281.0
69281.0
69281.0
69281.0
19774.0
32362.0
40723.0
47132.0
52791.0
57393.0
60881.0
63327.0
65019.0
66149.0
66811.0
67178.0
67382.0
67487.0
67534.0
67558.0
67567.0
67574.0
67576.0
67578.0
67578.0
67578.0
67578.0
67578.0
67578.0
67578.0
67578.0
67578.0
67578.0
67578.0
67578.0
67578.0
67578.0
67578.0
67578.0
67578.0
67578.0
67578.0
67578.0
67578.0
19833.0
32640.0
41144.0
47870.0
53778.0
58405.0
61985.0
64524.0
66267.0
67428.0
68164.0
68645.0
68934.0
69087.0
69179.0
69224.0
69259.0
69279.0
69284.0
69287.0
69288.0
69288.0
69288.0
69288.0
69288.0
69288.0
69288.0
69288.0
69288.0
69288.0
69288.0
69288.0
69288.0
69288.0
69288.0
69288.0
69288.0
69288.0
69288.0
69288.0
19690.0
32324.0
40668.0
47191.0
53006.0
57631.0
61251.0
63870.0
65749.0
66960.0
67715.0
68152.0
68410.0
68530.0
68592.0
68625.0
68638.0
68643.0
68645.0
68646.0
68647.0
68647.0
68647.0
68647.0
68647.0
68647.0
68647.0
68647.0
68647.0
68647.0
68647.0
68647.0
68647.0
68647.0
68647.0
68647.0
68647.0
68647.0
68647.0
68647.0
19673.0
32217.0
40498.0
46959.0
52478.0
57021.0
60359.0
62765.0
64400.0
65443.0
66106.0
66522.0
66749.0
66859.0
66902.0
66932.0
66946.0
66951.0
66955.0
66957.0
66959.0
66959.0
66959.0
66959.0
66959.0
66959.0
66959.0
66959.0
66959.0
66959.0
66959.0
66959.0
66959.0
66959.0
66959.0
66959.0
66959.0
66959.0
66959.0
66959.0
19870.0
32614.0
40950.0
47479.0
53163.0
57670.0
61086.0
63525.0
65145.0
66118.0
66659.0
66945.0
67115.0
67208.0
67260.0
67270.0
67277.0
67279.0
67279.0
67279.0
67279.0
67279.0
67279.0
67279.0
67279.0
67279.0
67279.0
67279.0
67279.0
67279.0
67279.0
67279.0
67279.0
67279.0
67279.0
67279.0
67279.0
67279.0
67279.0
67279.0
19902.0
32763.0
41183.0
47808.0
53362.0
57729.0
61042.0
63302.0
64858.0
65842.0
66423.0
66760.0
66944.0
67046.0
67113.0
67140.0
67154.0
67161.0
67165.0
67166.0
67167.0
67167.0
67167.0
67167.0
67167.0
67167.0
67167.0
67167.0
67167.0
67167.0
67167.0
67167.0
67167.0
67167.0
67167.0
67167.0
67167.0
67167.0
67167.0
67167.0
19785.0
32359.0
40638.0
47152.0
52816.0
57401.0
60934.0
63540.0
65282.0
66421.0
67166.0
67620.0
67886.0
68042.0
68135.0
68181.0
68200.0
68210.0
68217.0
68222.0
68223.0
68223.0
68223.0
68223.0
68223.0
68223.0
68223.0
68223.0
68223.0
68223.0
68223.0
68223.0
68223.0
68223.0
68223.0
68223.0
68223.0
68223.0
68223.0
68223.0
19998.0
32708.0
41367.0
48148.0
53879.0
58392.0
61676.0
63913.0
65508.0
66545.0
67219.0
67590.0
67827.0
67962.0
68024.0
68052.0
68071.0
68076.0
68078.0
68079.0
68079.0
68079.0
68079.0
68079.0
68079.0
68079.0
68079.0
68079.0
68079.0
68079.0
68079.0
68079.0
68079.0
68079.0
68079.0
68079.0
68079.0
68079.0
68079.0
68079.0
19880.0
32578.0
40875.0
47320.0
52908.0
57337.0
60614.0
62929.0
64497.0
65486.0
66062.0
66368.0
66545.0
66625.0
66679.0
66715.0
66734.0
66739.0
66741.0
66741.0
66741.0
66741.0
66741.0
66741.0
66741.0
66741.0
66741.0
66741.0
66741.0
66741.0
66741.0
66741.0
66741.0
66741.0
66741.0
66741.0
66741.0
66741.0
66741.0
66741.0
20114.0
33011.0
41557.0
48303.0
54248.0
59113.0
62740.0
65415.0
67079.0
68158.0
68816.0
69232.0
69446.0
69563.0
69624.0
69654.0
69676.0
69685.0
69690.0
69694.0
69696.0
69697.0
69697.0
69697.0
69697.0
69697.0
69697.0
69697.0
69697.0
69697.0
69697.0
69697.0
69697.0
69697.0
69697.0
69697.0
69697.0
69697.0
69697.0
69697.0
19792.0
32483.0
40865.0
47372.0
53043.0
57530.0
60937.0
63479.0
65152.0
66323.0
67015.0
67469.0
67721.0
67825.0
67879.0
67895.0
67901.0
67903.0
67903.0
67903.0
67903.0
67903.0
67903.0
67903.0
67903.0
67903.0
67903.0
67903.0
67903.0
67903.0
67903.0
67903.0
67903.0
67903.0
67903.0
67903.0
67903.0
67903.0
67903.0
67903.0
19590.0
32116.0
40572.0
47163.0
52936.0
57624.0
61155.0
63738.0
65538.0
66645.0
67316.0
67729.0
67973.0
68106.0
68188.0
68236.0
68256.0
68267.0
68272.0
68274.0
68275.0
68275.0
68275.0
68275.0
68275.0
68275.0
68275.0
68275.0
68275.0
68275.0
68275.0
68275.0
68275.0
68275.0
68275.0
68275.0
68275.0
68275.0
68275.0
68275.0
19793.0
32398.0
40808.0
47426.0
53142.0
57742.0
61348.0
63982.0
65764.0
66965.0
67647.0
68070.0
68293.0
68409.0
68479.0
68507.0
68519.0
68525.0
68530.0
68532.0
68533.0
68534.0
68534.0
68534.0
68534.0
68534.0
68534.0
68534.0
68534.0
68534.0
68534.0
68534.0
68534.0
68534.0
68534.0
68534.0
68534.0
68534.0
68534.0
68534.0
19950.0
32814.0
41285.0
47744.0
53400.0
57747.0
61078.0
63430.0
64978.0
65942.0
66448.0
66751.0
66914.0
67005.0
67057.0
67081.0
67085.0
67087.0
67089.0
67090.0
67090.0
67090.0
67090.0
67090.0
67090.0
67090.0
67090.0
67090.0
67090.0
67090.0
67090.0
67090.0
67090.0
67090.0
67090.0
67090.0
67090.0
67090.0
67090.0
67090.0
19362.0
31876.0
40320.0
46939.0
52572.0
57121.0
60694.0
63341.0
65145.0
66387.0
67142.0
67606.0
67902.0
68055.0
68136.0
68179.0
68195.0
68200.0
68203.0
68204.0
68204.0
68204.0
68204.0
68204.0
68204.0
68204.0
68204.0
68204.0
68204.0
68204.0
68204.0
68204.0
68204.0
68204.0
68204.0
68204.0
68204.0
68204.0
68204.0
68204.0
19623.0
32065.0
40154.0
46476.0
52097.0
56607.0
60113.0
62626.0
64357.0
65511.0
66212.0
66602.0
66796.0
66920.0
66983.0
67032.0
67055.0
67061.0
67063.0
67064.0
67065.0
67065.0
67065.0
67065.0
67065.0
67065.0
67065.0
67065.0
67065.0
67065.0
67065.0
67065.0
67065.0
67065.0
67065.0
67065.0
67065.0
67065.0
67065.0
67065.0
19808.0
32672.0
41292.0
47918.0
53621.0
58222.0
61645.0
64026.0
65664.0
66769.0
67406.0
67792.0
68012.0
68134.0
68211.0
68254.0
68274.0
68285.0
68290.0
68294.0
68294.0
68294.0
68294.0
68294.0
68294.0
68294.0
68294.0
68294.0
68294.0
68294.0
68294.0
68294.0
68294.0
68294.0
68294.0
68294.0
68294.0
68294.0
68294.0
68294.0
19863.0
32420.0
40809.0
47304.0
52948.0
57593.0
61196.0
63757.0
65535.0
66746.0
67433.0
67795.0
68040.0
68196.0
68242.0
68267.0
68279.0
68283.0
68284.0
68284.0
68284.0
68284.0
68284.0
68284.0
68284.0
68284.0
68284.0
68284.0
68284.0
68284.0
68284.0
68284.0
68284.0
68284.0
68284.0
68284.0
68284.0
68284.0
68284.0
68284.0
19718.0
32455.0
40786.0
47311.0
53052.0
57676.0
61172.0
63740.0
65547.0
66737.0
67481.0
67939.0
68187.0
68313.0
68388.0
68428.0
68457.0
68464.0
68465.0
68465.0
68465.0
68465.0
68465.0
68465.0
68465.0
68465.0
68465.0
68465.0
68465.0
68465.0
68465.0
68465.0
68465.0
68465.0
68465.0
68465.0
68465.0
68465.0
68465.0
68465.0
20103.0
32860.0
41284.0
47789.0
53499.0
58072.0
61533.0
64029.0
65640.0
66666.0
67328.0
67690.0
67895.0
68010.0
68057.0
68077.0
68088.0
68094.0
68098.0
68102.0
68104.0
68104.0
68104.0
68104.0
68104.0
68104.0
68104.0
68104.0
68104.0
68104.0
68104.0
68104.0
68104.0
68104.0
68104.0
68104.0
68104.0
68104.0
68104.0
68104.0
19689.0
32219.0
40697.0
47347.0
53001.0
57539.0
60989.0
63504.0
65290.0
66457.0
67259.0
67743.0
67989.0
68142.0
68237.0
68296.0
68333.0
68347.0
68358.0
68366.0
68369.0
68370.0
68370.0
68370.0
68370.0
68370.0
68370.0
68370.0
68370.0
68370.0
68370.0
68370.0
68370.0
68370.0
68370.0
68370.0
68370.0
68370.0
68370.0
68370.0
20126.0
33016.0
41673.0
48362.0
54220.0
58916.0
62461.0
65006.0
66670.0
67716.0
68404.0
68775.0
68989.0
69119.0
69176.0
69210.0
69228.0
69237.0
69240.0
69240.0
69240.0
69240.0
69240.0
69240.0
69240.0
69240.0
69240.0
69240.0
69240.0
69240.0
69240.0
69240.0
69240.0
69240.0
69240.0
69240.0
69240.0
69240.0
69240.0
69240.0
19677.0
32353.0
40773.0
47207.0
52866.0
57322.0
60810.0
63344.0
65048.0
66167.0
66874.0
67271.0
67517.0
67640.0
67704.0
67741.0
67757.0
67762.0
67765.0
67767.0
67767.0
67767.0
67767.0
67767.0
67767.0
67767.0
67767.0
67767.0
67767.0
67767.0
67767.0
67767.0
67767.0
67767.0
67767.0
67767.0
67767.0
67767.0
67767.0
67767.0
20125.0
32783.0
40953.0
47469.0
53196.0
57642.0
61058.0
63356.0
65010.0
66164.0
66831.0
67214.0
67433.0
67560.0
67624.0
67664.0
67679.0
67687.0
67691.0
67695.0
67696.0
67696.0
67696.0
67696.0
67696.0
67696.0
67696.0
67696.0
67696.0
67696.0
67696.0
67696.0
67696.0
67696.0
67696.0
67696.0
67696.0
67696.0
67696.0
67696.0
20033.0
33118.0
41810.0
48588.0
54543.0
59182.0
62698.0
65199.0
66875.0
67976.0
68549.0
68884.0
69096.0
69196.0
69246.0
69261.0
69269.0
69274.0
69277.0
69278.0
69279.0
69280.0
69281.0
69281.0
69281.0
69281.0
69281.0
69281.0
69281.0
69281.0
69281.0
69281.0
69281.0
69281.0
69281.0
69281.0
69281.0
69281.0
69281.0
69281.0
19711.0
32427.0
40932.0
47450.0
52993.0
57416.0
60889.0
63446.0
65227.0
66285.0
66923.0
67316.0
67525.0
67630.0
67685.0
67714.0
67730.0
67735.0
67738.0
67740.0
67740.0
67740.0
67740.0
67740.0
67740.0
67740.0
67740.0
67740.0
67740.0
67740.0
67740.0
67740.0
67740.0
67740.0
67740.0
67740.0
67740.0
67740.0
67740.0
67740.0
19862.0
32475.0
40773.0
47356.0
53033.0
57506.0
60985.0
63453.0
65219.0
66331.0
66984.0
67376.0
67607.0
67712.0
67765.0
67791.0
67804.0
67811.0
67817.0
67821.0
67824.0
67826.0
67827.0
67827.0
67827.0
67827.0
67827.0
67827.0
67827.0
67827.0
67827.0
67827.0
67827.0
67827.0
67827.0
67827.0
67827.0
67827.0
67827.0
67827.0
19946.0
32560.0
40992.0
47605.0
53414.0
58149.0
61655.0
64215.0
65928.0
67016.0
67704.0
68109.0
68343.0
68459.0
68515.0
68533.0
68540.0
68542.0
68542.0
68542.0
68542.0
68542.0
68542.0
68542.0
68542.0
68542.0
68542.0
68542.0
68542.0
68542.0
68542.0
68542.0
68542.0
68542.0
68542.0
68542.0
68542.0
68542.0
68542.0
68542.0
19906.0
32696.0
41308.0
48027.0
53795.0
58346.0
61823.0
64317.0
65990.0
67118.0
67776.0
68177.0
68439.0
68614.0
68708.0
68767.0
68807.0
68822.0
68830.0
68835.0
68838.0
68840.0
68841.0
68842.0
68842.0
68842.0
68842.0
68842.0
68842.0
68842.0
68842.0
68842.0
68842.0
68842.0
68842.0
68842.0
68842.0
68842.0
68842.0
68842.0
19769.0
32396.0
40922.0
47533.0
53194.0
57794.0
61144.0
63691.0
65420.0
66610.0
67365.0
67807.0
68066.0
68204.0
68275.0
68312.0
68332.0
68340.0
68343.0
68345.0
68346.0
68346.0
68346.0
68346.0
68346.0
68346.0
68346.0
68346.0
68346.0
68346.0
68346.0
68346.0
68346.0
68346.0
68346.0
68346.0
68346.0
68346.0
68346.0
68346.0
19680.0
32412.0
40955.0
47481.0
52902.0
57239.0
60406.0
62686.0
64134.0
65060.0
65525.0
65802.0
65969.0
66062.0
66126.0
66152.0
66162.0
66168.0
66173.0
66177.0
66179.0
66181.0
66181.0
66181.0
66181.0
66181.0
66181.0
66181.0
66181.0
66181.0
66181.0
66181.0
66181.0
66181.0
66181.0
66181.0
66181.0
66181.0
66181.0
66181.0
19843.0
32438.0
40726.0
47332.0
53109.0
57865.0
61469.0
64134.0
65892.0
67133.0
67886.0
68349.0
68643.0
68787.0
68859.0
68894.0
68919.0
68929.0
68932.0
68932.0
68932.0
68932.0
68932.0
68932.0
68932.0
68932.0
68932.0
68932.0
68932.0
68932.0
68932.0
68932.0
68932.0
68932.0
68932.0
68932.0
68932.0
68932.0
68932.0
68932.0
19944.0
32720.0
41365.0
48177.0
54074.0
58726.0
62270.0
64859.0
66608.0
67791.0
68465.0
68913.0
69135.0
69270.0
69327.0
69353.0
69363.0
69367.0
69368.0
69369.0
69370.0
69370.0
69370.0
69370.0
69370.0
69370.0
69370.0
69370.0
69370.0
69370.0
69370.0
69370.0
69370.0
69370.0
69370.0
69370.0
69370.0
69370.0
69370.0
69370.0
19718.0
32088.0
40387.0
46833.0
52546.0
57280.0
60933.0
63658.0
65554.0
66842.0
67680.0
68198.0
68500.0
68675.0
68770.0
68829.0
68859.0
68880.0
68888.0
68892.0
68896.0
68900.0
68903.0
68904.0
68904.0
68904.0
68904.0
68904.0
68904.0
68904.0
68904.0
68904.0
68904.0
68904.0
68904.0
68904.0
68904.0
68904.0
68904.0
68904.0
19652.0
32154.0
40580.0
47127.0
52868.0
57503.0
61035.0
63622.0
65389.0
66662.0
67447.0
67902.0
68176.0
68328.0
68409.0
68444.0
68465.0
68483.0
68491.0
68497.0
68500.0
68501.0
68501.0
68501.0
68501.0
68501.0
68501.0
68501.0
68501.0
68501.0
68501.0
68501.0
68501.0
68501.0
68501.0
68501.0
68501.0
68501.0
68501.0
68501.0
20084.0
32863.0
41316.0
47829.0
53474.0
57950.0
61332.0
63867.0
65579.0
66742.0
67460.0
67917.0
68194.0
68348.0
68441.0
68494.0
68524.0
68536.0
68542.0
68545.0
68546.0
68546.0
68546.0
68546.0
68546.0
68546.0
68546.0
68546.0
68546.0
68546.0
68546.0
68546.0
68546.0
68546.0
68546.0
68546.0
68546.0
68546.0
68546.0
68546.0
19954.0
32452.0
40796.0
47256.0
52709.0
56983.0
60155.0
62380.0
63784.0
64671.0
65210.0
65540.0
65704.0
65820.0
65859.0
65873.0
65878.0
65880.0
65881.0
65882.0
65883.0
65883.0
65883.0
65883.0
65883.0
65883.0
65883.0
65883.0
65883.0
65883.0
65883.0
65883.0
65883.0
65883.0
65883.0
65883.0
65883.0
65883.0
65883.0
65883.0
19640.0
32205.0
40548.0
47103.0
52711.0
57087.0
60451.0
62733.0
64235.0
65133.0
65678.0
65969.0
66124.0
66197.0
66251.0
66263.0
66271.0
66274.0
66277.0
66277.0
66277.0
66277.0
66277.0
66277.0
66277.0
66277.0
66277.0
66277.0
66277.0
66277.0
66277.0
66277.0
66277.0
66277.0
66277.0
66277.0
66277.0
66277.0
66277.0
66277.0
19785.0
32215.0
40656.0
47339.0
53135.0
57751.0
61351.0
63873.0
65656.0
66765.0
67534.0
67963.0
68206.0
68348.0
68417.0
68451.0
68466.0
68475.0
68480.0
68483.0
68485.0
68485.0
68485.0
68485.0
68485.0
68485.0
68485.0
68485.0
68485.0
68485.0
68485.0
68485.0
68485.0
68485.0
68485.0
68485.0
68485.0
68485.0
68485.0
68485.0
19646.0
32242.0
40888.0
47652.0
53573.0
58318.0
62076.0
64771.0
66584.0
67758.0
68542.0
69029.0
69301.0
69427.0
69491.0
69521.0
69541.0
69557.0
69561.0
69563.0
69563.0
69563.0
69563.0
69563.0
69563.0
69563.0
69563.0
69563.0
69563.0
69563.0
69563.0
69563.0
69563.0
69563.0
69563.0
69563.0
69563.0
69563.0
69563.0
69563.0
19596.0
31998.0
40150.0
46497.0
52024.0
56460.0
59932.0
62359.0
64119.0
65251.0
65917.0
66276.0
66457.0
66570.0
66627.0
66659.0
66670.0
66679.0
66681.0
66681.0
66681.0
66681.0
66681.0
66681.0
66681.0
66681.0
66681.0
66681.0
66681.0
66681.0
66681.0
66681.0
66681.0
66681.0
66681.0
66681.0
66681.0
66681.0
66681.0
66681.0
19851.0
32617.0
40872.0
47314.0
52887.0
57311.0
60675.0
63001.0
64595.0
65513.0
66057.0
66366.0
66517.0
66582.0
66620.0
66635.0
66643.0
66649.0
66651.0
66652.0
66652.0
66652.0
66652.0
66652.0
66652.0
66652.0
66652.0
66652.0
66652.0
66652.0
66652.0
66652.0
66652.0
66652.0
66652.0
66652.0
66652.0
66652.0
66652.0
66652.0
19851.0
32580.0
40762.0
47200.0
52776.0
57328.0
60892.0
63355.0
65111.0
66226.0
66972.0
67387.0
67611.0
67735.0
67803.0
67836.0
67855.0
67860.0
67863.0
67865.0
67867.0
67867.0
67867.0
67867.0
67867.0
67867.0
67867.0
67867.0
67867.0
67867.0
67867.0
67867.0
67867.0
67867.0
67867.0
67867.0
67867.0
67867.0
67867.0
67867.0
19993.0
32823.0
41477.0
48185.0
54021.0
58697.0
62244.0
64819.0
66602.0
67663.0
68379.0
68812.0
69062.0
69213.0
69277.0
69313.0
69331.0
69348.0
69353.0
69355.0
69356.0
69356.0
69356.0
69356.0
69356.0
69356.0
69356.0
69356.0
69356.0
69356.0
69356.0
69356.0
69356.0
69356.0
69356.0
69356.0
69356.0
69356.0
69356.0
69356.0
19462.0
31977.0
40181.0
46600.0
52256.0
56810.0
60382.0
62978.0
64768.0
65991.0
66702.0
67159.0
67438.0
67584.0
67667.0
67708.0
67733.0
67739.0
67741.0
67742.0
67742.0
67742.0
67742.0
67742.0
67742.0
67742.0
67742.0
67742.0
67742.0
67742.0
67742.0
67742.0
67742.0
67742.0
67742.0
67742.0
67742.0
67742.0
67742.0
67742.0
19635.0
32072.0
40337.0
46771.0
52324.0
56781.0
60101.0
62478.0
64076.0
65022.0
65549.0
65842.0
66000.0
66095.0
66147.0
66163.0
66168.0
66168.0
66168.0
66168.0
66168.0
66168.0
66168.0
66168.0
66168.0
66168.0
66168.0
66168.0
66168.0
66168.0
66168.0
66168.0
66168.0
66168.0
66168.0
66168.0
66168.0
66168.0
66168.0
66168.0
20029.0
32648.0
40819.0
47202.0
52776.0
57090.0
60253.0
62356.0
63767.0
64674.0
65197.0
65498.0
65667.0
65740.0
65772.0
65788.0
65797.0
65800.0
65802.0
65803.0
65804.0
65805.0
65805.0
65805.0
65805.0
65805.0
65805.0
65805.0
65805.0
65805.0
65805.0
65805.0
65805.0
65805.0
65805.0
65805.0
65805.0
65805.0
65805.0
65805.0
20089.0
32808.0
41505.0
48279.0
54002.0
58676.0
62300.0
64862.0
66654.0
67834.0
68561.0
68980.0
69253.0
69403.0
69491.0
69523.0
69539.0
69550.0
69554.0
69556.0
69556.0
69556.0
69556.0
69556.0
69556.0
69556.0
69556.0
69556.0
69556.0
69556.0
69556.0
69556.0
69556.0
69556.0
69556.0
69556.0
69556.0
69556.0
69556.0
69556.0
