19834
36538
50270
61319
69645
76029
80870
84305
86670
88135
89001
89477
89754
89924
90015
90047
90058
90064
90067
90068
90068
90068
90068
90068
90068
90068
90068
90068
90068
90068
90068
90068
90068
90068
90068
90068
90068
90068
90068
90068
19813
36507
49932
60635
68733
74869
79394
82741
84990
86426
87305
87759
87987
88152
88223
88268
88310
88341
88366
88382
88393
88408
88408
88408
88408
88408
88408
88408
88408
88408
88408
88408
88408
88408
88408
88408
88408
88408
88408
88408
19574
36074
49628
60448
68649
74858
79402
82696
84972
86443
87427
87981
88309
88455
88515
88545
88551
88553
88554
88554
88554
88554
88554
88554
88554
88554
88554
88554
88554
88554
88554
88554
88554
88554
88554
88554
88554
88554
88554
88554
19672
36191
49559
60237
68180
74307
78802
82044
84344
85846
86760
87298
87572
87763
87853
87893
87909
87919
87926
87928
87928
87928
87928
87928
87928
87928
87928
87928
87928
87928
87928
87928
87928
87928
87928
87928
87928
87928
87928
87928
19662
36363
50174
61143
69487
75997
80876
84440
86956
88602
89671
90326
90683
90865
90942
90992
91029
91049
91054
91056
91057
91057
91057
91057
91057
91057
91057
91057
91057
91057
91057
91057
91057
91057
91057
91057
91057
91057
91057
91057
20256
37367
51371
62419
70621
76827
81278
84393
86449
87679
88433
88843
89034
89134
89189
89223
89244
89248
89250
89252
89252
89252
89252
89252
89252
89252
89252
89252
89252
89252
89252
89252
89252
89252
89252
89252
89252
89252
89252
89252
19667
36230
49732
60507
68590
74651
79122
82417
84609
86091
87046
87559
87874
88022
88106
88148
88166
88179
88187
88191
88192
88193
88194
88194
88194
88194
88194
88194
88194
88194
88194
88194
88194
88194
88194
88194
88194
88194
88194
88194
20255
37405
51385
62605
71101
77507
82253
85585
87828
89242
90138
90672
90930
91056
91112
91155
91185
91190
91193
91193
91193
91193
91193
91193
91193
91193
91193
91193
91193
91193
91193
91193
91193
91193
91193
91193
91193
91193
91193
91193
19820
36559
50270
61079
69189
75399
79949
83167
85404
86950
87853
88421
88766
88935
89009
89046
89070
89086
89094
89097
89099
89099
89099
89099
89099
89099
89099
89099
89099
89099
89099
89099
89099
89099
89099
89099
89099
89099
89099
89099
19856
36739
50568
61652
69990
76438
81221
84760
87121
88627
89546
90072
90391
90560
90650
90691
90716
90741
90743
90744
90744
90744
90744
90744
90744
90744
90744
90744
90744
90744
90744
90744
90744
90744
90744
90744
90744
90744
90744
90744
19991
36870
50667
61697
70016
76305
80794
83930
86075
87453
88332
88873
89190
89338
89428
89482
89521
89528
89532
89534
89535
89535
89535
89535
89535
89535
89535
89535
89535
89535
89535
89535
89535
89535
89535
89535
89535
89535
89535
89535
19679
36314
50020
61049
69386
75779
80671
84325
86911
88710
89817
90520
90945
91222
91389
91486
91553
91569
91578
91582
91585
91585
91585
91585
91585
91585
91585
91585
91585
91585
91585
91585
91585
91585
91585
91585
91585
91585
91585
91585
19830
36532
50279
61296
69592
75960
80626
84021
86295
87796
88696
89235
89585
89776
89854
89887
89913
89919
89922
89922
89922
89922
89922
89922
89922
89922
89922
89922
89922
89922
89922
89922
89922
89922
89922
89922
89922
89922
89922
89922
19876
36582
50303
61335
69667
75925
80544
83886
86183
87717
88693
89349
89776
89955
90061
90143
90164
90172
90174
90175
90176
90176
90176
90176
90176
90176
90176
90176
90176
90176
90176
90176
90176
90176
90176
90176
90176
90176
90176
90176
19665
36258
49577
60279
68310
74452
78877
82031
84204
85621
86444
86983
87247
87401
87474
87518
87534
87543
87548
87550
87552
87553
87554
87555
87556
87556
87556
87556
87556
87556
87556
87556
87556
87556
87556
87556
87556
87556
87556
87556
19371
35776
49317
60284
68652
75146
80042
83637
86259
88142
89345
90112
90545
90799
90946
91043
91084
91112
91133
91150
91150
91150
91150
91150
91150
91150
91150
91150
91150
91150
91150
91150
91150
91150
91150
91150
91150
91150
91150
91150
19601
36111
49622
60352
68694
75127
80003
83590
86084
87716
88775
89446
89813
90001
90092
90155
90191
90197
90202
90205
90207
90207
90207
90207
90207
90207
90207
90207
90207
90207
90207
90207
90207
90207
90207
90207
90207
90207
90207
90207
19797
36578
50198
61155
69403
75782
80511
83943
86411
88060
89180
89848
90224
90410
90515
90552
90564
90569
90570
90570
90570
90570
90570
90570
90570
90570
90570
90570
90570
90570
90570
90570
90570
90570
90570
90570
90570
90570
90570
90570
19923
36680
50328
61404
69779
75990
80642
83993
86347
87878
88782
89358
89612
89764
89824
89853
89863
89866
89866
89866
89866
89866
89866
89866
89866
89866
89866
89866
89866
89866
89866
89866
89866
89866
89866
89866
89866
89866
89866
89866
19732
36227
49915
60818
68866
75031
79465
82661
84829
86274
87114
87609
87861
88028
88127
88145
88156
88160
88161
88162
88162
88162
88162
88162
88162
88162
88162
88162
88162
88162
88162
88162
88162
88162
88162
88162
88162
88162
88162
88162
19953
36806
50542
61561
69933
76257
80993
84364
86632
88082
88960
89492
89800
89950
90009
90035
90047
90055
90059
90061
90062
90062
90062
90062
90062
90062
90062
90062
90062
90062
90062
90062
90062
90062
90062
90062
90062
90062
90062
90062
19738
36499
50105
60924
69020
75124
79688
82972
85127
86502
87245
87618
87817
87911
87956
87979
87992
87999
88002
88002
88002
88002
88002
88002
88002
88002
88002
88002
88002
88002
88002
88002
88002
88002
88002
88002
88002
88002
88002
88002
19798
36517
50223
61095
69492
75882
80654
83990
86222
87759
88651
89179
89467
89610
89677
89708
89729
89731
89731
89731
89731
89731
89731
89731
89731
89731
89731
89731
89731
89731
89731
89731
89731
89731
89731
89731
89731
89731
89731
89731
19777
36536
50301
61246
69418
75701
80289
83540
85822
87387
88306
88826
89164
89319
89383
89415
89432
89450
89451
89452
89452
89452
89452
89452
89452
89452
89452
89452
89452
89452
89452
89452
89452
89452
89452
89452
89452
89452
89452
89452
20056
36915
50786
61800
70015
76135
80692
84113
86418
87861
88705
89211
89531
89697
89805
89861
89899
89906
89909
89911
89911
89911
89911
89911
89911
89911
89911
89911
89911
89911
89911
89911
89911
89911
89911
89911
89911
89911
89911
89911
19756
36301
49901
60662
68670
74613
79006
82106
84213
85492
86248
86629
86807
86909
86957
86985
86990
86992
86993
86994
86995
86996
86996
86996
86996
86996
86996
86996
86996
86996
86996
86996
86996
86996
86996
86996
86996
86996
86996
86996
19655
36300
49896
60831
69125
75409
80206
83735
86265
87872
88926
89519
89853
90051
90171
90217
90229
90233
90234
90234
90234
90234
90234
90234
90234
90234
90234
90234
90234
90234
90234
90234
90234
90234
90234
90234
90234
90234
90234
90234
19723
36374
49747
60511
68550
74551
79019
82204
84389
85835
86697
87118
87347
87466
87530
87559
87570
87576
87580
87580
87580
87580
87580
87580
87580
87580
87580
87580
87580
87580
87580
87580
87580
87580
87580
87580
87580
87580
87580
87580
19714
36228
49740
60608
68822
74948
79519
82805
85074
86611
87550
88085
88404
88580
88681
88705
88712
88714
88715
88715
88715
88715
88715
88715
88715
88715
88715
88715
88715
88715
88715
88715
88715
88715
88715
88715
88715
88715
88715
88715
19839
36705
50435
61426
69664
75809
80265
83419
85575
86922
87720
88232
88523
88686
88779
88818
88833
88840
88844
88844
88844
88844
88844
88844
88844
88844
88844
88844
88844
88844
88844
88844
88844
88844
88844
88844
88844
88844
88844
88844
19764
36308
49856
60615
68772
74957
79559
82809
85056
86597
87497
88105
88420
88596
88647
88670
88683
88689
88692
88693
88693
88693
88693
88693
88693
88693
88693
88693
88693
88693
88693
88693
88693
88693
88693
88693
88693
88693
88693
88693
19876
36490
50063
60972
69243
75368
79979
83338
85583
87063
87980
88531
88822
89007
89088
89116
89136
89138
89138
89138
89138
89138
89138
89138
89138
89138
89138
89138
89138
89138
89138
89138
89138
89138
89138
89138
89138
89138
89138
89138
19917
36714
50498
61551
69901
76338
81071
84626
87005
88589
89571
90089
90389
90579
90700
90723
90728
90732
90735
90736
90736
90736
90736
90736
90736
90736
90736
90736
90736
90736
90736
90736
90736
90736
90736
90736
90736
90736
90736
90736
19816
36596
50223
61332
69557
75802
80400
83631
85886
87382
88217
88734
89007
89131
89206
89231
89243
89252
89256
89259
89260
89261
89261
89261
89261
89261
89261
89261
89261
89261
89261
89261
89261
89261
89261
89261
89261
89261
89261
89261
20076
36841
50647
61628
69856
76047
80599
83799
86007
87365
88196
88664
88915
89048
89148
89184
89193
89195
89196
89196
89196
89196
89196
89196
89196
89196
89196
89196
89196
89196
89196
89196
89196
89196
89196
89196
89196
89196
89196
89196
19897
36700
50470
61484
69704
76018
80554
83851
86123
87649
88621
89153
89478
89610
89696
89735
89760
89776
89778
89778
89778
89778
89778
89778
89778
89778
89778
89778
89778
89778
89778
89778
89778
89778
89778
89778
89778
89778
89778
89778
20011
36989
50809
61908
70228
76547
81263
84571
86856
88263
89214
89793
90149
90345
90443
90492
90515
90528
90532
90534
90535
90536
90536
90536
90536
90536
90536
90536
90536
90536
90536
90536
90536
90536
90536
90536
90536
90536
90536
90536
19916
36746
50450
61384
69582
75755
80273
83607
85897
87347
88267
88830
89156
89357
89464
89506
89543
89550
89552
89553
89553
89553
89553
89553
89553
89553
89553
89553
89553
89553
89553
89553
89553
89553
89553
89553
89553
89553
89553
89553
19834
36586
50309
61412
69673
75950
80668
84039
86327
87869
88832
89460
89786
89940
90024
90072
90078
90082
90086
90089
90091
90092
90093
90094
90094
90094
90094
90094
90094
90094
90094
90094
90094
90094
90094
90094
90094
90094
90094
90094
20142
37128
50937
61955
70108
76299
80830
83992
86122
87484
88257
88673
88865
88948
88992
89016
89020
89023
89026
89028
89029
89029
89029
89029
89029
89029
89029
89029
89029
89029
89029
89029
89029
89029
89029
89029
89029
89029
89029
89029
20331
37490
51403
62512
70832
76914
81329
84344
86298
87631
88340
88754
88976
89101
89166
89211
89244
89255
89262
89266
89269
89269
89269
89269
89269
89269
89269
89269
89269
89269
89269
89269
89269
89269
89269
89269
89269
89269
89269
89269
19746
36460
50055
60708
68928
74917
79505
82743
84996
86486
87357
87858
88159
88337
88437
88460
88474
88479
88482
88483
88483
88483
88483
88483
88483
88483
88483
88483
88483
88483
88483
88483
88483
88483
88483
88483
88483
88483
88483
88483
19773
36464
50173
60999
69096
75254
79820
83162
85436
86934
87756
88229
88488
88684
88797
88851
88882
88900
88907
88910
88911
88911
88911
88911
88911
88911
88911
88911
88911
88911
88911
88911
88911
88911
88911
88911
88911
88911
88911
88911
19640
36264
49749
60610
68756
74919
79452
82559
84736
86198
87027
87524
87797
87965
88052
88083
88097
88104
88106
88106
88106
88106
88106
88106
88106
88106
88106
88106
88106
88106
88106
88106
88106
88106
88106
88106
88106
88106
88106
88106
19719
36415
49927
60674
68975
75202
79828
83070
85270
86741
87613
88094
88325
88445
88506
88533
88548
88551
88553
88554
88554
88554
88554
88554
88554
88554
88554
88554
88554
88554
88554
88554
88554
88554
88554
88554
88554
88554
88554
88554
19479
35874
49375
60109
68277
74630
79400
82889
85390
87020
88022
88642
89030
89218
89327
89355
89371
89376
89378
89380
89381
89382
89382
89382
89382
89382
89382
89382
89382
89382
89382
89382
89382
89382
89382
89382
89382
89382
89382
89382
19637
36281
49804
60598
68779
75017
79592
82831
85033
86355
87162
87577
87764
87883
87916
87933
87943
87948
87951
87953
87955
87955
87955
87955
87955
87955
87955
87955
87955
87955
87955
87955
87955
87955
87955
87955
87955
87955
87955
87955
20009
37000
50850
61942
70279
76674
81413
84816
87141
88750
89670
90241
90547
90704
90799
90846
90869
90878
90883
90886
90888
90889
90890
90890
90890
90890
90890
90890
90890
90890
90890
90890
90890
90890
90890
90890
90890
90890
90890
90890
20188
37177
51113
62087
70270
76428
80798
83905
85988
87271
87976
88362
88588
88717
88768
88786
88798
88803
88804
88804
88804
88804
88804
88804
88804
88804
88804
88804
88804
88804
88804
88804
88804
88804
88804
88804
88804
88804
88804
88804
20123
37003
50679
61737
69902
76077
80714
83985
86216
87619
88414
88822
89029
89142
89211
89250
89268
89279
89288
89291
89294
89295
89295
89295
89295
89295
89295
89295
89295
89295
89295
89295
89295
89295
89295
89295
89295
89295
89295
89295
19751
36378
49784
60398
68345
74506
78881
81875
83772
84923
85619
86052
86252
86358
86410
86435
86445
86452
86456
86457
86457
86457
86457
86457
86457
86457
86457
86457
86457
86457
86457
86457
86457
86457
86457
86457
86457
86457
86457
86457
19830
36494
50198
61127
69453
75825
80514
83828
86142
87712
88671
89245
89556
89735
89837
89897
89900
89901
89902
89902
89902
89902
89902
89902
89902
89902
89902
89902
89902
89902
89902
89902
89902
89902
89902
89902
89902
89902
89902
89902
19817
36429
49954
60789
68954
75176
79893
83288
85555
87081
87962
88535
88830
88991
89070
89095
89099
89101
89103
89104
89104
89104
89104
89104
89104
89104
89104
89104
89104
89104
89104
89104
89104
89104
89104
89104
89104
89104
89104
89104
19832
36587
50092
61042
69304
75542
80156
83459
85790
87242
88217
88867
89181
89332
89394
89426
89435
89437
89439
89441
89443
89444
89444
89444
89444
89444
89444
89444
89444
89444
89444
89444
89444
89444
89444
89444
89444
89444
89444
89444
19992
36844
50803
61934
70325
76662
81433
84825
87272
88812
89772
90399
90759
90968
91066
91102
91115
91121
91124
91125
91126
91126
91126
91126
91126
91126
91126
91126
91126
91126
91126
91126
91126
91126
91126
91126
91126
91126
91126
91126
19949
36781
50590
61539
69790
76092
80677
84018
86320
87904
88759
89196
89443
89567
89624
89647
89654
89659
89660
89660
89660
89660
89660
89660
89660
89660
89660
89660
89660
89660
89660
89660
89660
89660
89660
89660
89660
89660
89660
89660
19936
36715
50316
61320
69555
75673
80023
83175
85307
86653
87470
87963
88228
88369
88414
88439
88450
88454
88454
88454
88454
88454
88454
88454
88454
88454
88454
88454
88454
88454
88454
88454
88454
88454
88454
88454
88454
88454
88454
88454
20008
36967
50854
61909
70227
76517
81256
84644
86910
88367
89169
89614
89819
89913
89963
89987
89996
90002
90005
90006
90006
90006
90006
90006
90006
90006
90006
90006
90006
90006
90006
90006
90006
90006
90006
90006
90006
90006
90006
90006
19982
36836
50524
61522
69665
75773
80336
83666
85990
87522
88486
89064
89360
89513
89586
89611
89623
89632
89634
89634
89634
89634
89634
89634
89634
89634
89634
89634
89634
89634
89634
89634
89634
89634
89634
89634
89634
89634
89634
89634
20210
37305
51156
62303
70670
76901
81440
84590
86779
88037
88776
89198
89422
89557
89607
89625
89630
89631
89631
89631
89631
89631
89631
89631
89631
89631
89631
89631
89631
89631
89631
89631
89631
89631
89631
89631
89631
89631
89631
89631
19784
36451
50134
61079
69219
75442
80062
83391
85762
87266
88193
88767
89103
89249
89305
89324
89333
89337
89337
89337
89337
89337
89337
89337
89337
89337
89337
89337
89337
89337
89337
89337
89337
89337
89337
89337
89337
89337
89337
89337
19929
36786
50397
61314
69528
75777
80321
83552
85758
87154
88031
88538
88835
88958
89029
89064
89080
89093
89099
89101
89103
89105
89106
89106
89106
89106
89106
89106
89106
89106
89106
89106
89106
89106
89106
89106
89106
89106
89106
89106
19561
35962
49500
60499
68817
75158
79967
83486
86037
87807
89005
89709
90100
90335
90476
90560
90576
90584
90587
90588
90588
90588
90588
90588
90588
90588
90588
90588
90588
90588
90588
90588
90588
90588
90588
90588
90588
90588
90588
90588
19886
36775
50340
61149
69297
75347
79875
83002
85116
86470
87289
87720
87950
88056
88097
88119
88129
88133
88133
88133
88133
88133
88133
88133
88133
88133
88133
88133
88133
88133
88133
88133
88133
88133
88133
88133
88133
88133
88133
88133
19778
36469
50050
60669
68632
74774
79190
82264
84371
85659
86410
86775
86951
87045
87093
87110
87122
87131
87135
87138
87138
87138
87138
87138
87138
87138
87138
87138
87138
87138
87138
87138
87138
87138
87138
87138
87138
87138
87138
87138
19636
36168
49679
60449
68634
74918
79725
83218
85758
87384
88404
89041
89476
89750
89875
89953
90001
90007
90009
90010
90010
90010
90010
90010
90010
90010
90010
90010
90010
90010
90010
90010
90010
90010
90010
90010
90010
90010
90010
90010
19889
36527
50327
61043
69270
75478
80055
83408
85729
87113
87983
88517
88838
88996
89095
89127
89143
89151
89152
89152
89152
89152
89152
89152
89152
89152
89152
89152
89152
89152
89152
89152
89152
89152
89152
89152
89152
89152
89152
89152
19937
36722
50548
61432
69747
76082
80681
84007
86296
87776
88696
89170
89374
89510
89589
89618
89629
89634
89637
89639
89640
89641
89641
89641
89641
89641
89641
89641
89641
89641
89641
89641
89641
89641
89641
89641
89641
89641
89641
89641
19856
36568
50315
61391
69830
76159
80996
84414
86759
88319
89362
89976
90342
90527
90609
90639
90658
90667
90672
90674
90674
90674
90674
90674
90674
90674
90674
90674
90674
90674
90674
90674
90674
90674
90674
90674
90674
90674
90674
90674
20075
37078
50936
61842
70028
76112
80562
83669
85717
86987
87771
88252
88503
88649
88732
88748
88755
88758
88759
88759
88759
88759
88759
88759
88759
88759
88759
88759
88759
88759
88759
88759
88759
88759
88759
88759
88759
88759
88759
88759
19679
36324
49954
60801
68910
75129
79565
82603
84692
86057
86920
87394
87664
87785
87868
87906
87922
87939
87940
87940
87940
87940
87940
87940
87940
87940
87940
87940
87940
87940
87940
87940
87940
87940
87940
87940
87940
87940
87940
87940
20070
36848
50603
61327
69352
75290
79602
82591
84660
85882
86598
87040
87258
87386
87451
87500
87525
87529
87532
87534
87534
87534
87534
87534
87534
87534
87534
87534
87534
87534
87534
87534
87534
87534
87534
87534
87534
87534
87534
87534
19877
36616
50397
61473
69841
76128
80732
84036
86284
87715
88562
89054
89318
89449
89523
89558
89568
89575
89578
89580
89580
89580
89580
89580
89580
89580
89580
89580
89580
89580
89580
89580
89580
89580
89580
89580
89580
89580
89580
89580
19649
36201
49784
60644
68828
75122
79812
83132
85346
86779
87628
88117
88378
88498
88563
88590
88601
88605
88607
88609
88610
88610
88610
88610
88610
88610
88610
88610
88610
88610
88610
88610
88610
88610
88610
88610
88610
88610
88610
88610
19866
36670
50484
61595
69872
76177
80902
84317
86734
88369
89349
89928
90272
90463
90585
90631
90657
90665
90667
90669
90670
90670
90670
90670
90670
90670
90670
90670
90670
90670
90670
90670
90670
90670
90670
90670
90670
90670
90670
90670
19900
36756
50658
61734
70116
76490
81237
84551
86803
88241
89077
89622
89903
90025
90078
90092
90096
90097
90097
90097
90097
90097
90097
90097
90097
90097
90097
90097
90097
90097
90097
90097
90097
90097
90097
90097
90097
90097
90097
90097
19648
36242
49742
60603
68790
74974
79565
82943
85224
86714
87655
88218
88483
88621
88678
88699
88709
88716
88719
88719
88719
88719
88719
88719
88719
88719
88719
88719
88719
88719
88719
88719
88719
88719
88719
88719
88719
88719
88719
88719
19577
36161
49803
60740
69116
75469
80434
84049
86604
88235
89274
89991
90428
90681
90849
90920
90950
90966
90974
90978
90979
90980
90981
90981
90981
90981
90981
90981
90981
90981
90981
90981
90981
90981
90981
90981
90981
90981
90981
90981
20006
36966
50838
61938
70212
76514
81084
84387
86457
87799
88598
89063
89269
89358
89397
89407
89409
89411
89412
89412
89412
89412
89412
89412
89412
89412
89412
89412
89412
89412
89412
89412
89412
89412
89412
89412
89412
89412
89412
89412
19845
36615
50429
61318
69421
75584
80131
83325
85566
86863
87674
88094
88363
88493
88564
88621
88646
88651
88652
88653
88654
88655
88655
88655
88655
88655
88655
88655
88655
88655
88655
88655
88655
88655
88655
88655
88655
88655
88655
88655
19933
36857
50596
61632
69905
76158
80805
84099
86359
87862
88706
89230
89528
89711
89797
89831
89848
89856
89859
89860
89861
89862
89863
89863
89863
89863
89863
89863
89863
89863
89863
89863
89863
89863
89863
89863
89863
89863
89863
89863
20101
36976
50731
61625
69820
76032
80606
83881
86071
87547
88397
88887
89184
89361
89453
89509
89543
89557
89566
89572
89575
89576
89576
89576
89576
89576
89576
89576
89576
89576
89576
89576
89576
89576
89576
89576
89576
89576
89576
89576
19916
36665
50437
61350
69506
75729
80316
83650
85879
87330
88251
88800
89187
89408
89513
89569
89587
89595
89601
89605
89608
89609
89609
89609
89609
89609
89609
89609
89609
89609
89609
89609
89609
89609
89609
89609
89609
89609
89609
89609
19834
36559
50331
61342
69552
75865
80516
83885
86248
87807
88755
89266
89465
89573
89610
89625
89633
89636
89636
89636
89636
89636
89636
89636
89636
89636
89636
89636
89636
89636
89636
89636
89636
89636
89636
89636
89636
89636
89636
89636
19867
36534
50077
60784
68788
74774
79297
82499
84620
86020
86894
87401
87661
87788
87852
87886
87897
87904
87909
87912
87912
87912
87912
87912
87912
87912
87912
87912
87912
87912
87912
87912
87912
87912
87912
87912
87912
87912
87912
87912
19902
36681
50447
61284
69395
75449
79859
82893
84962
86239
86947
87365
87605
87698
87741
87771
87777
87780
87781
87781
87781
87781
87781
87781
87781
87781
87781
87781
87781
87781
87781
87781
87781
87781
87781
87781
87781
87781
87781
87781
20009
36867
50682
61667
69948
76305
80923
84199
86423
87868
88809
89347
89597
89710
89740
89750
89756
89757
89757
89757
89757
89757
89757
89757
89757
89757
89757
89757
89757
89757
89757
89757
89757
89757
89757
89757
89757
89757
89757
89757
19897
36720
50461
61452
69766
76045
80599
83830
86101
87537
88375
88912
89203
89382
89472
89504
89525
89541
89564
89565
89566
89566
89566
89566
89566
89566
89566
89566
89566
89566
89566
89566
89566
89566
89566
89566
89566
89566
89566
89566
19836
36477
50066
60906
69009
75080
79667
82903
85058
86378
87218
87653
87942
88083
88133
88161
88171
88173
88173
88173
88173
88173
88173
88173
88173
88173
88173
88173
88173
88173
88173
88173
88173
88173
88173
88173
88173
88173
88173
88173
19820
36466
50264
61224
69405
75616
80110
83288
85516
86936
87892
88456
88772
88940
89026
89070
89090
89098
89101
89102
89102
89102
89102
89102
89102
89102
89102
89102
89102
89102
89102
89102
89102
89102
89102
89102
89102
89102
89102
89102
19624
36239
49915
60746
68965
75175
79797
83186
85470
86837
87620
88063
88332
88505
88589
88621
88629
88631
88632
88633
88634
88634
88634
88634
88634
88634
88634
88634
88634
88634
88634
88634
88634
88634
88634
88634
88634
88634
88634
88634
19807
36428
50181
61257
69508
75759
80248
83488
85644
87039
87805
88235
88423
88513
88562
88591
88599
88603
88605
88605
88605
88605
88605
88605
88605
88605
88605
88605
88605
88605
88605
88605
88605
88605
88605
88605
88605
88605
88605
88605
20088
37058
50951
62076
70431
76581
81202
84408
86509
87919
88719
89126
89376
89485
89530
89555
89569
89575
89577
89577
89577
89577
89577
89577
89577
89577
89577
89577
89577
89577
89577
89577
89577
89577
89577
89577
89577
89577
89577
89577
20103
37038
50709
61640
69767
75973
80543
83846
86057
87554
88409
88890
89151
89280
89347
89374
89391
89397
89401
89402
89402
89402
89402
89402
89402
89402
89402
89402
89402
89402
89402
89402
89402
89402
89402
89402
89402
89402
89402
89402
20096
37073
50875
61722
69822
75770
80105
83235
85302
86636
87467
87953
88202
88320
88369
88392
88401
88405
88407
88408
88409
88409
88409
88409
88409
88409
88409
88409
88409
88409
88409
88409
88409
88409
88409
88409
88409
88409
88409
88409
19522
35949
49424
60178
68257
74524
79221
82640
84944
86510
87425
88058
88382
88570
88664
88718
88732
88737
88741
88741
88741
88741
88741
88741
88741
88741
88741
88741
88741
88741
88741
88741
88741
88741
88741
88741
88741
88741
88741
88741
19839
36653
50330
61156
69351
75651
80371
83741
85967
87465
88247
88623
88826
88970
89035
89072
89103
89119
89124
89128
89129
89129
89129
89129
89129
89129
89129
89129
89129
89129
89129
89129
89129
89129
89129
89129
89129
89129
89129
89129
19783
36415
49963
60804
68886
74933
79320
82313
84306
85441
86135
86510
86720
86828
86877
86909
86916
86920
86921
86921
86921
86921
86921
86921
86921
86921
86921
86921
86921
86921
86921
86921
86921
86921
86921
86921
86921
86921
86921
86921
19888
36679
50427
61281
69455
75686
80260
83505
85704
87085
87966
88541
88886
89070
89176
89220
89229
89233
89234
89235
89236
89236
89236
89236
89236
89236
89236
89236
89236
89236
89236
89236
89236
89236
89236
89236
89236
89236
89236
89236
19910
36499
50079
60879
69060
75246
79728
82877
85041
86405
87202
87646
87857
87939
87979
87997
88008
88011
88013
88015
88017
88019
88021
88022
88022
88022
88022
88022
88022
88022
88022
88022
88022
88022
88022
88022
88022
88022
88022
88022
19740
36294
50031
60954
69265
75641
80395
83817
86176
87777
88808
89465
89801
90005
90126
90187
90226
90236
90239
90241
90241
90241
90241
90241
90241
90241
90241
90241
90241
90241
90241
90241
90241
90241
90241
90241
90241
90241
90241
90241
19944
36740
50629
61671
69864
76038
80510
83635
85791
87128
87940
88378
88580
88660
88703
88717
88723
88726
88727
88728
88728
88728
88728
88728
88728
88728
88728
88728
88728
88728
88728
88728
88728
88728
88728
88728
88728
88728
88728
88728
19503
35976
49512
60299
68398
74836
79590
83134
85495
87141
88200
88849
89212
89438
89542
89598
89623
89640
89643
89645
89646
89646
89646
89646
89646
89646
89646
89646
89646
89646
89646
89646
89646
89646
89646
89646
89646
89646
89646
89646
19863
36583
50087
60667
68493
74373
78780
81981
84134
85472
86314
86881
87203
87424
87546
87597
87620
87631
87637
87639
87640
87641
87642
87643
87643
87643
87643
87643
87643
87643
87643
87643
87643
87643
87643
87643
87643
87643
87643
87643
19834
36587
50296
61378
69627
75797
80480
83674
85862
87289
88122
88599
88876
89018
89074
89091
89097
89099
89100
89100
89100
89100
89100
89100
89100
89100
89100
89100
89100
89100
89100
89100
89100
89100
89100
89100
89100
89100
89100
89100
19830
36585
50259
61230
69531
75912
80605
84108
86591
88238
89272
89919
90325
90535
90657
90723
90742
90752
90760
90764
90765
90766
90766
90766
90766
90766
90766
90766
90766
90766
90766
90766
90766
90766
90766
90766
90766
90766
90766
90766
19805
36572
50178
60982
69234
75524
80096
83435
85777
87298
88256
88785
89114
89295
89418
89458
89488
89507
89514
89521
89524
89524
89524
89524
89524
89524
89524
89524
89524
89524
89524
89524
89524
89524
89524
89524
89524
89524
89524
89524
19676
36149
49649
60370
68434
74597
79103
82286
84474
85883
86728
87228
87507
87664
87746
87792
87807
87816
87817
87817
87817
87817
87817
87817
87817
87817
87817
87817
87817
87817
87817
87817
87817
87817
87817
87817
87817
87817
87817
87817
20175
37318
51154
62255
70663
77035
81700
85075
87299
88713
89547
90057
90350
90535
90633
90694
90724
90731
90734
90735
90735
90735
90735
90735
90735
90735
90735
90735
90735
90735
90735
90735
90735
90735
90735
90735
90735
90735
90735
90735
20069
37003
50722
61625
69957
76263
80941
84342
86691
88240
89166
89783
90159
90413
90533
90601
90645
90676
90683
90686
90687
90687
90687
90687
90687
90687
90687
90687
90687
90687
90687
90687
90687
90687
90687
90687
90687
90687
90687
90687
19709
36245
49850
60776
69105
75575
80551
84227
86822
88588
89622
90262
90646
90879
90970
91014
91032
91051
91054
91055
91055
91055
91055
91055
91055
91055
91055
91055
91055
91055
91055
91055
91055
91055
91055
91055
91055
91055
91055
91055
19661
36313
49951
60823
68847
75036
79464
82574
84570
85825
86618
87088
87353
87522
87584
87605
87617
87626
87632
87635
87636
87636
87636
87636
87636
87636
87636
87636
87636
87636
87636
87636
87636
87636
87636
87636
87636
87636
87636
87636
19881
36601
50242
61035
69189
75191
79600
82780
84837
86052
86702
87097
87319
87434
87489
87518
87527
87534
87539
87542
87544
87546
87546
87546
87546
87546
87546
87546
87546
87546
87546
87546
87546
87546
87546
87546
87546
87546
87546
87546
20210
37325
51242
62228
70374
76604
81156
84324
86474
87793
88606
88995
89188
89268
89306
89321
89329
89333
89334
89334
89334
89334
89334
89334
89334
89334
89334
89334
89334
89334
89334
89334
89334
89334
89334
89334
89334
89334
89334
89334
20011
36799
50598
61481
69571
75818
80375
83636
85759
87091
87932
88428
88746
88912
88999
89072
89104
89119
89141
89150
89158
89158
89158
89158
89158
89158
89158
89158
89158
89158
89158
89158
89158
89158
89158
89158
89158
89158
89158
89158
19991
36795
50563
61646
70032
76491
81264
84813
87256
89002
90124
90900
91400
91689
91881
92017
92096
92136
92152
92162
92169
92173
92175
92176
92176
92176
92176
92176
92176
92176
92176
92176
92176
92176
92176
92176
92176
92176
92176
92176
19783
36565
50358
61424
69853
76381
81331
84949
87486
89147
90171
90787
91086
91239
91298
91328
91344
91352
91354
91356
91357
91358
91358
91358
91358
91358
91358
91358
91358
91358
91358
91358
91358
91358
91358
91358
91358
91358
91358
91358
19809
36565
50363
61275
69459
75682
80359
83657
86092
87731
88743
89367
89734
89914
90035
90067
90076
90077
90078
90079
90079
90079
90079
90079
90079
90079
90079
90079
90079
90079
90079
90079
90079
90079
90079
90079
90079
90079
90079
90079
19904
36762
50385
61253
69310
75519
80111
83386
85565
86979
87832
88387
88696
88824
88889
88922
88936
88942
88945
88947
88948
88948
88948
88948
88948
88948
88948
88948
88948
88948
88948
88948
88948
88948
88948
88948
88948
88948
88948
88948
19811
36506
50018
60851
69064
75269
79965
83357
85776
87490
88455
89001
89312
89483
89582
89630
89647
89656
89661
89664
89665
89665
89665
89665
89665
89665
89665
89665
89665
89665
89665
89665
89665
89665
89665
89665
89665
89665
89665
89665
19942
36703
50477
61566
69771
75916
80489
83741
85835
87185
88011
88404
88636
88724
88793
88817
88824
88826
88827
88827
88827
88827
88827
88827
88827
88827
88827
88827
88827
88827
88827
88827
88827
88827
88827
88827
88827
88827
88827
88827
19876
36593
50055
60854
69038
75124
79792
83147
85376
86850
87774
88261
88592
88722
88787
88825
88842
88852
88855
88858
88860
88861
88862
88863
88863
88863
88863
88863
88863
88863
88863
88863
88863
88863
88863
88863
88863
88863
88863
88863
19823
36562
50063
60950
69084
75328
80029
83393
85686
87238
88163
88686
89021
89171
89264
89326
89354
89362
89365
89368
89370
89370
89370
89370
89370
89370
89370
89370
89370
89370
89370
89370
89370
89370
89370
89370
89370
89370
89370
89370
19816
36650
50418
61337
69567
75785
80473
83870
86222
87850
88839
89443
89780
89976
90063
90123
90159
90171
90177
90180
90181
90182
90182
90182
90182
90182
90182
90182
90182
90182
90182
90182
90182
90182
90182
90182
90182
90182
90182
90182
19673
36236
49676
60295
68358
74424
78909
82037
84239
85670
86530
87025
87346
87505
87558
87588
87596
87600
87600
87600
87600
87600
87600
87600
87600
87600
87600
87600
87600
87600
87600
87600
87600
87600
87600
87600
87600
87600
87600
87600
19709
36390
50116
61065
69375
75686
80352
83787
86149
87725
88758
89431
89764
89899
89959
89993
90012
90031
90042
90042
90042
90042
90042
90042
90042
90042
90042
90042
90042
90042
90042
90042
90042
90042
90042
90042
90042
90042
90042
90042
19280
35603
48919
59573
67688
73895
78617
82006
84451
86155
87242
87858
88232
88452
88551
88595
88623
88631
88636
88639
88641
88642
88642
88642
88642
88642
88642
88642
88642
88642
88642
88642
88642
88642
88642
88642
88642
88642
88642
88642
19861
36639
50368
61206
69310
75383
79816
82969
85030
86276
86988
87378
87591
87697
87762
87790
87800
87806
87809
87810
87810
87810
87810
87810
87810
87810
87810
87810
87810
87810
87810
87810
87810
87810
87810
87810
87810
87810
87810
87810
19433
35800
49144
59763
67809
73885
78468
81743
83971
85408
86316
86835
87083
87194
87243
87265
87269
87270
87270
87270
87270
87270
87270
87270
87270
87270
87270
87270
87270
87270
87270
87270
87270
87270
87270
87270
87270
87270
87270
87270
19596
36024
49522
60357
68545
74730
79287
82558
84770
86166
87026
87568
87871
88076
88180
88210
88240
88251
88255
88258
88259
88259
88259
88259
88259
88259
88259
88259
88259
88259
88259
88259
88259
88259
88259
88259
88259
88259
88259
88259
19805
36394
49956
60908
69159
75456
80158
83551
85774
87198
88040
88528
88803
88938
89030
89068
89082
89091
89095
89096
89097
89098
89099
89100
89101
89102
89103
89103
89103
89103
89103
89103
89103
89103
89103
89103
89103
89103
89103
89103
19736
36401
50044
61058
69326
75723
80441
83913
86394
87981
88978
89628
90003
90207
90299
90343
90369
90385
90394
90399
90401
90401
90401
90401
90401
90401
90401
90401
90401
90401
90401
90401
90401
90401
90401
90401
90401
90401
90401
90401
20176
37182
50991
61985
70191
76278
80697
83932
86020
87436
88223
88646
88856
88977
89028
89052
89068
89076
89082
89085
89087
89089
89090
89091
89092
89092
89092
89092
89092
89092
89092
89092
89092
89092
89092
89092
89092
89092
89092
89092
19917
36799
50536
61377
69315
75442
79856
82964
84986
86291
87092
87459
87690
87790
87848
87897
87907
87912
87912
87912
87912
87912
87912
87912
87912
87912
87912
87912
87912
87912
87912
87912
87912
87912
87912
87912
87912
87912
87912
87912
20033
37087
51052
62153
70507
76752
81324
84620
86738
88102
88843
89296
89581
89723
89791
89823
89840
89851
89854
89854
89854
89854
89854
89854
89854
89854
89854
89854
89854
89854
89854
89854
89854
89854
89854
89854
89854
89854
89854
89854
19744
36521
50221
61169
69367
75610
80238
83623
85942
87519
88467
89001
89304
89441
89505
89543
89563
89577
89586
89588
89589
89590
89590
89590
89590
89590
89590
89590
89590
89590
89590
89590
89590
89590
89590
89590
89590
89590
89590
89590
19810
36338
49984
60678
68777
74868
79377
82589
84858
86332
87279
87827
88119
88316
88415
88476
88514
88525
88529
88531
88531
88531
88531
88531
88531
88531
88531
88531
88531
88531
88531
88531
88531
88531
88531
88531
88531
88531
88531
88531
19587
36074
49507
60299
68486
74683
79178
82318
84356
85652
86455
86850
87048
87141
87207
87228
87233
87234
87235
87235
87235
87235
87235
87235
87235
87235
87235
87235
87235
87235
87235
87235
87235
87235
87235
87235
87235
87235
87235
87235
20105
37063
50990
62046
70360
76601
81168
84468
86821
88312
89146
89661
89926
90063
90129
90167
90184
90188
90189
90190
90191
90191
90191
90191
90191
90191
90191
90191
90191
90191
90191
90191
90191
90191
90191
90191
90191
90191
90191
90191
19641
36302
49883
60692
68877
75214
79996
83484
85845
87463
88481
89031
89362
89533
89618
89666
89697
89720
89735
89754
89755
89755
89755
89755
89755
89755
89755
89755
89755
89755
89755
89755
89755
89755
89755
89755
89755
89755
89755
89755
19757
36343
49858
60764
68833
75153
79766
83080
85354
86807
87730
88261
88604
88747
88810
88833
88847
88853
88856
88858
88859
88859
88859
88859
88859
88859
88859
88859
88859
88859
88859
88859
88859
88859
88859
88859
88859
88859
88859
88859
19658
36243
49726
60570
68746
74966
79475
82884
85202
86735
87765
88325
88641
88792
88872
88905
88922
88928
88932
88934
88934
88934
88934
88934
88934
88934
88934
88934
88934
88934
88934
88934
88934
88934
88934
88934
88934
88934
88934
88934
19996
36884
50521
61517
69746
76029
80697
84038
86298
87757
88569
89048
89293
89424
89477
89491
89496
89498
89499
89500
89500
89500
89500
89500
89500
89500
89500
89500
89500
89500
89500
89500
89500
89500
89500
89500
89500
89500
89500
89500
19796
36548
50265
61303
69547
75783
80442
83655
85934
87408
88269
88742
89024
89193
89279
89326
89349
89354
89355
89355
89355
89355
89355
89355
89355
89355
89355
89355
89355
89355
89355
89355
89355
89355
89355
89355
89355
89355
89355
89355
19727
36369
49914
60721
68813
74958
79604
82893
85240
86804
87824
88415
88771
88936
89024
89050
89056
89060
89062
89063
89064
89064
89064
89064
89064
89064
89064
89064
89064
89064
89064
89064
89064
89064
89064
89064
89064
89064
89064
89064
19670
36142
49734
60705
68922
75202
79834
83106
85446
87015
87994
88584
88974
89188
89328
89387
89415
89431
89442
89448
89450
89452
89453
89453
89453
89453
89453
89453
89453
89453
89453
89453
89453
89453
89453
89453
89453
89453
89453
89453
19619
36218
49829
60696
68686
74831
79435
82804
85157
86741
87623
88155
88405
88552
88666
88711
88720
88723
88726
88727
88728
88728
88728
88728
88728
88728
88728
88728
88728
88728
88728
88728
88728
88728
88728
88728
88728
88728
88728
88728
20058
37112
51074
62216
70578
76939
81711
85100
87408
88884
89728
90177
90464
90633
90751
90805
90830
90843
90851
90853
90853
90853
90853
90853
90853
90853
90853
90853
90853
90853
90853
90853
90853
90853
90853
90853
90853
90853
90853
90853
20044
36970
50857
61798
70071
76284
80829
83971
86070
87398
88138
88618
88914
89053
89128
89167
89179
89183
89185
89185
89185
89185
89185
89185
89185
89185
89185
89185
89185
89185
89185
89185
89185
89185
89185
89185
89185
89185
89185
89185
19877
36785
50652
61754
70082
76438
81143
84590
86988
88506
89367
89897
90199
90346
90395
90425
90433
90436
90437
90438
90438
90438
90438
90438
90438
90438
90438
90438
90438
90438
90438
90438
90438
90438
90438
90438
90438
90438
90438
90438
19855
36684
50496
61536
69784
75941
80538
83794
85951
87394
88212
88651
88884
89006
89050
89065
89071
89075
89077
89077
89077
89077
89077
89077
89077
89077
89077
89077
89077
89077
89077
89077
89077
89077
89077
89077
89077
89077
89077
89077
19925
36858
50637
61606
69863
76128
80750
84086
86340
87801
88681
89257
89587
89781
89887
89931
89964
89988
90007
90012
90014
90015
90015
90015
90015
90015
90015
90015
90015
90015
90015
90015
90015
90015
90015
90015
90015
90015
90015
90015
19774
36338
49951
60768
69001
75175
79737
83017
85225
86701
87609
88090
88350
88485
88562
88586
88595
88602
88604
88606
88606
88606
88606
88606
88606
88606
88606
88606
88606
88606
88606
88606
88606
88606
88606
88606
88606
88606
88606
88606
19833
36558
50280
61370
69776
76121
80821
84162
86507
88116
89130
89787
90196
90403
90525
90598
90651
90675
90680
90683
90684
90684
90684
90684
90684
90684
90684
90684
90684
90684
90684
90684
90684
90684
90684
90684
90684
90684
90684
90684
19690
36272
49848
60807
69156
75465
80249
83804
86347
88128
89163
89762
90112
90260
90326
90367
90380
90385
90387
90388
90389
90389
90389
90389
90389
90389
90389
90389
90389
90389
90389
90389
90389
90389
90389
90389
90389
90389
90389
90389
19673
36207
49762
60491
68670
74829
79279
82505
84778
86213
87108
87624
87905
88047
88116
88150
88174
88179
88183
88185
88187
88187
88187
88187
88187
88187
88187
88187
88187
88187
88187
88187
88187
88187
88187
88187
88187
88187
88187
88187
19870
36604
50230
61211
69427
75560
80106
83377
85457
86792
87525
87899
88127
88244
88318
88338
88349
88351
88351
88351
88351
88351
88351
88351
88351
88351
88351
88351
88351
88351
88351
88351
88351
88351
88351
88351
88351
88351
88351
88351
19902
36643
50485
61450
69412
75495
79852
82892
84916
86216
86995
87460
87714
87826
87905
87938
87952
87959
87963
87964
87965
87965
87965
87965
87965
87965
87965
87965
87965
87965
87965
87965
87965
87965
87965
87965
87965
87965
87965
87965
19785
36375
49920
60824
69022
75345
80016
83444
85792
87347
88348
88940
89272
89466
89569
89617
89636
89646
89653
89658
89659
89659
89659
89659
89659
89659
89659
89659
89659
89659
89659
89659
89659
89659
89659
89659
89659
89659
89659
89659
19998
36884
50525
61576
69673
75754
80210
83253
85374
86791
87687
88220
88521
88696
88764
88800
88821
88826
88828
88829
88829
88829
88829
88829
88829
88829
88829
88829
88829
88829
88829
88829
88829
88829
88829
88829
88829
88829
88829
88829
19880
36676
50237
61014
69084
75097
79526
82647
84883
86260
86976
87378
87583
87679
87745
87791
87814
87819
87821
87821
87821
87821
87821
87821
87821
87821
87821
87821
87821
87821
87821
87821
87821
87821
87821
87821
87821
87821
87821
87821
20114
37101
51143
62447
70954
77513
82338
85819
88089
89560
90386
90922
91206
91351
91432
91484
91520
91529
91534
91538
91540
91541
91541
91541
91541
91541
91541
91541
91541
91541
91541
91541
91541
91541
91541
91541
91541
91541
91541
91541
19792
36489
50175
61164
69361
75604
80133
83495
85754
87249
88171
88809
89171
89317
89381
89397
89403
89405
89405
89405
89405
89405
89405
89405
89405
89405
89405
89405
89405
89405
89405
89405
89405
89405
89405
89405
89405
89405
89405
89405
19590
36126
49680
60595
68834
75140
79869
83278
85662
87157
88102
88615
88917
89094
89200
89256
89276
89287
89292
89294
89295
89295
89295
89295
89295
89295
89295
89295
89295
89295
89295
89295
89295
89295
89295
89295
89295
89295
89295
89295
19793
36548
50208
61080
69298
75604
80368
83846
86252
87857
88803
89328
89643
89785
89861
89889
89901
89907
89912
89914
89915
89916
89916
89916
89916
89916
89916
89916
89916
89916
89916
89916
89916
89916
89916
89916
89916
89916
89916
89916
19950
36690
50383
61296
69440
75501
80034
83208
85324
86594
87310
87717
87966
88085
88157
88211
88225
88227
88229
88230
88230
88230
88230
88230
88230
88230
88230
88230
88230
88230
88230
88230
88230
88230
88230
88230
88230
88230
88230
88230
19362
35808
49248
59991
68176
74469
79236
82703
85063
86705
87756
88432
88830
89055
89162
89225
89241
89246
89249
89250
89250
89250
89250
89250
89250
89250
89250
89250
89250
89250
89250
89250
89250
89250
89250
89250
89250
89250
89250
89250
19623
36117
49616
60396
68523
74599
79233
82616
84911
86483
87470
87984
88246
88420
88517
88578
88609
88615
88617
88618
88619
88619
88619
88619
88619
88619
88619
88619
88619
88619
88619
88619
88619
88619
88619
88619
88619
88619
88619
88619
19808
36642
50404
61464
69679
76002
80613
83894
86134
87637
88492
88954
89226
89360
89445
89488
89508
89519
89524
89528
89528
89528
89528
89528
89528
89528
89528
89528
89528
89528
89528
89528
89528
89528
89528
89528
89528
89528
89528
89528
19863
36556
50343
61286
69478
75797
80496
83915
86297
87856
88781
89267
89576
89736
89782
89807
89819
89823
89824
89824
89824
89824
89824
89824
89824
89824
89824
89824
89824
89824
89824
89824
89824
89824
89824
89824
89824
89824
89824
89824
19718
36383
49906
60761
68960
75310
79924
83366
85749
87293
88317
88939
89279
89447
89524
89574
89609
89630
89631
89631
89631
89631
89631
89631
89631
89631
89631
89631
89631
89631
89631
89631
89631
89631
89631
89631
89631
89631
89631
89631
20103
37154
51082
62147
70463
76694
81165
84385
86504
87882
88784
89238
89505
89668
89749
89769
89780
89786
89790
89794
89796
89796
89796
89796
89796
89796
89796
89796
89796
89796
89796
89796
89796
89796
89796
89796
89796
89796
89796
89796
19689
36239
49817
60639
68913
75127
79703
83036
85418
87017
88065
88747
89117
89300
89431
89506
89551
89565
89576
89584
89587
89588
89588
89588
89588
89588
89588
89588
89588
89588
89588
89588
89588
89588
89588
89588
89588
89588
89588
89588
20126
37168
51193
62242
70650
76952
81561
84828
87014
88376
89270
89775
90049
90199
90258
90298
90316
90325
90328
90328
90328
90328
90328
90328
90328
90328
90328
90328
90328
90328
90328
90328
90328
90328
90328
90328
90328
90328
90328
90328
19677
36291
49743
60573
68770
75074
79740
83064
85406
86913
87818
88357
88663
88818
88888
88929
88949
88954
88957
88959
88959
88959
88959
88959
88959
88959
88959
88959
88959
88959
88959
88959
88959
88959
88959
88959
88959
88959
88959
88959
20125
37027
50925
62005
70212
76306
80818
83876
86044
87498
88429
88936
89243
89406
89484
89528
89543
89551
89555
89559
89560
89560
89560
89560
89560
89560
89560
89560
89560
89560
89560
89560
89560
89560
89560
89560
89560
89560
89560
89560
20033
37016
50826
61884
70241
76508
81212
84441
86611
88086
88911
89366
89642
89774
89860
89875
89883
89888
89891
89892
89893
89894
89895
89895
89895
89895
89895
89895
89895
89895
89895
89895
89895
89895
89895
89895
89895
89895
89895
89895
19711
36375
49852
60672
68797
74890
79531
82936
85301
86647
87467
87970
88213
88336
88391
88420
88436
88441
88444
88446
88446
88446
88446
88446
88446
88446
88446
88446
88446
88446
88446
88446
88446
88446
88446
88446
88446
88446
88446
88446
19862
36499
50169
61088
69173
75226
79813
83081
85371
86857
87774
88298
88593
88714
88769
88801
88814
88821
88827
88831
88834
88836
88837
88837
88837
88837
88837
88837
88837
88837
88837
88837
88837
88837
88837
88837
88837
88837
88837
88837
19946
36782
50640
61583
69822
76143
80789
84191
86444
87926
88874
89435
89745
89907
89997
90015
90022
90024
90024
90024
90024
90024
90024
90024
90024
90024
90024
90024
90024
90024
90024
90024
90024
90024
90024
90024
90024
90024
90024
90024
19906
36712
50466
61429
69675
75892
80571
83977
86244
87746
88650
89225
89555
89770
89872
89949
90003
90018
90026
90031
90034
90036
90037
90038
90038
90038
90038
90038
90038
90038
90038
90038
90038
90038
90038
90038
90038
90038
90038
90038
19769
36428
49998
60937
69168
75416
79952
83335
85702
87254
88257
88833
89148
89310
89381
89418
89438
89446
89449
89451
89452
89452
89452
89452
89452
89452
89452
89452
89452
89452
89452
89452
89452
89452
89452
89452
89452
89452
89452
89452
19680
36220
49535
60109
68078
74013
78400
81472
83476
84760
85389
85754
85945
86048
86114
86144
86154
86160
86165
86169
86171
86173
86173
86173
86173
86173
86173
86173
86173
86173
86173
86173
86173
86173
86173
86173
86173
86173
86173
86173
19843
36610
50270
61284
69567
75869
80613
84078
86524
88085
89074
89659
90039
90257
90357
90408
90435
90453
90456
90456
90456
90456
90456
90456
90456
90456
90456
90456
90456
90456
90456
90456
90456
90456
90456
90456
90456
90456
90456
90456
19944
36878
50697
61649
69922
76148
80778
84155
86472
88023
88909
89487
89813
89968
90033
90063
90073
90077
90078
90079
90080
90080
90080
90080
90080
90080
90080
90080
90080
90080
90080
90080
90080
90080
90080
90080
90080
90080
90080
90080
19718
36346
50009
61063
69410
75902
80783
84334
86858
88578
89678
90358
90748
90961
91068
91129
91167
91196
91204
91208
91212
91216
91219
91220
91220
91220
91220
91220
91220
91220
91220
91220
91220
91220
91220
91220
91220
91220
91220
91220
19652
36268
49768
60643
68928
75233
79905
83282
85699
87350
88413
89024
89382
89570
89653
89698
89723
89745
89753
89759
89762
89763
89763
89763
89763
89763
89763
89763
89763
89763
89763
89763
89763
89763
89763
89763
89763
89763
89763
89763
20084
36961
50800
61683
69964
76192
80720
84035
86325
87944
88914
89511
89864
90070
90193
90250
90288
90300
90306
90309
90310
90310
90310
90310
90310
90310
90310
90310
90310
90310
90310
90310
90310
90310
90310
90310
90310
90310
90310
90310
19954
36642
50202
60944
68925
74761
79081
82054
84042
85241
85974
86436
86628
86776
86829
86843
86848
86850
86851
86852
86853
86853
86853
86853
86853
86853
86853
86853
86853
86853
86853
86853
86853
86853
86853
86853
86853
86853
86853
86853
19640
36269
49724
60387
68395
74399
78801
81937
84031
85279
86048
86447
86648
86745
86803
86815
86823
86826
86829
86829
86829
86829
86829
86829
86829
86829
86829
86829
86829
86829
86829
86829
86829
86829
86829
86829
86829
86829
86829
86829
19785
36385
50046
60895
69177
75395
80111
83505
85818
87321
88280
88815
89110
89306
89395
89433
89456
89465
89470
89473
89475
89475
89475
89475
89475
89475
89475
89475
89475
89475
89475
89475
89475
89475
89475
89475
89475
89475
89475
89475
19646
36216
49812
60802
69161
75592
80472
84015
86442
88044
89154
89773
90127
90283
90367
90413
90449
90467
90471
90473
90473
90473
90473
90473
90473
90473
90473
90473
90473
90473
90473
90473
90473
90473
90473
90473
90473
90473
90473
90473
19596
36046
49458
60173
68192
74262
78842
82119
84395
85873
86805
87330
87575
87726
87799
87837
87850
87873
87875
87875
87875
87875
87875
87875
87875
87875
87875
87875
87875
87875
87875
87875
87875
87875
87875
87875
87875
87875
87875
87875
19851
36437
49972
60628
68613
74569
78969
82129
84233
85503
86245
86646
86857
86948
87000
87043
87061
87067
87069
87070
87070
87070
87070
87070
87070
87070
87070
87070
87070
87070
87070
87070
87070
87070
87070
87070
87070
87070
87070
87070
19851
36392
50010
60856
69042
75290
79904
83179
85465
86950
87914
88449
88731
88889
88959
88992
89011
89016
89019
89021
89023
89023
89023
89023
89023
89023
89023
89023
89023
89023
89023
89023
89023
89023
89023
89023
89023
89023
89023
89023
19993
36837
50651
61707
70113
76537
81194
84629
86986
88413
89341
89916
90226
90445
90529
90581
90601
90624
90629
90631
90632
90632
90632
90632
90632
90632
90632
90632
90632
90632
90632
90632
90632
90632
90632
90632
90632
90632
90632
90632
19462
35813
49333
60156
68492
74868
79678
83194
85678
87341
88412
89035
89390
89584
89703
89762
89797
89803
89805
89806
89806
89806
89806
89806
89806
89806
89806
89806
89806
89806
89806
89806
89806
89806
89806
89806
89806
89806
89806
89806
19635
36124
49603
60297
68258
74145
78519
81670
83834
85090
85779
86170
86394
86521
86593
86613
86618
86618
86618
86618
86618
86618
86618
86618
86618
86618
86618
86618
86618
86618
86618
86618
86618
86618
86618
86618
86618
86618
86618
86618
20029
36832
50529
61400
69378
75286
79539
82422
84339
85580
86323
86748
86951
87040
87072
87088
87097
87100
87102
87103
87104
87105
87105
87105
87105
87105
87105
87105
87105
87105
87105
87105
87105
87105
87105
87105
87105
87105
87105
87105
20089
36906
50661
61635
69766
76044
80662
83994
86320
87856
88767
89340
89667
89865
89963
90015
90031
90042
90046
90048
90048
90048
90048
90048
90048
90048
90048
90048
90048
90048
90048
90048
90048
90048
90048
90048
90048
90048
90048
90048
