43869276
75987764
91693304
98398348
100869104
101699344
101891738
101912494
101918390
101921418
101921418
101921418
101921418
101921418
101921418
101921418
101921418
101921418
101921418
101921418
101921418
101921418
101921418
101921418
101921418
101921418
101921418
101921418
101921418
101921418
101921418
101921418
101921418
101921418
101921418
101921418
101921418
101921418
101921418
101921418
43763260
75585240
91255024
97882588
100433468
101255004
101424824
101443616
101443616
101443616
101443616
101443616
101443616
101443616
101443616
101443616
101443616
101443616
101443616
101443616
101443616
101443616
101443616
101443616
101443616
101443616
101443616
101443616
101443616
101443616
101443616
101443616
101443616
101443616
101443616
101443616
101443616
101443616
101443616
101443616
43883968
75858660
91584372
98213448
100634188
101388980
101592140
101620698
101620698
101620698
101620698
101620698
101620698
101620698
101620698
101620698
101620698
101620698
101620698
101620698
101620698
101620698
101620698
101620698
101620698
101620698
101620698
101620698
101620698
101620698
101620698
101620698
101620698
101620698
101620698
101620698
101620698
101620698
101620698
101620698
43912936
76542246
92955886
100012120
102689338
103580226
103789730
103836462
103841818
103841818
103841818
103841818
103841818
103841818
103841818
103841818
103841818
103841818
103841818
103841818
103841818
103841818
103841818
103841818
103841818
103841818
103841818
103841818
103841818
103841818
103841818
103841818
103841818
103841818
103841818
103841818
103841818
103841818
103841818
103841818
43728566
75929902
92022946
98827536
101425778
102277290
102471906
102507128
102517470
102517470
102517470
102517470
102517470
102517470
102517470
102517470
102517470
102517470
102517470
102517470
102517470
102517470
102517470
102517470
102517470
102517470
102517470
102517470
102517470
102517470
102517470
102517470
102517470
102517470
102517470
102517470
102517470
102517470
102517470
102517470
42894542
73551854
88475846
94743342
97134996
97785058
97953976
97985156
97985166
97985166
97985166
97985166
97985166
97985166
97985166
97985166
97985166
97985166
97985166
97985166
97985166
97985166
97985166
97985166
97985166
97985166
97985166
97985166
97985166
97985166
97985166
97985166
97985166
97985166
97985166
97985166
97985166
97985166
97985166
97985166
43785812
75600762
91462438
98258996
100848168
101635988
101825508
101864080
101870110
101870110
101870110
101870110
101870110
101870110
101870110
101870110
101870110
101870110
101870110
101870110
101870110
101870110
101870110
101870110
101870110
101870110
101870110
101870110
101870110
101870110
101870110
101870110
101870110
101870110
101870110
101870110
101870110
101870110
101870110
101870110
42634856
72954442
87722634
94014088
96390852
97130782
97316380
97339378
97339378
97339378
97339378
97339378
97339378
97339378
97339378
97339378
97339378
97339378
97339378
97339378
97339378
97339378
97339378
97339378
97339378
97339378
97339378
97339378
97339378
97339378
97339378
97339378
97339378
97339378
97339378
97339378
97339378
97339378
97339378
97339378
43516848
74858238
90184038
96724290
99245310
100028038
100220604
100253770
100258634
100258634
100258634
100258634
100258634
100258634
100258634
100258634
100258634
100258634
100258634
100258634
100258634
100258634
100258634
100258634
100258634
100258634
100258634
100258634
100258634
100258634
100258634
100258634
100258634
100258634
100258634
100258634
100258634
100258634
100258634
100258634
43936160
76442124
92685650
99833356
102634836
103554396
103743090
103776192
103779486
103779486
103779486
103779486
103779486
103779486
103779486
103779486
103779486
103779486
103779486
103779486
103779486
103779486
103779486
103779486
103779486
103779486
103779486
103779486
103779486
103779486
103779486
103779486
103779486
103779486
103779486
103779486
103779486
103779486
103779486
103779486
43187590
73941742
89211084
95573030
97998012
98670324
98854046
98876504
98894794
98894794
98894794
98894794
98894794
98894794
98894794
98894794
98894794
98894794
98894794
98894794
98894794
98894794
98894794
98894794
98894794
98894794
98894794
98894794
98894794
98894794
98894794
98894794
98894794
98894794
98894794
98894794
98894794
98894794
98894794
98894794
43927522
76037422
92057474
98965784
101536278
102400880
102594150
102624526
102627840
102627840
102627840
102627840
102627840
102627840
102627840
102627840
102627840
102627840
102627840
102627840
102627840
102627840
102627840
102627840
102627840
102627840
102627840
102627840
102627840
102627840
102627840
102627840
102627840
102627840
102627840
102627840
102627840
102627840
102627840
102627840
43591650
75340598
91430774
98262234
100850324
101730808
101954996
101994778
102000840
102000840
102000840
102000840
102000840
102000840
102000840
102000840
102000840
102000840
102000840
102000840
102000840
102000840
102000840
102000840
102000840
102000840
102000840
102000840
102000840
102000840
102000840
102000840
102000840
102000840
102000840
102000840
102000840
102000840
102000840
102000840
43698986
75609762
91284794
98022846
100611894
101486108
101702354
101735736
101741740
101741740
101741740
101741740
101741740
101741740
101741740
101741740
101741740
101741740
101741740
101741740
101741740
101741740
101741740
101741740
101741740
101741740
101741740
101741740
101741740
101741740
101741740
101741740
101741740
101741740
101741740
101741740
101741740
101741740
101741740
101741740
44299972
77226412
93626950
100573942
103251652
104102956
104309120
104365208
104369400
104369400
104369400
104369400
104369400
104369400
104369400
104369400
104369400
104369400
104369400
104369400
104369400
104369400
104369400
104369400
104369400
104369400
104369400
104369400
104369400
104369400
104369400
104369400
104369400
104369400
104369400
104369400
104369400
104369400
104369400
104369400
44240238
77351124
94024206
101093420
103859796
104746542
104963924
105020782
105032360
105032360
105032360
105032360
105032360
105032360
105032360
105032360
105032360
105032360
105032360
105032360
105032360
105032360
105032360
105032360
105032360
105032360
105032360
105032360
105032360
105032360
105032360
105032360
105032360
105032360
105032360
105032360
105032360
105032360
105032360
105032360
44444268
78074420
95189062
102529616
105307696
106173280
106392582
106437860
106444930
106447870
106447870
106447870
106447870
106447870
106447870
106447870
106447870
106447870
106447870
106447870
106447870
106447870
106447870
106447870
106447870
106447870
106447870
106447870
106447870
106447870
106447870
106447870
106447870
106447870
106447870
106447870
106447870
106447870
106447870
106447870
43700094
76011246
92199396
99262402
101973394
102862078
103081824
103116018
103122994
103122994
103122994
103122994
103122994
103122994
103122994
103122994
103122994
103122994
103122994
103122994
103122994
103122994
103122994
103122994
103122994
103122994
103122994
103122994
103122994
103122994
103122994
103122994
103122994
103122994
103122994
103122994
103122994
103122994
103122994
103122994
43457764
74701908
89901398
96367228
98891364
99627128
99815364
99849548
99852054
99852054
99852054
99852054
99852054
99852054
99852054
99852054
99852054
99852054
99852054
99852054
99852054
99852054
99852054
99852054
99852054
99852054
99852054
99852054
99852054
99852054
99852054
99852054
99852054
99852054
99852054
99852054
99852054
99852054
99852054
99852054
43410116
75061658
91046228
97879762
100552218
101408532
101581274
101613644
101616884
101620604
101620604
101620604
101620604
101620604
101620604
101620604
101620604
101620604
101620604
101620604
101620604
101620604
101620604
101620604
101620604
101620604
101620604
101620604
101620604
101620604
101620604
101620604
101620604
101620604
101620604
101620604
101620604
101620604
101620604
101620604
43371328
75035812
90749432
97248984
99740156
100568674
100774624
100807146
100811680
100811680
100811680
100811680
100811680
100811680
100811680
100811680
100811680
100811680
100811680
100811680
100811680
100811680
100811680
100811680
100811680
100811680
100811680
100811680
100811680
100811680
100811680
100811680
100811680
100811680
100811680
100811680
100811680
100811680
100811680
100811680
43809596
75989836
91858106
98861314
101590358
102432516
102613960
102642986
102642986
102642986
102642986
102642986
102642986
102642986
102642986
102642986
102642986
102642986
102642986
102642986
102642986
102642986
102642986
102642986
102642986
102642986
102642986
102642986
102642986
102642986
102642986
102642986
102642986
102642986
102642986
102642986
102642986
102642986
102642986
102642986
44072084
76477312
92454798
99209668
101820676
102636734
102809512
102839852
102847446
102850336
102850336
102850336
102850336
102850336
102850336
102850336
102850336
102850336
102850336
102850336
102850336
102850336
102850336
102850336
102850336
102850336
102850336
102850336
102850336
102850336
102850336
102850336
102850336
102850336
102850336
102850336
102850336
102850336
102850336
102850336
43565626
75155590
91150996
97957578
100515388
101310028
101487862
101538418
101547926
101547926
101547926
101547926
101547926
101547926
101547926
101547926
101547926
101547926
101547926
101547926
101547926
101547926
101547926
101547926
101547926
101547926
101547926
101547926
101547926
101547926
101547926
101547926
101547926
101547926
101547926
101547926
101547926
101547926
101547926
101547926
43436040
74737332
90069018
96573738
99057130
99751062
99885920
99906836
99910688
99910688
99910688
99910688
99910688
99910688
99910688
99910688
99910688
99910688
99910688
99910688
99910688
99910688
99910688
99910688
99910688
99910688
99910688
99910688
99910688
99910688
99910688
99910688
99910688
99910688
99910688
99910688
99910688
99910688
99910688
99910688
43846290
75611560
91127512
97582560
99893320
100572662
100709398
100724834
100725416
100725416
100725416
100725416
100725416
100725416
100725416
100725416
100725416
100725416
100725416
100725416
100725416
100725416
100725416
100725416
100725416
100725416
100725416
100725416
100725416
100725416
100725416
100725416
100725416
100725416
100725416
100725416
100725416
100725416
100725416
100725416
44028512
76613432
92698730
99573758
102260094
103133014
103351376
103392306
103395940
103395940
103395940
103395940
103395940
103395940
103395940
103395940
103395940
103395940
103395940
103395940
103395940
103395940
103395940
103395940
103395940
103395940
103395940
103395940
103395940
103395940
103395940
103395940
103395940
103395940
103395940
103395940
103395940
103395940
103395940
103395940
43624782
74920726
89823456
95983416
98355670
99069640
99210352
99224760
99224760
99224760
99224760
99224760
99224760
99224760
99224760
99224760
99224760
99224760
99224760
99224760
99224760
99224760
99224760
99224760
99224760
99224760
99224760
99224760
99224760
99224760
99224760
99224760
99224760
99224760
99224760
99224760
99224760
99224760
99224760
99224760
43675046
75498490
91254642
97816428
100336492
101115012
101269044
101291388
101291388
101291388
101291388
101291388
101291388
101291388
101291388
101291388
101291388
101291388
101291388
101291388
101291388
101291388
101291388
101291388
101291388
101291388
101291388
101291388
101291388
101291388
101291388
101291388
101291388
101291388
101291388
101291388
101291388
101291388
101291388
101291388
43842516
75452924
90782236
97353794
99880848
100757634
100945908
100970780
100970780
100970780
100970780
100970780
100970780
100970780
100970780
100970780
100970780
100970780
100970780
100970780
100970780
100970780
100970780
100970780
100970780
100970780
100970780
100970780
100970780
100970780
100970780
100970780
100970780
100970780
100970780
100970780
100970780
100970780
100970780
100970780
43923732
76330716
92904106
100142440
103120050
104149802
104433690
104489024
104497752
104497752
104497752
104497752
104497752
104497752
104497752
104497752
104497752
104497752
104497752
104497752
104497752
104497752
104497752
104497752
104497752
104497752
104497752
104497752
104497752
104497752
104497752
104497752
104497752
104497752
104497752
104497752
104497752
104497752
104497752
104497752
43358048
74714876
89753080
96185018
98569072
99246628
99389212
99415380
99415400
99415400
99415400
99415400
99415400
99415400
99415400
99415400
99415400
99415400
99415400
99415400
99415400
99415400
99415400
99415400
99415400
99415400
99415400
99415400
99415400
99415400
99415400
99415400
99415400
99415400
99415400
99415400
99415400
99415400
99415400
99415400
43475788
74980636
90377938
96871626
99260404
100012344
100172578
100193328
100202992
100202992
100202992
100202992
100202992
100202992
100202992
100202992
100202992
100202992
100202992
100202992
100202992
100202992
100202992
100202992
100202992
100202992
100202992
100202992
100202992
100202992
100202992
100202992
100202992
100202992
100202992
100202992
100202992
100202992
100202992
100202992
43485406
74994086
90534826
97337468
99921630
100771852
101006322
101038286
101043808
101043808
101043808
101043808
101043808
101043808
101043808
101043808
101043808
101043808
101043808
101043808
101043808
101043808
101043808
101043808
101043808
101043808
101043808
101043808
101043808
101043808
101043808
101043808
101043808
101043808
101043808
101043808
101043808
101043808
101043808
101043808
43242602
73871196
88863178
94986368
97144798
97766740
97891170
97909074
97911802
97911802
97911802
97911802
97911802
97911802
97911802
97911802
97911802
97911802
97911802
97911802
97911802
97911802
97911802
97911802
97911802
97911802
97911802
97911802
97911802
97911802
97911802
97911802
97911802
97911802
97911802
97911802
97911802
97911802
97911802
97911802
43534612
75289474
90860850
97342178
99779666
100585622
100832508
100869982
100871980
100871980
100871980
100871980
100871980
100871980
100871980
100871980
100871980
100871980
100871980
100871980
100871980
100871980
100871980
100871980
100871980
100871980
100871980
100871980
100871980
100871980
100871980
100871980
100871980
100871980
100871980
100871980
100871980
100871980
100871980
100871980
43106734
74246436
89728766
96340990
98933928
99731420
99970720
100017276
100023622
100023622
100023622
100023622
100023622
100023622
100023622
100023622
100023622
100023622
100023622
100023622
100023622
100023622
100023622
100023622
100023622
100023622
100023622
100023622
100023622
100023622
100023622
100023622
100023622
100023622
100023622
100023622
100023622
100023622
100023622
100023622
43601832
75506594
91439236
98289330
100839220
101648222
101822012
101849400
101854200
101854200
101854200
101854200
101854200
101854200
101854200
101854200
101854200
101854200
101854200
101854200
101854200
101854200
101854200
101854200
101854200
101854200
101854200
101854200
101854200
101854200
101854200
101854200
101854200
101854200
101854200
101854200
101854200
101854200
101854200
101854200
43299652
74550346
89399238
95722686
98034082
98715504
98887888
98916950
98917512
98918316
98918316
98918316
98918316
98918316
98918316
98918316
98918316
98918316
98918316
98918316
98918316
98918316
98918316
98918316
98918316
98918316
98918316
98918316
98918316
98918316
98918316
98918316
98918316
98918316
98918316
98918316
98918316
98918316
98918316
98918316
43059276
73527724
88392550
94902630
97389120
98165728
98364860
98406502
98406502
98406502
98406502
98406502
98406502
98406502
98406502
98406502
98406502
98406502
98406502
98406502
98406502
98406502
98406502
98406502
98406502
98406502
98406502
98406502
98406502
98406502
98406502
98406502
98406502
98406502
98406502
98406502
98406502
98406502
98406502
98406502
42748692
72880486
87184320
93184646
95362904
95929028
96033116
96049766
96049776
96049776
96049776
96049776
96049776
96049776
96049776
96049776
96049776
96049776
96049776
96049776
96049776
96049776
96049776
96049776
96049776
96049776
96049776
96049776
96049776
96049776
96049776
96049776
96049776
96049776
96049776
96049776
96049776
96049776
96049776
96049776
43724858
75862414
91856792
98787822
101494674
102353662
102524874
102543566
102543566
102543566
102543566
102543566
102543566
102543566
102543566
102543566
102543566
102543566
102543566
102543566
102543566
102543566
102543566
102543566
102543566
102543566
102543566
102543566
102543566
102543566
102543566
102543566
102543566
102543566
102543566
102543566
102543566
102543566
102543566
102543566
44000498
76493568
92751612
99621462
102366968
103271132
103480588
103502342
103508682
103511132
103511132
103511132
103511132
103511132
103511132
103511132
103511132
103511132
103511132
103511132
103511132
103511132
103511132
103511132
103511132
103511132
103511132
103511132
103511132
103511132
103511132
103511132
103511132
103511132
103511132
103511132
103511132
103511132
103511132
103511132
43601832
75090838
90431470
96778604
99124146
99923252
100120882
100161288
100164976
100164976
100164976
100164976
100164976
100164976
100164976
100164976
100164976
100164976
100164976
100164976
100164976
100164976
100164976
100164976
100164976
100164976
100164976
100164976
100164976
100164976
100164976
100164976
100164976
100164976
100164976
100164976
100164976
100164976
100164976
100164976
43260510
73889588
88818454
95161756
97607288
98409648
98590002
98610996
98614360
98614360
98614360
98614360
98614360
98614360
98614360
98614360
98614360
98614360
98614360
98614360
98614360
98614360
98614360
98614360
98614360
98614360
98614360
98614360
98614360
98614360
98614360
98614360
98614360
98614360
98614360
98614360
98614360
98614360
98614360
98614360
44277922
77252176
93755190
100842374
103599596
104465984
104708666
104762854
104765122
104765122
104765122
104765122
104765122
104765122
104765122
104765122
104765122
104765122
104765122
104765122
104765122
104765122
104765122
104765122
104765122
104765122
104765122
104765122
104765122
104765122
104765122
104765122
104765122
104765122
104765122
104765122
104765122
104765122
104765122
104765122
43924430
76455992
92910806
99896368
102581434
103453008
103700434
103747754
103758490
103763454
103769246
103769246
103769246
103769246
103769246
103769246
103769246
103769246
103769246
103769246
103769246
103769246
103769246
103769246
103769246
103769246
103769246
103769246
103769246
103769246
103769246
103769246
103769246
103769246
103769246
103769246
103769246
103769246
103769246
103769246
43322774
74203818
89213176
95494946
97966632
98750542
98889566
98920924
98924258
98924258
98924258
98924258
98924258
98924258
98924258
98924258
98924258
98924258
98924258
98924258
98924258
98924258
98924258
98924258
98924258
98924258
98924258
98924258
98924258
98924258
98924258
98924258
98924258
98924258
98924258
98924258
98924258
98924258
98924258
98924258
43131978
73763782
89076396
95405290
97751634
98450354
98612624
98644970
98647722
98647722
98647722
98647722
98647722
98647722
98647722
98647722
98647722
98647722
98647722
98647722
98647722
98647722
98647722
98647722
98647722
98647722
98647722
98647722
98647722
98647722
98647722
98647722
98647722
98647722
98647722
98647722
98647722
98647722
98647722
98647722
43376146
74360774
89467020
95853074
98286074
99002502
99173538
99189076
99191596
99194442
99194442
99194442
99194442
99194442
99194442
99194442
99194442
99194442
99194442
99194442
99194442
99194442
99194442
99194442
99194442
99194442
99194442
99194442
99194442
99194442
99194442
99194442
99194442
99194442
99194442
99194442
99194442
99194442
99194442
99194442
43749402
75483444
90812482
97204714
99458996
100098786
100239140
100261134
100268106
100268106
100268106
100268106
100268106
100268106
100268106
100268106
100268106
100268106
100268106
100268106
100268106
100268106
100268106
100268106
100268106
100268106
100268106
100268106
100268106
100268106
100268106
100268106
100268106
100268106
100268106
100268106
100268106
100268106
100268106
100268106
43571030
75287630
91040226
97855272
100477538
101366606
101583780
101618042
101628918
101637224
101639926
101639926
101639926
101639926
101639926
101639926
101639926
101639926
101639926
101639926
101639926
101639926
101639926
101639926
101639926
101639926
101639926
101639926
101639926
101639926
101639926
101639926
101639926
101639926
101639926
101639926
101639926
101639926
101639926
101639926
43935114
75695424
91236510
97885968
100331398
101138770
101293146
101325960
101325980
101325980
101325980
101325980
101325980
101325980
101325980
101325980
101325980
101325980
101325980
101325980
101325980
101325980
101325980
101325980
101325980
101325980
101325980
101325980
101325980
101325980
101325980
101325980
101325980
101325980
101325980
101325980
101325980
101325980
101325980
101325980
43537214
75063950
90511228
97043830
99529256
100281504
100457394
100488712
100494364
100494364
100494364
100494364
100494364
100494364
100494364
100494364
100494364
100494364
100494364
100494364
100494364
100494364
100494364
100494364
100494364
100494364
100494364
100494364
100494364
100494364
100494364
100494364
100494364
100494364
100494364
100494364
100494364
100494364
100494364
100494364
43128316
73794648
89058760
95734938
98198138
99041812
99208842
99241144
99245296
99245296
99245296
99245296
99245296
99245296
99245296
99245296
99245296
99245296
99245296
99245296
99245296
99245296
99245296
99245296
99245296
99245296
99245296
99245296
99245296
99245296
99245296
99245296
99245296
99245296
99245296
99245296
99245296
99245296
99245296
99245296
43440472
74622008
89944906
96477002
98787894
99502178
99631640
99635158
99635158
99635158
99635158
99635158
99635158
99635158
99635158
99635158
99635158
99635158
99635158
99635158
99635158
99635158
99635158
99635158
99635158
99635158
99635158
99635158
99635158
99635158
99635158
99635158
99635158
99635158
99635158
99635158
99635158
99635158
99635158
99635158
43775598
75633834
91440640
98265468
100835378
101610346
101765162
101784864
101791976
101791976
101791976
101791976
101791976
101791976
101791976
101791976
101791976
101791976
101791976
101791976
101791976
101791976
101791976
101791976
101791976
101791976
101791976
101791976
101791976
101791976
101791976
101791976
101791976
101791976
101791976
101791976
101791976
101791976
101791976
101791976
43346076
74778536
90336212
96922676
99455492
100289124
100525690
100550646
100555026
100555026
100555026
100555026
100555026
100555026
100555026
100555026
100555026
100555026
100555026
100555026
100555026
100555026
100555026
100555026
100555026
100555026
100555026
100555026
100555026
100555026
100555026
100555026
100555026
100555026
100555026
100555026
100555026
100555026
100555026
100555026
43348738
74340000
89600370
96019764
98364162
99132812
99337734
99372968
99376620
99376620
99376620
99376620
99376620
99376620
99376620
99376620
99376620
99376620
99376620
99376620
99376620
99376620
99376620
99376620
99376620
99376620
99376620
99376620
99376620
99376620
99376620
99376620
99376620
99376620
99376620
99376620
99376620
99376620
99376620
99376620
42959942
73453752
88310562
94678098
97026656
97736702
97869174
97901590
97903646
97903646
97903646
97903646
97903646
97903646
97903646
97903646
97903646
97903646
97903646
97903646
97903646
97903646
97903646
97903646
97903646
97903646
97903646
97903646
97903646
97903646
97903646
97903646
97903646
97903646
97903646
97903646
97903646
97903646
97903646
97903646
43827208
76029038
92224256
99128548
101808040
102709178
102887570
102918822
102924850
102924850
102924850
102924850
102924850
102924850
102924850
102924850
102924850
102924850
102924850
102924850
102924850
102924850
102924850
102924850
102924850
102924850
102924850
102924850
102924850
102924850
102924850
102924850
102924850
102924850
102924850
102924850
102924850
102924850
102924850
102924850
43682838
75321904
91074016
97488874
99942168
100755790
100932722
100963188
100972792
100972792
100972792
100972792
100972792
100972792
100972792
100972792
100972792
100972792
100972792
100972792
100972792
100972792
100972792
100972792
100972792
100972792
100972792
100972792
100972792
100972792
100972792
100972792
100972792
100972792
100972792
100972792
100972792
100972792
100972792
100972792
44080224
77083718
93931068
101214534
104164268
105121260
105317888
105346358
105349278
105349278
105349278
105349278
105349278
105349278
105349278
105349278
105349278
105349278
105349278
105349278
105349278
105349278
105349278
105349278
105349278
105349278
105349278
105349278
105349278
105349278
105349278
105349278
105349278
105349278
105349278
105349278
105349278
105349278
105349278
105349278
43709536
75815162
91942382
98599612
101086276
101886118
102079844
102098664
102101814
102101814
102101814
102101814
102101814
102101814
102101814
102101814
102101814
102101814
102101814
102101814
102101814
102101814
102101814
102101814
102101814
102101814
102101814
102101814
102101814
102101814
102101814
102101814
102101814
102101814
102101814
102101814
102101814
102101814
102101814
102101814
43766862
75718544
91317756
97839834
100100472
100769018
100896154
100913954
100913954
100913954
100913954
100913954
100913954
100913954
100913954
100913954
100913954
100913954
100913954
100913954
100913954
100913954
100913954
100913954
100913954
100913954
100913954
100913954
100913954
100913954
100913954
100913954
100913954
100913954
100913954
100913954
100913954
100913954
100913954
100913954
44164538
77179698
93937040
101124356
103936908
104835250
105079430
105117848
105125382
105125382
105125382
105125382
105125382
105125382
105125382
105125382
105125382
105125382
105125382
105125382
105125382
105125382
105125382
105125382
105125382
105125382
105125382
105125382
105125382
105125382
105125382
105125382
105125382
105125382
105125382
105125382
105125382
105125382
105125382
105125382
43679184
75572534
91104500
97542922
99885338
100579822
100742920
100767370
100772666
100772666
100772666
100772666
100772666
100772666
100772666
100772666
100772666
100772666
100772666
100772666
100772666
100772666
100772666
100772666
100772666
100772666
100772666
100772666
100772666
100772666
100772666
100772666
100772666
100772666
100772666
100772666
100772666
100772666
100772666
100772666
43416750
74747170
90429340
97021858
99497988
100271646
100446270
100471118
100473696
100473696
100473696
100473696
100473696
100473696
100473696
100473696
100473696
100473696
100473696
100473696
100473696
100473696
100473696
100473696
100473696
100473696
100473696
100473696
100473696
100473696
100473696
100473696
100473696
100473696
100473696
100473696
100473696
100473696
100473696
100473696
43440286
74684506
90218636
96729132
99204672
99918706
100108472
100140310
100140310
100140310
100140310
100140310
100140310
100140310
100140310
100140310
100140310
100140310
100140310
100140310
100140310
100140310
100140310
100140310
100140310
100140310
100140310
100140310
100140310
100140310
100140310
100140310
100140310
100140310
100140310
100140310
100140310
100140310
100140310
100140310
42739756
73033506
87590948
93862882
96038914
96676922
96829928
96848848
96852088
96852088
96852088
96852088
96852088
96852088
96852088
96852088
96852088
96852088
96852088
96852088
96852088
96852088
96852088
96852088
96852088
96852088
96852088
96852088
96852088
96852088
96852088
96852088
96852088
96852088
96852088
96852088
96852088
96852088
96852088
96852088
43502054
74843624
89967032
96389746
98916804
99667978
99867718
99889620
99889620
99889620
99889620
99889620
99889620
99889620
99889620
99889620
99889620
99889620
99889620
99889620
99889620
99889620
99889620
99889620
99889620
99889620
99889620
99889620
99889620
99889620
99889620
99889620
99889620
99889620
99889620
99889620
99889620
99889620
99889620
99889620
43308234
74230552
89143178
95332334
97553432
98196624
98338112
98345362
98346280
98347148
98347148
98347148
98347148
98347148
98347148
98347148
98347148
98347148
98347148
98347148
98347148
98347148
98347148
98347148
98347148
98347148
98347148
98347148
98347148
98347148
98347148
98347148
98347148
98347148
98347148
98347148
98347148
98347148
98347148
98347148
43603730
75513854
91469362
98281644
100868826
101630018
101785894
101803346
101803346
101803346
101803346
101803346
101803346
101803346
101803346
101803346
101803346
101803346
101803346
101803346
101803346
101803346
101803346
101803346
101803346
101803346
101803346
101803346
101803346
101803346
101803346
101803346
101803346
101803346
101803346
101803346
101803346
101803346
101803346
101803346
44014786
76380250
92684854
99834112
102480934
103313826
103504886
103546032
103553784
103553784
103553784
103553784
103553784
103553784
103553784
103553784
103553784
103553784
103553784
103553784
103553784
103553784
103553784
103553784
103553784
103553784
103553784
103553784
103553784
103553784
103553784
103553784
103553784
103553784
103553784
103553784
103553784
103553784
103553784
103553784
43292392
74487024
89792988
96381760
98841844
99607018
99785602
99800976
99802002
99802002
99802002
99802002
99802002
99802002
99802002
99802002
99802002
99802002
99802002
99802002
99802002
99802002
99802002
99802002
99802002
99802002
99802002
99802002
99802002
99802002
99802002
99802002
99802002
99802002
99802002
99802002
99802002
99802002
99802002
99802002
43539858
75278748
91243750
97998200
100490670
101193098
101348304
101374614
101377794
101377794
101377794
101377794
101377794
101377794
101377794
101377794
101377794
101377794
101377794
101377794
101377794
101377794
101377794
101377794
101377794
101377794
101377794
101377794
101377794
101377794
101377794
101377794
101377794
101377794
101377794
101377794
101377794
101377794
101377794
101377794
44090394
76594168
92751330
99680064
102399786
103253230
103492266
103532372
103532900
103532900
103532900
103532900
103532900
103532900
103532900
103532900
103532900
103532900
103532900
103532900
103532900
103532900
103532900
103532900
103532900
103532900
103532900
103532900
103532900
103532900
103532900
103532900
103532900
103532900
103532900
103532900
103532900
103532900
103532900
103532900
43562348
74908874
90646936
97475922
100168658
101114594
101342344
101369640
101376036
101376036
101376036
101376036
101376036
101376036
101376036
101376036
101376036
101376036
101376036
101376036
101376036
101376036
101376036
101376036
101376036
101376036
101376036
101376036
101376036
101376036
101376036
101376036
101376036
101376036
101376036
101376036
101376036
101376036
101376036
101376036
43455286
74766044
90117956
96619102
99125238
99957932
100140008
100190622
100193340
100193340
100193340
100193340
100193340
100193340
100193340
100193340
100193340
100193340
100193340
100193340
100193340
100193340
100193340
100193340
100193340
100193340
100193340
100193340
100193340
100193340
100193340
100193340
100193340
100193340
100193340
100193340
100193340
100193340
100193340
100193340
43812710
76365348
92635408
99497710
102136826
102961930
103137864
103178420
103181872
103181872
103181872
103181872
103181872
103181872
103181872
103181872
103181872
103181872
103181872
103181872
103181872
103181872
103181872
103181872
103181872
103181872
103181872
103181872
103181872
103181872
103181872
103181872
103181872
103181872
103181872
103181872
103181872
103181872
103181872
103181872
43520076
74790378
90203118
96560470
98983618
99766938
99940978
99963746
99963746
99963746
99963746
99963746
99963746
99963746
99963746
99963746
99963746
99963746
99963746
99963746
99963746
99963746
99963746
99963746
99963746
99963746
99963746
99963746
99963746
99963746
99963746
99963746
99963746
99963746
99963746
99963746
99963746
99963746
99963746
99963746
43303790
74680454
90183838
96679256
99133946
99925750
100116978
100149564
100157162
100157172
100157172
100157172
100157172
100157172
100157172
100157172
100157172
100157172
100157172
100157172
100157172
100157172
100157172
100157172
100157172
100157172
100157172
100157172
100157172
100157172
100157172
100157172
100157172
100157172
100157172
100157172
100157172
100157172
100157172
100157172
43638496
75258318
90780722
97580044
100183734
100999568
101212876
101237300
101237300
101237300
101237300
101237300
101237300
101237300
101237300
101237300
101237300
101237300
101237300
101237300
101237300
101237300
101237300
101237300
101237300
101237300
101237300
101237300
101237300
101237300
101237300
101237300
101237300
101237300
101237300
101237300
101237300
101237300
101237300
101237300
43737644
75868712
91948770
98897342
101490244
102330314
102531008
102564410
102568370
102569238
102569238
102569238
102569238
102569238
102569238
102569238
102569238
102569238
102569238
102569238
102569238
102569238
102569238
102569238
102569238
102569238
102569238
102569238
102569238
102569238
102569238
102569238
102569238
102569238
102569238
102569238
102569238
102569238
102569238
102569238
43500696
75223302
90697948
97294688
99719140
100523792
100736544
100771764
100775162
100775162
100775162
100775162
100775162
100775162
100775162
100775162
100775162
100775162
100775162
100775162
100775162
100775162
100775162
100775162
100775162
100775162
100775162
100775162
100775162
100775162
100775162
100775162
100775162
100775162
100775162
100775162
100775162
100775162
100775162
100775162
43534210
74736680
90124760
96682670
99074962
99783974
99952400
99980056
99982936
99982936
99982936
99982936
99982936
99982936
99982936
99982936
99982936
99982936
99982936
99982936
99982936
99982936
99982936
99982936
99982936
99982936
99982936
99982936
99982936
99982936
99982936
99982936
99982936
99982936
99982936
99982936
99982936
99982936
99982936
99982936
43673352
75677110
91398580
98258058
100894658
101726486
101907700
101946530
101949996
101949996
101949996
101949996
101949996
101949996
101949996
101949996
101949996
101949996
101949996
101949996
101949996
101949996
101949996
101949996
101949996
101949996
101949996
101949996
101949996
101949996
101949996
101949996
101949996
101949996
101949996
101949996
101949996
101949996
101949996
101949996
43472840
75359930
91125744
98035870
100727142
101535764
101690876
101717540
101723812
101723812
101723812
101723812
101723812
101723812
101723812
101723812
101723812
101723812
101723812
101723812
101723812
101723812
101723812
101723812
101723812
101723812
101723812
101723812
101723812
101723812
101723812
101723812
101723812
101723812
101723812
101723812
101723812
101723812
101723812
101723812
43751474
75742166
91478774
98252820
100849904
101621764
101806278
101838208
101849630
101849630
101849630
101849630
101849630
101849630
101849630
101849630
101849630
101849630
101849630
101849630
101849630
101849630
101849630
101849630
101849630
101849630
101849630
101849630
101849630
101849630
101849630
101849630
101849630
101849630
101849630
101849630
101849630
101849630
101849630
101849630
43669234
75656424
91718136
98697890
101541344
102496474
102711648
102763894
102768808
102771982
102771982
102771982
102771982
102771982
102771982
102771982
102771982
102771982
102771982
102771982
102771982
102771982
102771982
102771982
102771982
102771982
102771982
102771982
102771982
102771982
102771982
102771982
102771982
102771982
102771982
102771982
102771982
102771982
102771982
102771982
43764492
75652172
91278102
97816442
100301486
101080758
101265934
101279434
101279444
101279444
101279444
101279444
101279444
101279444
101279444
101279444
101279444
101279444
101279444
101279444
101279444
101279444
101279444
101279444
101279444
101279444
101279444
101279444
101279444
101279444
101279444
101279444
101279444
101279444
101279444
101279444
101279444
101279444
101279444
101279444
43538776
75557146
91340150
98076622
100754370
101576796
101759950
101782828
101783356
101783366
101783366
101783366
101783366
101783366
101783366
101783366
101783366
101783366
101783366
101783366
101783366
101783366
101783366
101783366
101783366
101783366
101783366
101783366
101783366
101783366
101783366
101783366
101783366
101783366
101783366
101783366
101783366
101783366
101783366
101783366
42795794
73116474
87603916
93412180
95596418
96264308
96399896
96427236
96428148
96428148
96428148
96428148
96428148
96428148
96428148
96428148
96428148
96428148
96428148
96428148
96428148
96428148
96428148
96428148
96428148
96428148
96428148
96428148
96428148
96428148
96428148
96428148
96428148
96428148
96428148
96428148
96428148
96428148
96428148
96428148
43436306
74553822
90156276
96734286
99373792
100215000
100403088
100445858
100448718
100448718
100448718
100448718
100448718
100448718
100448718
100448718
100448718
100448718
100448718
100448718
100448718
100448718
100448718
100448718
100448718
100448718
100448718
100448718
100448718
100448718
100448718
100448718
100448718
100448718
100448718
100448718
100448718
100448718
100448718
100448718
42919016
73309690
87975338
94053702
96306478
96973422
97120418
97137538
97139934
97139934
97139934
97139934
97139934
97139934
97139934
97139934
97139934
97139934
97139934
97139934
97139934
97139934
97139934
97139934
97139934
97139934
97139934
97139934
97139934
97139934
97139934
97139934
97139934
97139934
97139934
97139934
97139934
97139934
97139934
97139934
44285556
77245608
93668518
100705570
103546426
104494804
104780444
104870510
104891018
104899158
104901766
104901766
104901766
104901766
104901766
104901766
104901766
104901766
104901766
104901766
104901766
104901766
104901766
104901766
104901766
104901766
104901766
104901766
104901766
104901766
104901766
104901766
104901766
104901766
104901766
104901766
104901766
104901766
104901766
104901766
43497022
74991066
90660246
97311096
99885390
100707182
100892916
100910778
100911498
100911498
100911498
100911498
100911498
100911498
100911498
100911498
100911498
100911498
100911498
100911498
100911498
100911498
100911498
100911498
100911498
100911498
100911498
100911498
100911498
100911498
100911498
100911498
100911498
100911498
100911498
100911498
100911498
100911498
100911498
100911498
43815794
75620190
91359448
98071710
100615016
101437246
101619130
101641902
101641922
101641922
101641922
101641922
101641922
101641922
101641922
101641922
101641922
101641922
101641922
101641922
101641922
101641922
101641922
101641922
101641922
101641922
101641922
101641922
101641922
101641922
101641922
101641922
101641922
101641922
101641922
101641922
101641922
101641922
101641922
101641922
43536872
75013824
90750660
97360090
99979228
100778830
101000442
101037124
101044370
101044370
101044370
101044370
101044370
101044370
101044370
101044370
101044370
101044370
101044370
101044370
101044370
101044370
101044370
101044370
101044370
101044370
101044370
101044370
101044370
101044370
101044370
101044370
101044370
101044370
101044370
101044370
101044370
101044370
101044370
101044370
43261856
74052558
88974394
95373272
97765092
98498302
98684820
98732352
98735586
98735586
98735586
98735586
98735586
98735586
98735586
98735586
98735586
98735586
98735586
98735586
98735586
98735586
98735586
98735586
98735586
98735586
98735586
98735586
98735586
98735586
98735586
98735586
98735586
98735586
98735586
98735586
98735586
98735586
98735586
98735586
44033014
76254832
92572570
99783500
102575406
103464404
103710186
103738996
103744518
103744518
103744518
103744518
103744518
103744518
103744518
103744518
103744518
103744518
103744518
103744518
103744518
103744518
103744518
103744518
103744518
103744518
103744518
103744518
103744518
103744518
103744518
103744518
103744518
103744518
103744518
103744518
103744518
103744518
103744518
103744518
43541322
74981304
90386526
96979068
99393798
100181470
100344086
100366440
100366462
100366462
100366462
100366462
100366462
100366462
100366462
100366462
100366462
100366462
100366462
100366462
100366462
100366462
100366462
100366462
100366462
100366462
100366462
100366462
100366462
100366462
100366462
100366462
100366462
100366462
100366462
100366462
100366462
100366462
100366462
100366462
43977860
76310518
92216854
98938132
101481956
102273072
102443706
102460912
102461390
102461390
102461390
102461390
102461390
102461390
102461390
102461390
102461390
102461390
102461390
102461390
102461390
102461390
102461390
102461390
102461390
102461390
102461390
102461390
102461390
102461390
102461390
102461390
102461390
102461390
102461390
102461390
102461390
102461390
102461390
102461390
43581958
74845538
90346292
96919056
99465566
100344106
100549938
100585398
100590682
100594164
100594164
100594164
100594164
100594164
100594164
100594164
100594164
100594164
100594164
100594164
100594164
100594164
100594164
100594164
100594164
100594164
100594164
100594164
100594164
100594164
100594164
100594164
100594164
100594164
100594164
100594164
100594164
100594164
100594164
100594164
43754804
75493282
91023646
97476370
99825494
100598610
100766564
100787874
100787884
100787884
100787884
100787884
100787884
100787884
100787884
100787884
100787884
100787884
100787884
100787884
100787884
100787884
100787884
100787884
100787884
100787884
100787884
100787884
100787884
100787884
100787884
100787884
100787884
100787884
100787884
100787884
100787884
100787884
100787884
100787884
43552528
75566988
91377334
98213250
100761344
101610908
101787338
101806660
101806660
101806660
101806660
101806660
101806660
101806660
101806660
101806660
101806660
101806660
101806660
101806660
101806660
101806660
101806660
101806660
101806660
101806660
101806660
101806660
101806660
101806660
101806660
101806660
101806660
101806660
101806660
101806660
101806660
101806660
101806660
101806660
43708982
75750126
91719688
98635830
101266968
102111046
102287968
102301550
102301560
102301560
102301560
102301560
102301560
102301560
102301560
102301560
102301560
102301560
102301560
102301560
102301560
102301560
102301560
102301560
102301560
102301560
102301560
102301560
102301560
102301560
102301560
102301560
102301560
102301560
102301560
102301560
102301560
102301560
102301560
102301560
43708910
75654224
91094858
97588034
100136318
100865790
101045558
101076750
101078388
101079178
101079178
101079178
101079178
101079178
101079178
101079178
101079178
101079178
101079178
101079178
101079178
101079178
101079178
101079178
101079178
101079178
101079178
101079178
101079178
101079178
101079178
101079178
101079178
101079178
101079178
101079178
101079178
101079178
101079178
101079178
42971510
73515784
88329704
94577632
96980486
97762086
97942802
97973450
97976338
97976338
97976338
97976338
97976338
97976338
97976338
97976338
97976338
97976338
97976338
97976338
97976338
97976338
97976338
97976338
97976338
97976338
97976338
97976338
97976338
97976338
97976338
97976338
97976338
97976338
97976338
97976338
97976338
97976338
97976338
97976338
43153844
74284436
89386898
95628338
98018438
98701198
98862268
98881156
98883936
98883936
98883936
98883936
98883936
98883936
98883936
98883936
98883936
98883936
98883936
98883936
98883936
98883936
98883936
98883936
98883936
98883936
98883936
98883936
98883936
98883936
98883936
98883936
98883936
98883936
98883936
98883936
98883936
98883936
98883936
98883936
43847704
75902474
91740186
98484366
101185758
102098204
102309606
102338532
102355224
102357794
102357794
102357794
102357794
102357794
102357794
102357794
102357794
102357794
102357794
102357794
102357794
102357794
102357794
102357794
102357794
102357794
102357794
102357794
102357794
102357794
102357794
102357794
102357794
102357794
102357794
102357794
102357794
102357794
102357794
102357794
43633504
74909164
89980772
96340306
98796578
99541512
99716152
99753384
99754030
99754030
99754030
99754030
99754030
99754030
99754030
99754030
99754030
99754030
99754030
99754030
99754030
99754030
99754030
99754030
99754030
99754030
99754030
99754030
99754030
99754030
99754030
99754030
99754030
99754030
99754030
99754030
99754030
99754030
99754030
99754030
43471534
75046794
90474218
96949760
99403484
100170236
100351508
100378926
100384762
100384762
100384762
100384762
100384762
100384762
100384762
100384762
100384762
100384762
100384762
100384762
100384762
100384762
100384762
100384762
100384762
100384762
100384762
100384762
100384762
100384762
100384762
100384762
100384762
100384762
100384762
100384762
100384762
100384762
100384762
100384762
43088196
73934506
88767564
94847614
97182418
97907728
98077830
98098920
98098930
98098930
98098930
98098930
98098930
98098930
98098930
98098930
98098930
98098930
98098930
98098930
98098930
98098930
98098930
98098930
98098930
98098930
98098930
98098930
98098930
98098930
98098930
98098930
98098930
98098930
98098930
98098930
98098930
98098930
98098930
98098930
43526832
74957418
90696458
97300792
99758338
100609196
100802890
100832568
100832568
100832568
100832568
100832568
100832568
100832568
100832568
100832568
100832568
100832568
100832568
100832568
100832568
100832568
100832568
100832568
100832568
100832568
100832568
100832568
100832568
100832568
100832568
100832568
100832568
100832568
100832568
100832568
100832568
100832568
100832568
100832568
43173324
73773342
88639224
94966636
97341294
98094530
98280736
98315132
98322642
98329314
98329314
98329314
98329314
98329314
98329314
98329314
98329314
98329314
98329314
98329314
98329314
98329314
98329314
98329314
98329314
98329314
98329314
98329314
98329314
98329314
98329314
98329314
98329314
98329314
98329314
98329314
98329314
98329314
98329314
98329314
43722536
75692430
91580896
98567374
101253148
102177322
102362512
102408914
102413228
102413228
102413228
102413228
102413228
102413228
102413228
102413228
102413228
102413228
102413228
102413228
102413228
102413228
102413228
102413228
102413228
102413228
102413228
102413228
102413228
102413228
102413228
102413228
102413228
102413228
102413228
102413228
102413228
102413228
102413228
102413228
43640460
75289390
90892178
97628432
100095314
100827426
101005402
101031258
101034260
101034260
101034260
101034260
101034260
101034260
101034260
101034260
101034260
101034260
101034260
101034260
101034260
101034260
101034260
101034260
101034260
101034260
101034260
101034260
101034260
101034260
101034260
101034260
101034260
101034260
101034260
101034260
101034260
101034260
101034260
101034260
43524988
74648644
89979370
96259218
98641808
99335326
99501046
99524538
99526896
99526896
99526896
99526896
99526896
99526896
99526896
99526896
99526896
99526896
99526896
99526896
99526896
99526896
99526896
99526896
99526896
99526896
99526896
99526896
99526896
99526896
99526896
99526896
99526896
99526896
99526896
99526896
99526896
99526896
99526896
99526896
43922980
76016004
91830630
98618836
101154030
101970622
102161138
102194172
102195894
102195894
102195894
102195894
102195894
102195894
102195894
102195894
102195894
102195894
102195894
102195894
102195894
102195894
102195894
102195894
102195894
102195894
102195894
102195894
102195894
102195894
102195894
102195894
102195894
102195894
102195894
102195894
102195894
102195894
102195894
102195894
43129578
73774850
88859376
95210920
97572366
98325076
98484684
98496952
98496952
98496952
98496952
98496952
98496952
98496952
98496952
98496952
98496952
98496952
98496952
98496952
98496952
98496952
98496952
98496952
98496952
98496952
98496952
98496952
98496952
98496952
98496952
98496952
98496952
98496952
98496952
98496952
98496952
98496952
98496952
98496952
43776338
75751604
91503402
98222752
100771392
101588250
101765014
101788540
101794766
101794766
101794766
101794766
101794766
101794766
101794766
101794766
101794766
101794766
101794766
101794766
101794766
101794766
101794766
101794766
101794766
101794766
101794766
101794766
101794766
101794766
101794766
101794766
101794766
101794766
101794766
101794766
101794766
101794766
101794766
101794766
43657186
75221972
90503268
96996660
99536358
100287954
100468314
100493502
100496668
100496668
100496668
100496668
100496668
100496668
100496668
100496668
100496668
100496668
100496668
100496668
100496668
100496668
100496668
100496668
100496668
100496668
100496668
100496668
100496668
100496668
100496668
100496668
100496668
100496668
100496668
100496668
100496668
100496668
100496668
100496668
43957408
75896658
91812918
98515210
101012908
101743296
101926896
101963296
101969476
101973962
101976412
101979530
101979530
101979530
101979530
101979530
101979530
101979530
101979530
101979530
101979530
101979530
101979530
101979530
101979530
101979530
101979530
101979530
101979530
101979530
101979530
101979530
101979530
101979530
101979530
101979530
101979530
101979530
101979530
101979530
43971510
75950986
91806214
98597600
101212058
102079682
102267544
102310242
102313752
102313762
102313762
102313762
102313762
102313762
102313762
102313762
102313762
102313762
102313762
102313762
102313762
102313762
102313762
102313762
102313762
102313762
102313762
102313762
102313762
102313762
102313762
102313762
102313762
102313762
102313762
102313762
102313762
102313762
102313762
102313762
43595220
75496638
91378378
98336496
101086898
101955282
102185338
102228110
102234266
102234266
102234266
102234266
102234266
102234266
102234266
102234266
102234266
102234266
102234266
102234266
102234266
102234266
102234266
102234266
102234266
102234266
102234266
102234266
102234266
102234266
102234266
102234266
102234266
102234266
102234266
102234266
102234266
102234266
102234266
102234266
44705034
78463958
95394906
102670088
105547386
106480356
106732574
106762488
106769470
106770358
106770358
106770358
106770358
106770358
106770358
106770358
106770358
106770358
106770358
106770358
106770358
106770358
106770358
106770358
106770358
106770358
106770358
106770358
106770358
106770358
106770358
106770358
106770358
106770358
106770358
106770358
106770358
106770358
106770358
106770358
43202014
74211110
89261512
95729836
98293510
99214874
99429996
99487076
99487076
99487076
99487076
99487076
99487076
99487076
99487076
99487076
99487076
99487076
99487076
99487076
99487076
99487076
99487076
99487076
99487076
99487076
99487076
99487076
99487076
99487076
99487076
99487076
99487076
99487076
99487076
99487076
99487076
99487076
99487076
99487076
44324298
77484208
94231632
101552842
104418592
105304872
105512194
105539454
105539454
105539454
105539454
105539454
105539454
105539454
105539454
105539454
105539454
105539454
105539454
105539454
105539454
105539454
105539454
105539454
105539454
105539454
105539454
105539454
105539454
105539454
105539454
105539454
105539454
105539454
105539454
105539454
105539454
105539454
105539454
105539454
44136102
76370584
92210620
98967662
101578658
102433706
102637512
102674912
102679024
102679024
102679024
102679024
102679024
102679024
102679024
102679024
102679024
102679024
102679024
102679024
102679024
102679024
102679024
102679024
102679024
102679024
102679024
102679024
102679024
102679024
102679024
102679024
102679024
102679024
102679024
102679024
102679024
102679024
102679024
102679024
43617038
75360216
90956796
97588350
100199218
101022812
101237098
101272776
101275936
101275936
101275936
101275936
101275936
101275936
101275936
101275936
101275936
101275936
101275936
101275936
101275936
101275936
101275936
101275936
101275936
101275936
101275936
101275936
101275936
101275936
101275936
101275936
101275936
101275936
101275936
101275936
101275936
101275936
101275936
101275936
44025780
76720394
93095276
100135192
102926292
103863552
104089914
104115338
104115338
104115338
104115338
104115338
104115338
104115338
104115338
104115338
104115338
104115338
104115338
104115338
104115338
104115338
104115338
104115338
104115338
104115338
104115338
104115338
104115338
104115338
104115338
104115338
104115338
104115338
104115338
104115338
104115338
104115338
104115338
104115338
43353308
74305110
89588966
96030814
98640456
99431722
99622078
99659742
99662680
99662680
99662680
99662680
99662680
99662680
99662680
99662680
99662680
99662680
99662680
99662680
99662680
99662680
99662680
99662680
99662680
99662680
99662680
99662680
99662680
99662680
99662680
99662680
99662680
99662680
99662680
99662680
99662680
99662680
99662680
99662680
43211110
74382758
89840826
96263954
98658442
99400942
99566662
99595508
99601892
99604828
99604828
99604828
99604828
99604828
99604828
99604828
99604828
99604828
99604828
99604828
99604828
99604828
99604828
99604828
99604828
99604828
99604828
99604828
99604828
99604828
99604828
99604828
99604828
99604828
99604828
99604828
99604828
99604828
99604828
99604828
43084904
73939044
89087090
95439984
97771794
98570918
98739866
98769120
98782696
98785734
98788076
98788076
98788076
98788076
98788076
98788076
98788076
98788076
98788076
98788076
98788076
98788076
98788076
98788076
98788076
98788076
98788076
98788076
98788076
98788076
98788076
98788076
98788076
98788076
98788076
98788076
98788076
98788076
98788076
98788076
43273136
74577770
89889038
96311002
98667920
99384330
99528436
99535430
99535430
99535430
99535430
99535430
99535430
99535430
99535430
99535430
99535430
99535430
99535430
99535430
99535430
99535430
99535430
99535430
99535430
99535430
99535430
99535430
99535430
99535430
99535430
99535430
99535430
99535430
99535430
99535430
99535430
99535430
99535430
99535430
43867680
75953646
91880732
98698104
101267954
102066276
102239480
102268698
102268698
102268698
102268698
102268698
102268698
102268698
102268698
102268698
102268698
102268698
102268698
102268698
102268698
102268698
102268698
102268698
102268698
102268698
102268698
102268698
102268698
102268698
102268698
102268698
102268698
102268698
102268698
102268698
102268698
102268698
102268698
102268698
44219094
77007582
93053618
99754500
102246276
103099096
103280580
103309332
103318176
103321128
103321128
103321128
103321128
103321128
103321128
103321128
103321128
103321128
103321128
103321128
103321128
103321128
103321128
103321128
103321128
103321128
103321128
103321128
103321128
103321128
103321128
103321128
103321128
103321128
103321128
103321128
103321128
103321128
103321128
103321128
43452812
74894142
90331950
96982724
99518566
100311402
100477198
100501708
100501708
100501708
100501708
100501708
100501708
100501708
100501708
100501708
100501708
100501708
100501708
100501708
100501708
100501708
100501708
100501708
100501708
100501708
100501708
100501708
100501708
100501708
100501708
100501708
100501708
100501708
100501708
100501708
100501708
100501708
100501708
100501708
43820438
75587368
91538678
98359322
101080146
102021102
102245148
102291400
102292890
102292890
102292890
102292890
102292890
102292890
102292890
102292890
102292890
102292890
102292890
102292890
102292890
102292890
102292890
102292890
102292890
102292890
102292890
102292890
102292890
102292890
102292890
102292890
102292890
102292890
102292890
102292890
102292890
102292890
102292890
102292890
43498566
75166596
90646536
97257674
99780122
100614582
100813070
100862802
100865258
100865258
100865258
100865258
100865258
100865258
100865258
100865258
100865258
100865258
100865258
100865258
100865258
100865258
100865258
100865258
100865258
100865258
100865258
100865258
100865258
100865258
100865258
100865258
100865258
100865258
100865258
100865258
100865258
100865258
100865258
100865258
44073862
76210138
91979498
98688952
101259530
102092664
102289256
102309332
102315088
102315088
102315088
102315088
102315088
102315088
102315088
102315088
102315088
102315088
102315088
102315088
102315088
102315088
102315088
102315088
102315088
102315088
102315088
102315088
102315088
102315088
102315088
102315088
102315088
102315088
102315088
102315088
102315088
102315088
102315088
102315088
43568776
75224034
91089670
97781540
100220906
101049882
101208716
101239230
101247118
101247118
101247118
101247118
101247118
101247118
101247118
101247118
101247118
101247118
101247118
101247118
101247118
101247118
101247118
101247118
101247118
101247118
101247118
101247118
101247118
101247118
101247118
101247118
101247118
101247118
101247118
101247118
101247118
101247118
101247118
101247118
43628162
75459610
91003008
97533420
100083980
100918220
101127074
101154978
101157848
101157848
101157848
101157848
101157848
101157848
101157848
101157848
101157848
101157848
101157848
101157848
101157848
101157848
101157848
101157848
101157848
101157848
101157848
101157848
101157848
101157848
101157848
101157848
101157848
101157848
101157848
101157848
101157848
101157848
101157848
101157848
44014286
76398004
92443436
99142754
101554570
102368792
102532222
102546376
102549368
102549368
102549368
102549368
102549368
102549368
102549368
102549368
102549368
102549368
102549368
102549368
102549368
102549368
102549368
102549368
102549368
102549368
102549368
102549368
102549368
102549368
102549368
102549368
102549368
102549368
102549368
102549368
102549368
102549368
102549368
102549368
43775400
75401496
90863526
97337190
99718462
100452304
100620474
100639350
100642678
100645818
100645818
100645818
100645818
100645818
100645818
100645818
100645818
100645818
100645818
100645818
100645818
100645818
100645818
100645818
100645818
100645818
100645818
100645818
100645818
100645818
100645818
100645818
100645818
100645818
100645818
100645818
100645818
100645818
100645818
100645818
44219958
76844142
93080164
100117630
102902388
103750698
103951098
103973448
103981810
103981810
103981810
103981810
103981810
103981810
103981810
103981810
103981810
103981810
103981810
103981810
103981810
103981810
103981810
103981810
103981810
103981810
103981810
103981810
103981810
103981810
103981810
103981810
103981810
103981810
103981810
103981810
103981810
103981810
103981810
103981810
42987112
73726130
88835178
95332490
97744428
98480706
98680350
98715856
98715856
98715856
98715856
98715856
98715856
98715856
98715856
98715856
98715856
98715856
98715856
98715856
98715856
98715856
98715856
98715856
98715856
98715856
98715856
98715856
98715856
98715856
98715856
98715856
98715856
98715856
98715856
98715856
98715856
98715856
98715856
98715856
43407102
74583602
89991880
96539942
99041262
99859574
100006894
100019112
100019112
100019112
100019112
100019112
100019112
100019112
100019112
100019112
100019112
100019112
100019112
100019112
100019112
100019112
100019112
100019112
100019112
100019112
100019112
100019112
100019112
100019112
100019112
100019112
100019112
100019112
100019112
100019112
100019112
100019112
100019112
100019112
43534828
75594510
91944434
99063466
101851438
102703026
102897152
102923390
102929760
102929760
102929760
102929760
102929760
102929760
102929760
102929760
102929760
102929760
102929760
102929760
102929760
102929760
102929760
102929760
102929760
102929760
102929760
102929760
102929760
102929760
102929760
102929760
102929760
102929760
102929760
102929760
102929760
102929760
102929760
102929760
43454504
74622288
89768562
96092372
98490858
99225316
99418762
99444686
99445298
99445930
99445930
99445930
99445930
99445930
99445930
99445930
99445930
99445930
99445930
99445930
99445930
99445930
99445930
99445930
99445930
99445930
99445930
99445930
99445930
99445930
99445930
99445930
99445930
99445930
99445930
99445930
99445930
99445930
99445930
99445930
43524652
74735168
90405736
97080360
99696646
100533580
100730466
100759200
100766176
100766176
100766176
100766176
100766176
100766176
100766176
100766176
100766176
100766176
100766176
100766176
100766176
100766176
100766176
100766176
100766176
100766176
100766176
100766176
100766176
100766176
100766176
100766176
100766176
100766176
100766176
100766176
100766176
100766176
100766176
100766176
43718942
75197082
90584598
97127808
99524268
100245818
100440730
100477466
100478236
100478236
100478236
100478236
100478236
100478236
100478236
100478236
100478236
100478236
100478236
100478236
100478236
100478236
100478236
100478236
100478236
100478236
100478236
100478236
100478236
100478236
100478236
100478236
100478236
100478236
100478236
100478236
100478236
100478236
100478236
100478236
43681482
75518590
91238894
97900992
100441424
101270630
101454276
101473340
101476328
101476328
101476328
101476328
101476328
101476328
101476328
101476328
101476328
101476328
101476328
101476328
101476328
101476328
101476328
101476328
101476328
101476328
101476328
101476328
101476328
101476328
101476328
101476328
101476328
101476328
101476328
101476328
101476328
101476328
101476328
101476328
43996880
76173528
92191466
98954358
101518646
102365704
102578796
102620476
102620476
102620476
102620476
102620476
102620476
102620476
102620476
102620476
102620476
102620476
102620476
102620476
102620476
102620476
102620476
102620476
102620476
102620476
102620476
102620476
102620476
102620476
102620476
102620476
102620476
102620476
102620476
102620476
102620476
102620476
102620476
102620476
43552810
74924132
90493382
97140708
99608324
100301472
100454530
100468988
100469916
100469916
100469916
100469916
100469916
100469916
100469916
100469916
100469916
100469916
100469916
100469916
100469916
100469916
100469916
100469916
100469916
100469916
100469916
100469916
100469916
100469916
100469916
100469916
100469916
100469916
100469916
100469916
100469916
100469916
100469916
100469916
43812380
76136926
92301786
99286282
102042946
102925800
103105938
103135658
103140062
103140062
103140062
103140062
103140062
103140062
103140062
103140062
103140062
103140062
103140062
103140062
103140062
103140062
103140062
103140062
103140062
103140062
103140062
103140062
103140062
103140062
103140062
103140062
103140062
103140062
103140062
103140062
103140062
103140062
103140062
103140062
43452498
74621810
89676864
95993526
98268314
98976850
99126688
99153946
99155440
99155440
99155440
99155440
99155440
99155440
99155440
99155440
99155440
99155440
99155440
99155440
99155440
99155440
99155440
99155440
99155440
99155440
99155440
99155440
99155440
99155440
99155440
99155440
99155440
99155440
99155440
99155440
99155440
99155440
99155440
99155440
43755922
76005858
92044908
98924346
101567540
102385876
102575458
102606318
102607270
102607270
102607270
102607270
102607270
102607270
102607270
102607270
102607270
102607270
102607270
102607270
102607270
102607270
102607270
102607270
102607270
102607270
102607270
102607270
102607270
102607270
102607270
102607270
102607270
102607270
102607270
102607270
102607270
102607270
102607270
102607270
43268112
73905740
88635974
94713030
96933750
97574006
97692310
97703228
97703830
97703830
97703830
97703830
97703830
97703830
97703830
97703830
97703830
97703830
97703830
97703830
97703830
97703830
97703830
97703830
97703830
97703830
97703830
97703830
97703830
97703830
97703830
97703830
97703830
97703830
97703830
97703830
97703830
97703830
97703830
97703830
43536460
74651264
89790546
96236438
98610076
99423958
99612914
99647784
99652172
99654750
99654750
99654750
99654750
99654750
99654750
99654750
99654750
99654750
99654750
99654750
99654750
99654750
99654750
99654750
99654750
99654750
99654750
99654750
99654750
99654750
99654750
99654750
99654750
99654750
99654750
99654750
99654750
99654750
99654750
99654750
43145198
74048076
89364404
95753018
98267672
99056322
99222332
99251126
99251146
99251156
99251156
99251156
99251156
99251156
99251156
99251156
99251156
99251156
99251156
99251156
99251156
99251156
99251156
99251156
99251156
99251156
99251156
99251156
99251156
99251156
99251156
99251156
99251156
99251156
99251156
99251156
99251156
99251156
99251156
99251156
43947042
76159856
92323640
99311820
101949420
102772570
103013346
103055848
103066088
103066088
103066088
103066088
103066088
103066088
103066088
103066088
103066088
103066088
103066088
103066088
103066088
103066088
103066088
103066088
103066088
103066088
103066088
103066088
103066088
103066088
103066088
103066088
103066088
103066088
103066088
103066088
103066088
103066088
103066088
103066088
44082690
76926082
93394500
100328786
103052674
103885418
104080914
104115248
104118216
104121228
104121228
104121228
104121228
104121228
104121228
104121228
104121228
104121228
104121228
104121228
104121228
104121228
104121228
104121228
104121228
104121228
104121228
104121228
104121228
104121228
104121228
104121228
104121228
104121228
104121228
104121228
104121228
104121228
104121228
104121228
43634082
75568066
91250518
97935260
100510906
101292260
101466076
101492520
101496292
101498564
101498564
101498564
101498564
101498564
101498564
101498564
101498564
101498564
101498564
101498564
101498564
101498564
101498564
101498564
101498564
101498564
101498564
101498564
101498564
101498564
101498564
101498564
101498564
101498564
101498564
101498564
101498564
101498564
101498564
101498564
43664566
75675458
91649936
98237708
100780422
101546316
101712854
101728062
101731672
101731672
101731672
101731672
101731672
101731672
101731672
101731672
101731672
101731672
101731672
101731672
101731672
101731672
101731672
101731672
101731672
101731672
101731672
101731672
101731672
101731672
101731672
101731672
101731672
101731672
101731672
101731672
101731672
101731672
101731672
101731672
44414448
77465620
94316212
101654128
104450532
105293830
105504116
105543792
105548380
105548380
105548380
105548380
105548380
105548380
105548380
105548380
105548380
105548380
105548380
105548380
105548380
105548380
105548380
105548380
105548380
105548380
105548380
105548380
105548380
105548380
105548380
105548380
105548380
105548380
105548380
105548380
105548380
105548380
105548380
105548380
44122716
76783612
93201128
100324358
103059284
103928992
104130756
104167768
104173128
104173128
104173128
104173128
104173128
104173128
104173128
104173128
104173128
104173128
104173128
104173128
104173128
104173128
104173128
104173128
104173128
104173128
104173128
104173128
104173128
104173128
104173128
104173128
104173128
104173128
104173128
104173128
104173128
104173128
104173128
104173128
43920778
76091236
92192628
99092318
101777370
102662006
102844000
102875744
102875744
102875744
102875744
102875744
102875744
102875744
102875744
102875744
102875744
102875744
102875744
102875744
102875744
102875744
102875744
102875744
102875744
102875744
102875744
102875744
102875744
102875744
102875744
102875744
102875744
102875744
102875744
102875744
102875744
102875744
102875744
102875744
43617156
75150280
90667696
97176242
99622418
100377632
100565026
100573758
100574942
100574942
100574942
100574942
100574942
100574942
100574942
100574942
100574942
100574942
100574942
100574942
100574942
100574942
100574942
100574942
100574942
100574942
100574942
100574942
100574942
100574942
100574942
100574942
100574942
100574942
100574942
100574942
100574942
100574942
100574942
100574942
43680964
75431770
91188496
97972372
100588206
101455398
101657666
101692816
101698854
101698854
101698854
101698854
101698854
101698854
101698854
101698854
101698854
101698854
101698854
101698854
101698854
101698854
101698854
101698854
101698854
101698854
101698854
101698854
101698854
101698854
101698854
101698854
101698854
101698854
101698854
101698854
101698854
101698854
101698854
101698854
43105934
73783312
88813276
95177928
97665468
98428642
98604604
98635578
98635588
98635598
98635598
98635598
98635598
98635598
98635598
98635598
98635598
98635598
98635598
98635598
98635598
98635598
98635598
98635598
98635598
98635598
98635598
98635598
98635598
98635598
98635598
98635598
98635598
98635598
98635598
98635598
98635598
98635598
98635598
98635598
43798336
75560406
91354406
98055420
100558862
101407302
101603260
101651334
101651684
101651684
101651684
101651684
101651684
101651684
101651684
101651684
101651684
101651684
101651684
101651684
101651684
101651684
101651684
101651684
101651684
101651684
101651684
101651684
101651684
101651684
101651684
101651684
101651684
101651684
101651684
101651684
101651684
101651684
101651684
101651684
42965798
73924612
88940742
95264930
97655974
98429886
98655644
98690500
98693320
98693320
98693320
98693320
98693320
98693320
98693320
98693320
98693320
98693320
98693320
98693320
98693320
98693320
98693320
98693320
98693320
98693320
98693320
98693320
98693320
98693320
98693320
98693320
98693320
98693320
98693320
98693320
98693320
98693320
98693320
98693320
43714584
75394494
90723238
97245764
99735280
100539334
100716228
100747146
100747146
100747146
100747146
100747146
100747146
100747146
100747146
100747146
100747146
100747146
100747146
100747146
100747146
100747146
100747146
100747146
100747146
100747146
100747146
100747146
100747146
100747146
100747146
100747146
100747146
100747146
100747146
100747146
100747146
100747146
100747146
100747146
42929812
73278528
88239130
94627172
97057478
97743628
97866508
97878932
97878932
97878932
97878932
97878932
97878932
97878932
97878932
97878932
97878932
97878932
97878932
97878932
97878932
97878932
97878932
97878932
97878932
97878932
97878932
97878932
97878932
97878932
97878932
97878932
97878932
97878932
97878932
97878932
97878932
97878932
97878932
97878932
43074538
73617562
88526996
94747726
97074858
97820924
98008324
98062028
98062708
98063414
98063414
98063414
98063414
98063414
98063414
98063414
98063414
98063414
98063414
98063414
98063414
98063414
98063414
98063414
98063414
98063414
98063414
98063414
98063414
98063414
98063414
98063414
98063414
98063414
98063414
98063414
98063414
98063414
98063414
98063414
44014620
76474396
92870754
99790308
102431038
103239026
103440876
103475090
103481570
103481570
103481570
103481570
103481570
103481570
103481570
103481570
103481570
103481570
103481570
103481570
103481570
103481570
103481570
103481570
103481570
103481570
103481570
103481570
103481570
103481570
103481570
103481570
103481570
103481570
103481570
103481570
103481570
103481570
103481570
103481570
43697540
75732290
91471140
98212434
100751774
101607884
101824958
101863664
101863674
101863674
101863674
101863674
101863674
101863674
101863674
101863674
101863674
101863674
101863674
101863674
101863674
101863674
101863674
101863674
101863674
101863674
101863674
101863674
101863674
101863674
101863674
101863674
101863674
101863674
101863674
101863674
101863674
101863674
101863674
101863674
43281560
74287988
89481622
95972122
98438710
99169510
99325726
99338056
99339466
99339466
99339466
99339466
99339466
99339466
99339466
99339466
99339466
99339466
99339466
99339466
99339466
99339466
99339466
99339466
99339466
99339466
99339466
99339466
99339466
99339466
99339466
99339466
99339466
99339466
99339466
99339466
99339466
99339466
99339466
99339466
43620252
75481040
91487320
98293692
100848124
101630896
101801394
101819374
101822224
101822224
101822224
101822224
101822224
101822224
101822224
101822224
101822224
101822224
101822224
101822224
101822224
101822224
101822224
101822224
101822224
101822224
101822224
101822224
101822224
101822224
101822224
101822224
101822224
101822224
101822224
101822224
101822224
101822224
101822224
101822224
43680916
75101588
90359698
96558286
98862042
99600656
99775784
99808510
99813388
99813388
99813388
99813388
99813388
99813388
99813388
99813388
99813388
99813388
99813388
99813388
99813388
99813388
99813388
99813388
99813388
99813388
99813388
99813388
99813388
99813388
99813388
99813388
99813388
99813388
99813388
99813388
99813388
99813388
99813388
99813388
44090098
76740634
92736674
99454404
102015132
102841514
103015048
103047268
103050894
103050894
103050894
103050894
103050894
103050894
103050894
103050894
103050894
103050894
103050894
103050894
103050894
103050894
103050894
103050894
103050894
103050894
103050894
103050894
103050894
103050894
103050894
103050894
103050894
103050894
103050894
103050894
103050894
103050894
103050894
103050894
43704740
75572712
91525446
98156384
100847320
101643734
101813644
101837184
101839674
101839674
101839674
101839674
101839674
101839674
101839674
101839674
101839674
101839674
101839674
101839674
101839674
101839674
101839674
101839674
101839674
101839674
101839674
101839674
101839674
101839674
101839674
101839674
101839674
101839674
101839674
101839674
101839674
101839674
101839674
101839674
43213870
74052274
89279732
95819362
98250296
98983742
99145640
99167332
99172624
99172624
99172624
99172624
99172624
99172624
99172624
99172624
99172624
99172624
99172624
99172624
99172624
99172624
99172624
99172624
99172624
99172624
99172624
99172624
99172624
99172624
99172624
99172624
99172624
99172624
99172624
99172624
99172624
99172624
99172624
99172624
43661668
75557338
91602200
98369130
100980406
101796116
101976742
102017596
102026172
102032096
102032096
102032096
102032096
102032096
102032096
102032096
102032096
102032096
102032096
102032096
102032096
102032096
102032096
102032096
102032096
102032096
102032096
102032096
102032096
102032096
102032096
102032096
102032096
102032096
102032096
102032096
102032096
102032096
102032096
102032096
43618644
75415162
91209578
98006562
100534892
101323158
101481348
101500796
101503942
101503942
101503942
101503942
101503942
101503942
101503942
101503942
101503942
101503942
101503942
101503942
101503942
101503942
101503942
101503942
101503942
101503942
101503942
101503942
101503942
101503942
101503942
101503942
101503942
101503942
101503942
101503942
101503942
101503942
101503942
101503942
43110102
73858562
89128434
95668364
98139036
98876212
99041256
99065762
99068474
99068474
99068474
99068474
99068474
99068474
99068474
99068474
99068474
99068474
99068474
99068474
99068474
99068474
99068474
99068474
99068474
99068474
99068474
99068474
99068474
99068474
99068474
99068474
99068474
99068474
99068474
99068474
99068474
99068474
99068474
99068474
43729242
75566380
91265134
97719780
100116362
100821898
100998006
101012584
101012584
101012584
101012584
101012584
101012584
101012584
101012584
101012584
101012584
101012584
101012584
101012584
101012584
101012584
101012584
101012584
101012584
101012584
101012584
101012584
101012584
101012584
101012584
101012584
101012584
101012584
101012584
101012584
101012584
101012584
101012584
101012584
43744414
75517090
91092398
97561162
99877938
100555758
100686226
100702016
100705118
100705118
100705118
100705118
100705118
100705118
100705118
100705118
100705118
100705118
100705118
100705118
100705118
100705118
100705118
100705118
100705118
100705118
100705118
100705118
100705118
100705118
100705118
100705118
100705118
100705118
100705118
100705118
100705118
100705118
100705118
100705118
43619018
75347682
91075438
97555110
100083232
100841404
100967782
100987934
100987934
100987934
100987934
100987934
100987934
100987934
100987934
100987934
100987934
100987934
100987934
100987934
100987934
100987934
100987934
100987934
100987934
100987934
100987934
100987934
100987934
100987934
100987934
100987934
100987934
100987934
100987934
100987934
100987934
100987934
100987934
100987934
43941146
76308566
92617852
99370486
101961788
102779958
102970950
102991010
102991010
102991010
102991010
102991010
102991010
102991010
102991010
102991010
102991010
102991010
102991010
102991010
102991010
102991010
102991010
102991010
102991010
102991010
102991010
102991010
102991010
102991010
102991010
102991010
102991010
102991010
102991010
102991010
102991010
102991010
102991010
102991010
44102384
76650066
92775438
99659256
102296886
103088728
103286600
103311118
103312980
103313394
103313394
103313394
103313394
103313394
103313394
103313394
103313394
103313394
103313394
103313394
103313394
103313394
103313394
103313394
103313394
103313394
103313394
103313394
103313394
103313394
103313394
103313394
103313394
103313394
103313394
103313394
103313394
103313394
103313394
103313394
43797204
75599178
91024264
97618228
100125450
100968802
101152228
101214888
101223902
101232656
101237704
101237704
101237704
101237704
101237704
101237704
101237704
101237704
101237704
101237704
101237704
101237704
101237704
101237704
101237704
101237704
101237704
101237704
101237704
101237704
101237704
101237704
101237704
101237704
101237704
101237704
101237704
101237704
101237704
101237704
43693582
75736598
91652574
98447990
101048042
101863062
102070178
102092620
102092620
102092620
102092620
102092620
102092620
102092620
102092620
102092620
102092620
102092620
102092620
102092620
102092620
102092620
102092620
102092620
102092620
102092620
102092620
102092620
102092620
102092620
102092620
102092620
102092620
102092620
102092620
102092620
102092620
102092620
102092620
102092620
43646106
75428708
90976200
97390528
99758208
100493036
100687250
100712748
100715494
100715494
100715494
100715494
100715494
100715494
100715494
100715494
100715494
100715494
100715494
100715494
100715494
100715494
100715494
100715494
100715494
100715494
100715494
100715494
100715494
100715494
100715494
100715494
100715494
100715494
100715494
100715494
100715494
100715494
100715494
100715494
44565104
77860338
94665740
101994628
104926502
105936450
106224382
106272230
106287010
106290450
106290450
106290450
106290450
106290450
106290450
106290450
106290450
106290450
106290450
106290450
106290450
106290450
106290450
106290450
106290450
106290450
106290450
106290450
106290450
106290450
106290450
106290450
106290450
106290450
106290450
106290450
106290450
106290450
106290450
106290450
43920430
75815696
91357390
98023290
100534418
101270348
101425642
101457842
101457842
101457842
101457842
101457842
101457842
101457842
101457842
101457842
101457842
101457842
101457842
101457842
101457842
101457842
101457842
101457842
101457842
101457842
101457842
101457842
101457842
101457842
101457842
101457842
101457842
101457842
101457842
101457842
101457842
101457842
101457842
101457842
42905770
73226034
87866604
94117608
96506600
97347238
97554664
97605174
97614974
97614974
97614974
97614974
97614974
97614974
97614974
97614974
97614974
97614974
97614974
97614974
97614974
97614974
97614974
97614974
97614974
97614974
97614974
97614974
97614974
97614974
97614974
97614974
97614974
97614974
97614974
97614974
97614974
97614974
97614974
97614974
43205252
74005554
88659236
94624718
96873968
97559088
97736852
97776262
97785154
97785154
97785154
97785154
97785154
97785154
97785154
97785154
97785154
97785154
97785154
97785154
97785154
97785154
97785154
97785154
97785154
97785154
97785154
97785154
97785154
97785154
97785154
97785154
97785154
97785154
97785154
97785154
97785154
97785154
97785154
97785154
