412435
641293
758716
821727
853204
866282
869746
870138
870244
870305
870305
870305
870305
870305
870305
870305
870305
870305
870305
870305
870305
870305
870305
870305
870305
870305
870305
870305
870305
870305
870305
870305
870305
870305
870305
870305
870305
870305
870305
870305
412880
639700
757318
819980
851480
864357
867341
867734
867734
867734
867734
867734
867734
867734
867734
867734
867734
867734
867734
867734
867734
867734
867734
867734
867734
867734
867734
867734
867734
867734
867734
867734
867734
867734
867734
867734
867734
867734
867734
867734
413280
641568
759837
822590
853506
865474
869087
869601
869601
869601
869601
869601
869601
869601
869601
869601
869601
869601
869601
869601
869601
869601
869601
869601
869601
869601
869601
869601
869601
869601
869601
869601
869601
869601
869601
869601
869601
869601
869601
869601
415387
649381
771018
835814
868421
881848
885480
886367
886459
886459
886459
886459
886459
886459
886459
886459
886459
886459
886459
886459
886459
886459
886459
886459
886459
886459
886459
886459
886459
886459
886459
886459
886459
886459
886459
886459
886459
886459
886459
886459
413333
644153
763769
827199
859425
872533
875972
876644
876858
876858
876858
876858
876858
876858
876858
876858
876858
876858
876858
876858
876858
876858
876858
876858
876858
876858
876858
876858
876858
876858
876858
876858
876858
876858
876858
876858
876858
876858
876858
876858
407545
627302
739377
799149
829128
839635
842696
843242
843243
843243
843243
843243
843243
843243
843243
843243
843243
843243
843243
843243
843243
843243
843243
843243
843243
843243
843243
843243
843243
843243
843243
843243
843243
843243
843243
843243
843243
843243
843243
843243
412320
639962
757794
821007
853046
865408
868849
869511
869629
869629
869629
869629
869629
869629
869629
869629
869629
869629
869629
869629
869629
869629
869629
869629
869629
869629
869629
869629
869629
869629
869629
869629
869629
869629
869629
869629
869629
869629
869629
869629
405169
622189
732979
792075
821688
833254
836619
837065
837065
837065
837065
837065
837065
837065
837065
837065
837065
837065
837065
837065
837065
837065
837065
837065
837065
837065
837065
837065
837065
837065
837065
837065
837065
837065
837065
837065
837065
837065
837065
837065
410730
634636
749319
811094
843203
855632
859002
859643
859749
859749
859749
859749
859749
859749
859749
859749
859749
859749
859749
859749
859749
859749
859749
859749
859749
859749
859749
859749
859749
859749
859749
859749
859749
859749
859749
859749
859749
859749
859749
859749
413465
645233
765608
831384
865674
879628
883043
883697
883763
883763
883763
883763
883763
883763
883763
883763
883763
883763
883763
883763
883763
883763
883763
883763
883763
883763
883763
883763
883763
883763
883763
883763
883763
883763
883763
883763
883763
883763
883763
883763
408307
628993
744197
804999
835624
846486
849590
849997
850212
850212
850212
850212
850212
850212
850212
850212
850212
850212
850212
850212
850212
850212
850212
850212
850212
850212
850212
850212
850212
850212
850212
850212
850212
850212
850212
850212
850212
850212
850212
850212
414254
644280
763337
827957
860263
873737
877232
877740
877808
877808
877808
877808
877808
877808
877808
877808
877808
877808
877808
877808
877808
877808
877808
877808
877808
877808
877808
877808
877808
877808
877808
877808
877808
877808
877808
877808
877808
877808
877808
877808
412559
640055
759285
822786
855028
868684
872690
873392
873493
873493
873493
873493
873493
873493
873493
873493
873493
873493
873493
873493
873493
873493
873493
873493
873493
873493
873493
873493
873493
873493
873493
873493
873493
873493
873493
873493
873493
873493
873493
873493
412453
641085
758646
821977
854240
867898
871669
872283
872386
872386
872386
872386
872386
872386
872386
872386
872386
872386
872386
872386
872386
872386
872386
872386
872386
872386
872386
872386
872386
872386
872386
872386
872386
872386
872386
872386
872386
872386
872386
872386
416126
650458
771707
836626
869661
882739
886426
887419
887504
887504
887504
887504
887504
887504
887504
887504
887504
887504
887504
887504
887504
887504
887504
887504
887504
887504
887504
887504
887504
887504
887504
887504
887504
887504
887504
887504
887504
887504
887504
887504
416996
652666
775417
840828
874608
888594
892403
893437
893668
893668
893668
893668
893668
893668
893668
893668
893668
893668
893668
893668
893668
893668
893668
893668
893668
893668
893668
893668
893668
893668
893668
893668
893668
893668
893668
893668
893668
893668
893668
893668
418431
658304
783556
850221
884389
897955
901689
902499
902618
902681
902681
902681
902681
902681
902681
902681
902681
902681
902681
902681
902681
902681
902681
902681
902681
902681
902681
902681
902681
902681
902681
902681
902681
902681
902681
902681
902681
902681
902681
902681
413879
645159
765051
830150
863857
877478
881483
882113
882243
882243
882243
882243
882243
882243
882243
882243
882243
882243
882243
882243
882243
882243
882243
882243
882243
882243
882243
882243
882243
882243
882243
882243
882243
882243
882243
882243
882243
882243
882243
882243
410266
633750
748161
809450
841015
852605
855890
856525
856577
856577
856577
856577
856577
856577
856577
856577
856577
856577
856577
856577
856577
856577
856577
856577
856577
856577
856577
856577
856577
856577
856577
856577
856577
856577
856577
856577
856577
856577
856577
856577
411508
638340
756080
819266
852090
865356
868518
869121
869187
869274
869274
869274
869274
869274
869274
869274
869274
869274
869274
869274
869274
869274
869274
869274
869274
869274
869274
869274
869274
869274
869274
869274
869274
869274
869274
869274
869274
869274
869274
869274
410971
637641
754584
815598
847271
860299
863966
864595
864701
864701
864701
864701
864701
864701
864701
864701
864701
864701
864701
864701
864701
864701
864701
864701
864701
864701
864701
864701
864701
864701
864701
864701
864701
864701
864701
864701
864701
864701
864701
864701
413704
643246
761579
826582
860417
873651
877074
877647
877647
877647
877647
877647
877647
877647
877647
877647
877647
877647
877647
877647
877647
877647
877647
877647
877647
877647
877647
877647
877647
877647
877647
877647
877647
877647
877647
877647
877647
877647
877647
877647
414154
645400
764361
828040
860672
873450
876550
877107
877222
877280
877280
877280
877280
877280
877280
877280
877280
877280
877280
877280
877280
877280
877280
877280
877280
877280
877280
877280
877280
877280
877280
877280
877280
877280
877280
877280
877280
877280
877280
877280
411662
638191
756162
819930
852021
864313
867393
868308
868501
868501
868501
868501
868501
868501
868501
868501
868501
868501
868501
868501
868501
868501
868501
868501
868501
868501
868501
868501
868501
868501
868501
868501
868501
868501
868501
868501
868501
868501
868501
868501
410501
634860
749337
811225
843008
854184
856637
857038
857119
857119
857119
857119
857119
857119
857119
857119
857119
857119
857119
857119
857119
857119
857119
857119
857119
857119
857119
857119
857119
857119
857119
857119
857119
857119
857119
857119
857119
857119
857119
857119
412122
638771
755669
817081
847074
858005
860300
860620
860632
860632
860632
860632
860632
860632
860632
860632
860632
860632
860632
860632
860632
860632
860632
860632
860632
860632
860632
860632
860632
860632
860632
860632
860632
860632
860632
860632
860632
860632
860632
860632
414997
647229
767144
831210
863972
877390
881196
881997
882067
882067
882067
882067
882067
882067
882067
882067
882067
882067
882067
882067
882067
882067
882067
882067
882067
882067
882067
882067
882067
882067
882067
882067
882067
882067
882067
882067
882067
882067
882067
882067
410812
633854
747560
807981
838713
850052
852403
852680
852680
852680
852680
852680
852680
852680
852680
852680
852680
852680
852680
852680
852680
852680
852680
852680
852680
852680
852680
852680
852680
852680
852680
852680
852680
852680
852680
852680
852680
852680
852680
852680
412711
640669
759147
822087
854159
866929
869887
870338
870338
870338
870338
870338
870338
870338
870338
870338
870338
870338
870338
870338
870338
870338
870338
870338
870338
870338
870338
870338
870338
870338
870338
870338
870338
870338
870338
870338
870338
870338
870338
870338
411311
637525
753704
816210
847588
860842
864248
864714
864714
864714
864714
864714
864714
864714
864714
864714
864714
864714
864714
864714
864714
864714
864714
864714
864714
864714
864714
864714
864714
864714
864714
864714
864714
864714
864714
864714
864714
864714
864714
864714
415196
647401
769698
835829
870837
885957
890692
891720
891886
891886
891886
891886
891886
891886
891886
891886
891886
891886
891886
891886
891886
891886
891886
891886
891886
891886
891886
891886
891886
891886
891886
891886
891886
891886
891886
891886
891886
891886
891886
891886
409020
632198
745340
806263
836528
847237
849685
850134
850136
850136
850136
850136
850136
850136
850136
850136
850136
850136
850136
850136
850136
850136
850136
850136
850136
850136
850136
850136
850136
850136
850136
850136
850136
850136
850136
850136
850136
850136
850136
850136
411660
637313
753249
814436
844946
856608
859597
860004
860188
860188
860188
860188
860188
860188
860188
860188
860188
860188
860188
860188
860188
860188
860188
860188
860188
860188
860188
860188
860188
860188
860188
860188
860188
860188
860188
860188
860188
860188
860188
860188
410815
636837
753029
816788
848674
861555
865664
866262
866363
866363
866363
866363
866363
866363
866363
866363
866363
866363
866363
866363
866363
866363
866363
866363
866363
866363
866363
866363
866363
866363
866363
866363
866363
866363
866363
866363
866363
866363
866363
866363
407233
626782
739570
798762
827088
837397
839637
839986
840044
840044
840044
840044
840044
840044
840044
840044
840044
840044
840044
840044
840044
840044
840044
840044
840044
840044
840044
840044
840044
840044
840044
840044
840044
840044
840044
840044
840044
840044
840044
840044
410701
636806
753100
814455
845226
857454
861468
862122
862166
862166
862166
862166
862166
862166
862166
862166
862166
862166
862166
862166
862166
862166
862166
862166
862166
862166
862166
862166
862166
862166
862166
862166
862166
862166
862166
862166
862166
862166
862166
862166
409066
631417
746446
808050
839795
852118
856206
857049
857173
857173
857173
857173
857173
857173
857173
857173
857173
857173
857173
857173
857173
857173
857173
857173
857173
857173
857173
857173
857173
857173
857173
857173
857173
857173
857173
857173
857173
857173
857173
857173
412404
639806
757887
822308
854818
867946
871070
871597
871669
871669
871669
871669
871669
871669
871669
871669
871669
871669
871669
871669
871669
871669
871669
871669
871669
871669
871669
871669
871669
871669
871669
871669
871669
871669
871669
871669
871669
871669
871669
871669
408995
632496
744703
805498
835378
846338
849536
850045
850055
850073
850073
850073
850073
850073
850073
850073
850073
850073
850073
850073
850073
850073
850073
850073
850073
850073
850073
850073
850073
850073
850073
850073
850073
850073
850073
850073
850073
850073
850073
850073
406869
625414
738286
799596
830420
842625
846114
846870
846870
846870
846870
846870
846870
846870
846870
846870
846870
846870
846870
846870
846870
846870
846870
846870
846870
846870
846870
846870
846870
846870
846870
846870
846870
846870
846870
846870
846870
846870
846870
846870
405277
620807
729831
788190
816724
826151
828081
828416
828417
828417
828417
828417
828417
828417
828417
828417
828417
828417
828417
828417
828417
828417
828417
828417
828417
828417
828417
828417
828417
828417
828417
828417
828417
828417
828417
828417
828417
828417
828417
828417
412945
642565
761064
825314
858315
871846
874955
875344
875344
875344
875344
875344
875344
875344
875344
875344
875344
875344
875344
875344
875344
875344
875344
875344
875344
875344
875344
875344
875344
875344
875344
875344
875344
875344
875344
875344
875344
875344
875344
875344
414674
646362
766057
829792
863545
877723
881504
881918
882040
882081
882081
882081
882081
882081
882081
882081
882081
882081
882081
882081
882081
882081
882081
882081
882081
882081
882081
882081
882081
882081
882081
882081
882081
882081
882081
882081
882081
882081
882081
882081
411446
636795
752382
813054
842921
855378
858877
859611
859681
859681
859681
859681
859681
859681
859681
859681
859681
859681
859681
859681
859681
859681
859681
859681
859681
859681
859681
859681
859681
859681
859681
859681
859681
859681
859681
859681
859681
859681
859681
859681
408511
627913
741258
802111
833013
845555
848927
849349
849422
849422
849422
849422
849422
849422
849422
849422
849422
849422
849422
849422
849422
849422
849422
849422
849422
849422
849422
849422
849422
849422
849422
849422
849422
849422
849422
849422
849422
849422
849422
849422
416326
650968
773596
840019
873928
887478
891824
892895
892939
892939
892939
892939
892939
892939
892939
892939
892939
892939
892939
892939
892939
892939
892939
892939
892939
892939
892939
892939
892939
892939
892939
892939
892939
892939
892939
892939
892939
892939
892939
892939
415209
648077
769318
834269
867387
880582
884804
885649
885828
885911
886012
886012
886012
886012
886012
886012
886012
886012
886012
886012
886012
886012
886012
886012
886012
886012
886012
886012
886012
886012
886012
886012
886012
886012
886012
886012
886012
886012
886012
886012
408453
628834
742612
802480
833137
845714
848329
848956
849026
849026
849026
849026
849026
849026
849026
849026
849026
849026
849026
849026
849026
849026
849026
849026
849026
849026
849026
849026
849026
849026
849026
849026
849026
849026
849026
849026
849026
849026
849026
849026
407714
627615
741322
801449
831325
842551
845598
846254
846309
846309
846309
846309
846309
846309
846309
846309
846309
846309
846309
846309
846309
846309
846309
846309
846309
846309
846309
846309
846309
846309
846309
846309
846309
846309
846309
846309
846309
846309
846309
846309
409221
631082
745019
806400
837325
849022
851962
852269
852317
852376
852376
852376
852376
852376
852376
852376
852376
852376
852376
852376
852376
852376
852376
852376
852376
852376
852376
852376
852376
852376
852376
852376
852376
852376
852376
852376
852376
852376
852376
852376
413237
640925
757141
818842
847860
858072
860416
860826
860961
860961
860961
860961
860961
860961
860961
860961
860961
860961
860961
860961
860961
860961
860961
860961
860961
860961
860961
860961
860961
860961
860961
860961
860961
860961
860961
860961
860961
860961
860961
860961
411763
638390
756148
820123
853118
866866
870653
871208
871390
871533
871583
871583
871583
871583
871583
871583
871583
871583
871583
871583
871583
871583
871583
871583
871583
871583
871583
871583
871583
871583
871583
871583
871583
871583
871583
871583
871583
871583
871583
871583
413256
640469
757844
820662
851712
864492
867369
868018
868020
868020
868020
868020
868020
868020
868020
868020
868020
868020
868020
868020
868020
868020
868020
868020
868020
868020
868020
868020
868020
868020
868020
868020
868020
868020
868020
868020
868020
868020
868020
868020
410515
636073
751629
813336
844465
856248
859311
859913
860031
860031
860031
860031
860031
860031
860031
860031
860031
860031
860031
860031
860031
860031
860031
860031
860031
860031
860031
860031
860031
860031
860031
860031
860031
860031
860031
860031
860031
860031
860031
860031
408365
629052
743871
806502
837383
850298
853265
853887
853971
853971
853971
853971
853971
853971
853971
853971
853971
853971
853971
853971
853971
853971
853971
853971
853971
853971
853971
853971
853971
853971
853971
853971
853971
853971
853971
853971
853971
853971
853971
853971
410512
633696
748771
810487
840547
852196
854698
854783
854783
854783
854783
854783
854783
854783
854783
854783
854783
854783
854783
854783
854783
854783
854783
854783
854783
854783
854783
854783
854783
854783
854783
854783
854783
854783
854783
854783
854783
854783
854783
854783
413556
642105
760122
823642
855471
867720
870485
870833
870967
870967
870967
870967
870967
870967
870967
870967
870967
870967
870967
870967
870967
870967
870967
870967
870967
870967
870967
870967
870967
870967
870967
870967
870967
870967
870967
870967
870967
870967
870967
870967
410023
635525
751871
813751
845281
858309
862544
863028
863120
863120
863120
863120
863120
863120
863120
863120
863120
863120
863120
863120
863120
863120
863120
863120
863120
863120
863120
863120
863120
863120
863120
863120
863120
863120
863120
863120
863120
863120
863120
863120
409922
632249
747220
809348
839850
851893
855441
856043
856104
856104
856104
856104
856104
856104
856104
856104
856104
856104
856104
856104
856104
856104
856104
856104
856104
856104
856104
856104
856104
856104
856104
856104
856104
856104
856104
856104
856104
856104
856104
856104
407060
625394
737391
797666
827315
838642
841094
841694
841732
841732
841732
841732
841732
841732
841732
841732
841732
841732
841732
841732
841732
841732
841732
841732
841732
841732
841732
841732
841732
841732
841732
841732
841732
841732
841732
841732
841732
841732
841732
841732
412732
642076
761462
825421
858334
872161
875162
875784
875911
875911
875911
875911
875911
875911
875911
875911
875911
875911
875911
875911
875911
875911
875911
875911
875911
875911
875911
875911
875911
875911
875911
875911
875911
875911
875911
875911
875911
875911
875911
875911
411725
637424
754444
815793
846615
859154
862221
862788
862966
862966
862966
862966
862966
862966
862966
862966
862966
862966
862966
862966
862966
862966
862966
862966
862966
862966
862966
862966
862966
862966
862966
862966
862966
862966
862966
862966
862966
862966
862966
862966
416372
652605
775618
841448
877013
891775
895396
896001
896062
896062
896062
896062
896062
896062
896062
896062
896062
896062
896062
896062
896062
896062
896062
896062
896062
896062
896062
896062
896062
896062
896062
896062
896062
896062
896062
896062
896062
896062
896062
896062
412993
642356
761501
824007
855547
868344
871844
872215
872269
872269
872269
872269
872269
872269
872269
872269
872269
872269
872269
872269
872269
872269
872269
872269
872269
872269
872269
872269
872269
872269
872269
872269
872269
872269
872269
872269
872269
872269
872269
872269
412522
640781
757417
819741
849166
860387
862750
863093
863093
863093
863093
863093
863093
863093
863093
863093
863093
863093
863093
863093
863093
863093
863093
863093
863093
863093
863093
863093
863093
863093
863093
863093
863093
863093
863093
863093
863093
863093
863093
863093
416137
651560
774788
841147
875753
889419
893680
894415
894563
894563
894563
894563
894563
894563
894563
894563
894563
894563
894563
894563
894563
894563
894563
894563
894563
894563
894563
894563
894563
894563
894563
894563
894563
894563
894563
894563
894563
894563
894563
894563
411312
637919
754289
816177
846446
858024
861136
861597
861697
861697
861697
861697
861697
861697
861697
861697
861697
861697
861697
861697
861697
861697
861697
861697
861697
861697
861697
861697
861697
861697
861697
861697
861697
861697
861697
861697
861697
861697
861697
861697
411176
635953
753110
815445
846473
858344
861520
861975
862018
862018
862018
862018
862018
862018
862018
862018
862018
862018
862018
862018
862018
862018
862018
862018
862018
862018
862018
862018
862018
862018
862018
862018
862018
862018
862018
862018
862018
862018
862018
862018
409664
633308
749317
810677
841971
853594
856985
857591
857591
857591
857591
857591
857591
857591
857591
857591
857591
857591
857591
857591
857591
857591
857591
857591
857591
857591
857591
857591
857591
857591
857591
857591
857591
857591
857591
857591
857591
857591
857591
857591
405872
622913
733026
793184
821412
831764
834508
834866
834932
834932
834932
834932
834932
834932
834932
834932
834932
834932
834932
834932
834932
834932
834932
834932
834932
834932
834932
834932
834932
834932
834932
834932
834932
834932
834932
834932
834932
834932
834932
834932
410803
635438
749815
810672
842401
854144
857661
858039
858039
858039
858039
858039
858039
858039
858039
858039
858039
858039
858039
858039
858039
858039
858039
858039
858039
858039
858039
858039
858039
858039
858039
858039
858039
858039
858039
858039
858039
858039
858039
858039
409097
630280
743229
803349
831885
842379
844964
845119
845143
845162
845162
845162
845162
845162
845162
845162
845162
845162
845162
845162
845162
845162
845162
845162
845162
845162
845162
845162
845162
845162
845162
845162
845162
845162
845162
845162
845162
845162
845162
845162
412202
640217
758716
822035
853991
866171
869059
869411
869411
869411
869411
869411
869411
869411
869411
869411
869411
869411
869411
869411
869411
869411
869411
869411
869411
869411
869411
869411
869411
869411
869411
869411
869411
869411
869411
869411
869411
869411
869411
869411
414874
647083
768003
833510
866288
879355
882952
883706
883800
883800
883800
883800
883800
883800
883800
883800
883800
883800
883800
883800
883800
883800
883800
883800
883800
883800
883800
883800
883800
883800
883800
883800
883800
883800
883800
883800
883800
883800
883800
883800
409893
633414
748639
810237
841204
853183
856363
856665
856689
856689
856689
856689
856689
856689
856689
856689
856689
856689
856689
856689
856689
856689
856689
856689
856689
856689
856689
856689
856689
856689
856689
856689
856689
856689
856689
856689
856689
856689
856689
856689
411208
637892
756591
819646
851520
862779
865556
866093
866153
866153
866153
866153
866153
866153
866153
866153
866153
866153
866153
866153
866153
866153
866153
866153
866153
866153
866153
866153
866153
866153
866153
866153
866153
866153
866153
866153
866153
866153
866153
866153
414751
647261
767522
831959
865296
878655
882920
883624
883636
883636
883636
883636
883636
883636
883636
883636
883636
883636
883636
883636
883636
883636
883636
883636
883636
883636
883636
883636
883636
883636
883636
883636
883636
883636
883636
883636
883636
883636
883636
883636
411765
637097
754705
818361
851793
866149
870136
870694
870820
870820
870820
870820
870820
870820
870820
870820
870820
870820
870820
870820
870820
870820
870820
870820
870820
870820
870820
870820
870820
870820
870820
870820
870820
870820
870820
870820
870820
870820
870820
870820
409860
633105
747018
808147
839550
852264
855420
856284
856341
856341
856341
856341
856341
856341
856341
856341
856341
856341
856341
856341
856341
856341
856341
856341
856341
856341
856341
856341
856341
856341
856341
856341
856341
856341
856341
856341
856341
856341
856341
856341
413866
644884
765071
828643
861369
874765
877973
878747
878815
878815
878815
878815
878815
878815
878815
878815
878815
878815
878815
878815
878815
878815
878815
878815
878815
878815
878815
878815
878815
878815
878815
878815
878815
878815
878815
878815
878815
878815
878815
878815
411000
635284
751004
811828
842716
855117
858309
858766
858766
858766
858766
858766
858766
858766
858766
858766
858766
858766
858766
858766
858766
858766
858766
858766
858766
858766
858766
858766
858766
858766
858766
858766
858766
858766
858766
858766
858766
858766
858766
858766
410267
634903
750635
811971
842729
855217
858603
859197
859334
859335
859335
859335
859335
859335
859335
859335
859335
859335
859335
859335
859335
859335
859335
859335
859335
859335
859335
859335
859335
859335
859335
859335
859335
859335
859335
859335
859335
859335
859335
859335
411831
638534
754422
817843
850409
863167
866911
867414
867414
867414
867414
867414
867414
867414
867414
867414
867414
867414
867414
867414
867414
867414
867414
867414
867414
867414
867414
867414
867414
867414
867414
867414
867414
867414
867414
867414
867414
867414
867414
867414
413297
642503
761464
825629
857772
870829
874602
875208
875289
875308
875308
875308
875308
875308
875308
875308
875308
875308
875308
875308
875308
875308
875308
875308
875308
875308
875308
875308
875308
875308
875308
875308
875308
875308
875308
875308
875308
875308
875308
875308
411902
638270
754039
816749
847499
860146
863897
864545
864616
864616
864616
864616
864616
864616
864616
864616
864616
864616
864616
864616
864616
864616
864616
864616
864616
864616
864616
864616
864616
864616
864616
864616
864616
864616
864616
864616
864616
864616
864616
864616
410260
634170
750017
811315
841301
852669
855717
856215
856272
856272
856272
856272
856272
856272
856272
856272
856272
856272
856272
856272
856272
856272
856272
856272
856272
856272
856272
856272
856272
856272
856272
856272
856272
856272
856272
856272
856272
856272
856272
856272
411126
638644
755491
818683
850988
863605
866731
867406
867473
867473
867473
867473
867473
867473
867473
867473
867473
867473
867473
867473
867473
867473
867473
867473
867473
867473
867473
867473
867473
867473
867473
867473
867473
867473
867473
867473
867473
867473
867473
867473
412106
639681
756834
819822
852113
864674
867656
868183
868305
868305
868305
868305
868305
868305
868305
868305
868305
868305
868305
868305
868305
868305
868305
868305
868305
868305
868305
868305
868305
868305
868305
868305
868305
868305
868305
868305
868305
868305
868305
868305
411800
640131
757188
820519
852824
865143
868432
869011
869245
869245
869245
869245
869245
869245
869245
869245
869245
869245
869245
869245
869245
869245
869245
869245
869245
869245
869245
869245
869245
869245
869245
869245
869245
869245
869245
869245
869245
869245
869245
869245
412742
642083
761302
825893
860163
874449
878094
879077
879155
879209
879209
879209
879209
879209
879209
879209
879209
879209
879209
879209
879209
879209
879209
879209
879209
879209
879209
879209
879209
879209
879209
879209
879209
879209
879209
879209
879209
879209
879209
879209
411745
639552
756410
818949
851129
863733
867139
867358
867359
867359
867359
867359
867359
867359
867359
867359
867359
867359
867359
867359
867359
867359
867359
867359
867359
867359
867359
867359
867359
867359
867359
867359
867359
867359
867359
867359
867359
867359
867359
867359
412109
639919
757055
819931
852348
864876
868153
868569
868581
868582
868582
868582
868582
868582
868582
868582
868582
868582
868582
868582
868582
868582
868582
868582
868582
868582
868582
868582
868582
868582
868582
868582
868582
868582
868582
868582
868582
868582
868582
868582
405960
622278
732389
789463
818328
829047
831467
832015
832033
832033
832033
832033
832033
832033
832033
832033
832033
832033
832033
832033
832033
832033
832033
832033
832033
832033
832033
832033
832033
832033
832033
832033
832033
832033
832033
832033
832033
832033
832033
832033
409998
632604
749180
811508
844146
857104
860476
861291
861346
861346
861346
861346
861346
861346
861346
861346
861346
861346
861346
861346
861346
861346
861346
861346
861346
861346
861346
861346
861346
861346
861346
861346
861346
861346
861346
861346
861346
861346
861346
861346
406270
623421
734069
792426
821261
832082
834818
835149
835190
835190
835190
835190
835190
835190
835190
835190
835190
835190
835190
835190
835190
835190
835190
835190
835190
835190
835190
835190
835190
835190
835190
835190
835190
835190
835190
835190
835190
835190
835190
835190
418084
653250
774997
840666
875106
889278
893878
895355
895682
895830
895876
895876
895876
895876
895876
895876
895876
895876
895876
895876
895876
895876
895876
895876
895876
895876
895876
895876
895876
895876
895876
895876
895876
895876
895876
895876
895876
895876
895876
895876
410867
636568
753642
816542
848814
861842
865228
865559
865574
865574
865574
865574
865574
865574
865574
865574
865574
865574
865574
865574
865574
865574
865574
865574
865574
865574
865574
865574
865574
865574
865574
865574
865574
865574
865574
865574
865574
865574
865574
865574
412397
640561
757895
821109
852887
865651
868847
869294
869296
869296
869296
869296
869296
869296
869296
869296
869296
869296
869296
869296
869296
869296
869296
869296
869296
869296
869296
869296
869296
869296
869296
869296
869296
869296
869296
869296
869296
869296
869296
869296
411176
636291
753378
815982
848427
861270
865337
865995
866113
866113
866113
866113
866113
866113
866113
866113
866113
866113
866113
866113
866113
866113
866113
866113
866113
866113
866113
866113
866113
866113
866113
866113
866113
866113
866113
866113
866113
866113
866113
866113
408483
628242
740666
801705
831907
843339
846684
847561
847621
847621
847621
847621
847621
847621
847621
847621
847621
847621
847621
847621
847621
847621
847621
847621
847621
847621
847621
847621
847621
847621
847621
847621
847621
847621
847621
847621
847621
847621
847621
847621
414174
645129
766502
832630
866412
879914
884126
884680
884781
884781
884781
884781
884781
884781
884781
884781
884781
884781
884781
884781
884781
884781
884781
884781
884781
884781
884781
884781
884781
884781
884781
884781
884781
884781
884781
884781
884781
884781
884781
884781
411191
637061
752476
814318
845263
857279
860247
860684
860686
860686
860686
860686
860686
860686
860686
860686
860686
860686
860686
860686
860686
860686
860686
860686
860686
860686
860686
860686
860686
860686
860686
860686
860686
860686
860686
860686
860686
860686
860686
860686
414480
645640
764743
828367
860859
873662
876838
877197
877204
877204
877204
877204
877204
877204
877204
877204
877204
877204
877204
877204
877204
877204
877204
877204
877204
877204
877204
877204
877204
877204
877204
877204
877204
877204
877204
877204
877204
877204
877204
877204
411401
635433
751707
813950
845450
858826
862430
863044
863137
863208
863208
863208
863208
863208
863208
863208
863208
863208
863208
863208
863208
863208
863208
863208
863208
863208
863208
863208
863208
863208
863208
863208
863208
863208
863208
863208
863208
863208
863208
863208
412272
639278
756169
817517
847738
859903
862821
863221
863222
863222
863222
863222
863222
863222
863222
863222
863222
863222
863222
863222
863222
863222
863222
863222
863222
863222
863222
863222
863222
863222
863222
863222
863222
863222
863222
863222
863222
863222
863222
863222
413237
642743
760940
824643
856581
870028
873334
873719
873719
873719
873719
873719
873719
873719
873719
873719
873719
873719
873719
873719
873719
873719
873719
873719
873719
873719
873719
873719
873719
873719
873719
873719
873719
873719
873719
873719
873719
873719
873719
873719
412805
642814
761911
825567
858222
871471
874765
875032
875033
875033
875033
875033
875033
875033
875033
875033
875033
875033
875033
875033
875033
875033
875033
875033
875033
875033
875033
875033
875033
875033
875033
875033
875033
875033
875033
875033
875033
875033
875033
875033
413391
641232
757392
819662
852188
864209
867543
868158
868197
868219
868219
868219
868219
868219
868219
868219
868219
868219
868219
868219
868219
868219
868219
868219
868219
868219
868219
868219
868219
868219
868219
868219
868219
868219
868219
868219
868219
868219
868219
868219
407234
625259
736367
795922
826207
838664
841880
842449
842496
842496
842496
842496
842496
842496
842496
842496
842496
842496
842496
842496
842496
842496
842496
842496
842496
842496
842496
842496
842496
842496
842496
842496
842496
842496
842496
842496
842496
842496
842496
842496
409508
632695
746481
806168
836472
847650
850631
850999
851046
851046
851046
851046
851046
851046
851046
851046
851046
851046
851046
851046
851046
851046
851046
851046
851046
851046
851046
851046
851046
851046
851046
851046
851046
851046
851046
851046
851046
851046
851046
851046
412998
641278
759160
822636
855892
869641
873366
873852
874109
874162
874162
874162
874162
874162
874162
874162
874162
874162
874162
874162
874162
874162
874162
874162
874162
874162
874162
874162
874162
874162
874162
874162
874162
874162
874162
874162
874162
874162
874162
874162
410822
633887
748105
809667
840862
852649
855739
856453
856466
856466
856466
856466
856466
856466
856466
856466
856466
856466
856466
856466
856466
856466
856466
856466
856466
856466
856466
856466
856466
856466
856466
856466
856466
856466
856466
856466
856466
856466
856466
856466
410634
636440
751857
812914
843758
855821
858962
859478
859578
859578
859578
859578
859578
859578
859578
859578
859578
859578
859578
859578
859578
859578
859578
859578
859578
859578
859578
859578
859578
859578
859578
859578
859578
859578
859578
859578
859578
859578
859578
859578
407660
628345
740375
799743
829822
841503
844515
844929
844930
844930
844930
844930
844930
844930
844930
844930
844930
844930
844930
844930
844930
844930
844930
844930
844930
844930
844930
844930
844930
844930
844930
844930
844930
844930
844930
844930
844930
844930
844930
844930
411267
636454
754178
816384
847379
860509
863995
864560
864560
864560
864560
864560
864560
864560
864560
864560
864560
864560
864560
864560
864560
864560
864560
864560
864560
864560
864560
864560
864560
864560
864560
864560
864560
864560
864560
864560
864560
864560
864560
864560
407937
627015
739799
800397
830381
842403
845648
846284
846428
846563
846563
846563
846563
846563
846563
846563
846563
846563
846563
846563
846563
846563
846563
846563
846563
846563
846563
846563
846563
846563
846563
846563
846563
846563
846563
846563
846563
846563
846563
846563
412726
642663
761164
825477
858333
872424
875666
876561
876642
876642
876642
876642
876642
876642
876642
876642
876642
876642
876642
876642
876642
876642
876642
876642
876642
876642
876642
876642
876642
876642
876642
876642
876642
876642
876642
876642
876642
876642
876642
876642
411403
638426
754563
817660
848531
859938
862994
863481
863534
863534
863534
863534
863534
863534
863534
863534
863534
863534
863534
863534
863534
863534
863534
863534
863534
863534
863534
863534
863534
863534
863534
863534
863534
863534
863534
863534
863534
863534
863534
863534
410269
632747
748325
808677
839299
850482
853505
853972
854025
854025
854025
854025
854025
854025
854025
854025
854025
854025
854025
854025
854025
854025
854025
854025
854025
854025
854025
854025
854025
854025
854025
854025
854025
854025
854025
854025
854025
854025
854025
854025
413428
642439
761465
825533
857620
870547
873982
874668
874709
874709
874709
874709
874709
874709
874709
874709
874709
874709
874709
874709
874709
874709
874709
874709
874709
874709
874709
874709
874709
874709
874709
874709
874709
874709
874709
874709
874709
874709
874709
874709
407824
627524
740946
801351
831656
843549
846435
846683
846683
846683
846683
846683
846683
846683
846683
846683
846683
846683
846683
846683
846683
846683
846683
846683
846683
846683
846683
846683
846683
846683
846683
846683
846683
846683
846683
846683
846683
846683
846683
846683
413218
641706
759417
822660
854521
867226
870402
870812
870898
870898
870898
870898
870898
870898
870898
870898
870898
870898
870898
870898
870898
870898
870898
870898
870898
870898
870898
870898
870898
870898
870898
870898
870898
870898
870898
870898
870898
870898
870898
870898
411474
635938
750949
812754
844476
856290
859492
859994
860058
860058
860058
860058
860058
860058
860058
860058
860058
860058
860058
860058
860058
860058
860058
860058
860058
860058
860058
860058
860058
860058
860058
860058
860058
860058
860058
860058
860058
860058
860058
860058
412140
641040
760209
823038
854522
866233
869386
869955
870047
870120
870161
870231
870231
870231
870231
870231
870231
870231
870231
870231
870231
870231
870231
870231
870231
870231
870231
870231
870231
870231
870231
870231
870231
870231
870231
870231
870231
870231
870231
870231
412887
640922
759531
822976
855827
869328
872698
873452
873518
873519
873519
873519
873519
873519
873519
873519
873519
873519
873519
873519
873519
873519
873519
873519
873519
873519
873519
873519
873519
873519
873519
873519
873519
873519
873519
873519
873519
873519
873519
873519
411724
639712
758444
822957
856604
869690
873632
874432
874553
874553
874553
874553
874553
874553
874553
874553
874553
874553
874553
874553
874553
874553
874553
874553
874553
874553
874553
874553
874553
874553
874553
874553
874553
874553
874553
874553
874553
874553
874553
874553
420483
661658
786035
853060
888144
902647
907011
907579
907712
907733
907733
907733
907733
907733
907733
907733
907733
907733
907733
907733
907733
907733
907733
907733
907733
907733
907733
907733
907733
907733
907733
907733
907733
907733
907733
907733
907733
907733
907733
907733
410322
632071
745799
807528
839054
853195
856951
858026
858026
858026
858026
858026
858026
858026
858026
858026
858026
858026
858026
858026
858026
858026
858026
858026
858026
858026
858026
858026
858026
858026
858026
858026
858026
858026
858026
858026
858026
858026
858026
858026
417676
654516
778708
845855
880911
894845
898591
899131
899131
899131
899131
899131
899131
899131
899131
899131
899131
899131
899131
899131
899131
899131
899131
899131
899131
899131
899131
899131
899131
899131
899131
899131
899131
899131
899131
899131
899131
899131
899131
899131
414831
645591
764525
827992
860352
873484
877073
877741
877821
877821
877821
877821
877821
877821
877821
877821
877821
877821
877821
877821
877821
877821
877821
877821
877821
877821
877821
877821
877821
877821
877821
877821
877821
877821
877821
877821
877821
877821
877821
877821
411497
637723
754437
816936
849408
861971
865664
866352
866407
866407
866407
866407
866407
866407
866407
866407
866407
866407
866407
866407
866407
866407
866407
866407
866407
866407
866407
866407
866407
866407
866407
866407
866407
866407
866407
866407
866407
866407
866407
866407
414769
648159
769134
833597
867459
881563
885389
885844
885844
885844
885844
885844
885844
885844
885844
885844
885844
885844
885844
885844
885844
885844
885844
885844
885844
885844
885844
885844
885844
885844
885844
885844
885844
885844
885844
885844
885844
885844
885844
885844
408703
630774
745323
806389
837897
849895
853018
853657
853709
853709
853709
853709
853709
853709
853709
853709
853709
853709
853709
853709
853709
853709
853709
853709
853709
853709
853709
853709
853709
853709
853709
853709
853709
853709
853709
853709
853709
853709
853709
853709
410638
633947
749566
811047
842071
853902
856773
857298
857442
857510
857510
857510
857510
857510
857510
857510
857510
857510
857510
857510
857510
857510
857510
857510
857510
857510
857510
857510
857510
857510
857510
857510
857510
857510
857510
857510
857510
857510
857510
857510
408354
629688
743997
803956
833498
845822
848808
849297
849563
849625
849666
849666
849666
849666
849666
849666
849666
849666
849666
849666
849666
849666
849666
849666
849666
849666
849666
849666
849666
849666
849666
849666
849666
849666
849666
849666
849666
849666
849666
849666
410080
634067
748595
810195
841036
852608
855255
855407
855407
855407
855407
855407
855407
855407
855407
855407
855407
855407
855407
855407
855407
855407
855407
855407
855407
855407
855407
855407
855407
855407
855407
855407
855407
855407
855407
855407
855407
855407
855407
855407
414092
644304
761894
825300
856754
869354
872533
873085
873085
873085
873085
873085
873085
873085
873085
873085
873085
873085
873085
873085
873085
873085
873085
873085
873085
873085
873085
873085
873085
873085
873085
873085
873085
873085
873085
873085
873085
873085
873085
873085
415535
648262
767809
831522
863068
876713
880012
880535
880721
880769
880769
880769
880769
880769
880769
880769
880769
880769
880769
880769
880769
880769
880769
880769
880769
880769
880769
880769
880769
880769
880769
880769
880769
880769
880769
880769
880769
880769
880769
880769
410154
633585
748644
811130
842810
855564
858413
858860
858860
858860
858860
858860
858860
858860
858860
858860
858860
858860
858860
858860
858860
858860
858860
858860
858860
858860
858860
858860
858860
858860
858860
858860
858860
858860
858860
858860
858860
858860
858860
858860
413905
642274
762172
826168
859734
873512
877228
878124
878159
878159
878159
878159
878159
878159
878159
878159
878159
878159
878159
878159
878159
878159
878159
878159
878159
878159
878159
878159
878159
878159
878159
878159
878159
878159
878159
878159
878159
878159
878159
878159
410801
636291
751896
814112
846214
859065
862533
863539
863586
863586
863586
863586
863586
863586
863586
863586
863586
863586
863586
863586
863586
863586
863586
863586
863586
863586
863586
863586
863586
863586
863586
863586
863586
863586
863586
863586
863586
863586
863586
863586
413165
642455
760538
823801
856278
869529
873147
873538
873657
873657
873657
873657
873657
873657
873657
873657
873657
873657
873657
873657
873657
873657
873657
873657
873657
873657
873657
873657
873657
873657
873657
873657
873657
873657
873657
873657
873657
873657
873657
873657
412025
639459
757525
820349
851651
864825
867614
868178
868317
868317
868317
868317
868317
868317
868317
868317
868317
868317
868317
868317
868317
868317
868317
868317
868317
868317
868317
868317
868317
868317
868317
868317
868317
868317
868317
868317
868317
868317
868317
868317
411529
637505
753932
816116
848064
860755
864471
865040
865096
865096
865096
865096
865096
865096
865096
865096
865096
865096
865096
865096
865096
865096
865096
865096
865096
865096
865096
865096
865096
865096
865096
865096
865096
865096
865096
865096
865096
865096
865096
865096
413775
644361
763555
826887
858308
871337
874301
874590
874639
874639
874639
874639
874639
874639
874639
874639
874639
874639
874639
874639
874639
874639
874639
874639
874639
874639
874639
874639
874639
874639
874639
874639
874639
874639
874639
874639
874639
874639
874639
874639
411835
637573
753820
815532
845961
857894
860942
861313
861377
861433
861433
861433
861433
861433
861433
861433
861433
861433
861433
861433
861433
861433
861433
861433
861433
861433
861433
861433
861433
861433
861433
861433
861433
861433
861433
861433
861433
861433
861433
861433
416382
650145
770597
835604
869407
882806
886413
886826
886980
886980
886980
886980
886980
886980
886980
886980
886980
886980
886980
886980
886980
886980
886980
886980
886980
886980
886980
886980
886980
886980
886980
886980
886980
886980
886980
886980
886980
886980
886980
886980
407514
627438
740519
801851
832729
844762
848366
849040
849040
849040
849040
849040
849040
849040
849040
849040
849040
849040
849040
849040
849040
849040
849040
849040
849040
849040
849040
849040
849040
849040
849040
849040
849040
849040
849040
849040
849040
849040
849040
849040
410179
633281
748818
810777
842160
854960
857622
857855
857855
857855
857855
857855
857855
857855
857855
857855
857855
857855
857855
857855
857855
857855
857855
857855
857855
857855
857855
857855
857855
857855
857855
857855
857855
857855
857855
857855
857855
857855
857855
857855
412829
642418
762550
827654
861595
874886
878458
878966
879080
879080
879080
879080
879080
879080
879080
879080
879080
879080
879080
879080
879080
879080
879080
879080
879080
879080
879080
879080
879080
879080
879080
879080
879080
879080
879080
879080
879080
879080
879080
879080
409829
632999
746391
806957
837730
849470
852783
853286
853301
853318
853318
853318
853318
853318
853318
853318
853318
853318
853318
853318
853318
853318
853318
853318
853318
853318
853318
853318
853318
853318
853318
853318
853318
853318
853318
853318
853318
853318
853318
853318
410658
634660
751957
814841
847570
860627
864205
864792
864919
864919
864919
864919
864919
864919
864919
864919
864919
864919
864919
864919
864919
864919
864919
864919
864919
864919
864919
864919
864919
864919
864919
864919
864919
864919
864919
864919
864919
864919
864919
864919
411958
636912
752993
815377
845901
857562
860840
861505
861525
861525
861525
861525
861525
861525
861525
861525
861525
861525
861525
861525
861525
861525
861525
861525
861525
861525
861525
861525
861525
861525
861525
861525
861525
861525
861525
861525
861525
861525
861525
861525
412500
640224
757918
820877
852572
865791
869074
869447
869504
869504
869504
869504
869504
869504
869504
869504
869504
869504
869504
869504
869504
869504
869504
869504
869504
869504
869504
869504
869504
869504
869504
869504
869504
869504
869504
869504
869504
869504
869504
869504
413483
642338
761211
824390
856899
870114
873805
874517
874517
874517
874517
874517
874517
874517
874517
874517
874517
874517
874517
874517
874517
874517
874517
874517
874517
874517
874517
874517
874517
874517
874517
874517
874517
874517
874517
874517
874517
874517
874517
874517
410774
635188
751202
812928
843907
855190
858074
858359
858384
858384
858384
858384
858384
858384
858384
858384
858384
858384
858384
858384
858384
858384
858384
858384
858384
858384
858384
858384
858384
858384
858384
858384
858384
858384
858384
858384
858384
858384
858384
858384
412873
643373
762776
826765
860264
873534
876784
877335
877424
877424
877424
877424
877424
877424
877424
877424
877424
877424
877424
877424
877424
877424
877424
877424
877424
877424
877424
877424
877424
877424
877424
877424
877424
877424
877424
877424
877424
877424
877424
877424
409933
632334
746313
806904
836410
848134
850912
851440
851470
851470
851470
851470
851470
851470
851470
851470
851470
851470
851470
851470
851470
851470
851470
851470
851470
851470
851470
851470
851470
851470
851470
851470
851470
851470
851470
851470
851470
851470
851470
851470
413978
644841
763578
827892
860906
873720
877094
877662
877684
877684
877684
877684
877684
877684
877684
877684
877684
877684
877684
877684
877684
877684
877684
877684
877684
877684
877684
877684
877684
877684
877684
877684
877684
877684
877684
877684
877684
877684
877684
877684
408688
627936
739476
798612
827762
838535
840759
840979
840993
840993
840993
840993
840993
840993
840993
840993
840993
840993
840993
840993
840993
840993
840993
840993
840993
840993
840993
840993
840993
840993
840993
840993
840993
840993
840993
840993
840993
840993
840993
840993
411104
634467
748652
810217
840159
852306
855478
856146
856209
856252
856252
856252
856252
856252
856252
856252
856252
856252
856252
856252
856252
856252
856252
856252
856252
856252
856252
856252
856252
856252
856252
856252
856252
856252
856252
856252
856252
856252
856252
856252
408186
629333
743378
803722
834812
846982
849982
850538
850540
850541
850541
850541
850541
850541
850541
850541
850541
850541
850541
850541
850541
850541
850541
850541
850541
850541
850541
850541
850541
850541
850541
850541
850541
850541
850541
850541
850541
850541
850541
850541
413507
643847
764463
829523
862291
875028
879141
879911
880134
880134
880134
880134
880134
880134
880134
880134
880134
880134
880134
880134
880134
880134
880134
880134
880134
880134
880134
880134
880134
880134
880134
880134
880134
880134
880134
880134
880134
880134
880134
880134
416468
651541
773794
839099
873080
886192
889572
890243
890295
890346
890346
890346
890346
890346
890346
890346
890346
890346
890346
890346
890346
890346
890346
890346
890346
890346
890346
890346
890346
890346
890346
890346
890346
890346
890346
890346
890346
890346
890346
890346
411347
639713
756993
819816
851868
864298
867449
867986
868059
868093
868093
868093
868093
868093
868093
868093
868093
868093
868093
868093
868093
868093
868093
868093
868093
868093
868093
868093
868093
868093
868093
868093
868093
868093
868093
868093
868093
868093
868093
868093
412327
640138
758834
821505
853419
865496
868629
868936
869009
869009
869009
869009
869009
869009
869009
869009
869009
869009
869009
869009
869009
869009
869009
869009
869009
869009
869009
869009
869009
869009
869009
869009
869009
869009
869009
869009
869009
869009
869009
869009
418454
655237
779556
847239
882072
895490
899318
900041
900108
900108
900108
900108
900108
900108
900108
900108
900108
900108
900108
900108
900108
900108
900108
900108
900108
900108
900108
900108
900108
900108
900108
900108
900108
900108
900108
900108
900108
900108
900108
900108
415389
649369
770812
835970
868814
881821
885079
885787
885888
885888
885888
885888
885888
885888
885888
885888
885888
885888
885888
885888
885888
885888
885888
885888
885888
885888
885888
885888
885888
885888
885888
885888
885888
885888
885888
885888
885888
885888
885888
885888
413151
642843
762723
826744
859407
873173
876366
876979
876979
876979
876979
876979
876979
876979
876979
876979
876979
876979
876979
876979
876979
876979
876979
876979
876979
876979
876979
876979
876979
876979
876979
876979
876979
876979
876979
876979
876979
876979
876979
876979
410676
636499
752309
813368
843566
855430
858745
858914
858943
858943
858943
858943
858943
858943
858943
858943
858943
858943
858943
858943
858943
858943
858943
858943
858943
858943
858943
858943
858943
858943
858943
858943
858943
858943
858943
858943
858943
858943
858943
858943
412657
639403
757179
820595
853369
866719
870362
871017
871137
871137
871137
871137
871137
871137
871137
871137
871137
871137
871137
871137
871137
871137
871137
871137
871137
871137
871137
871137
871137
871137
871137
871137
871137
871137
871137
871137
871137
871137
871137
871137
408611
629424
742834
803606
834290
846052
848979
849565
849566
849567
849567
849567
849567
849567
849567
849567
849567
849567
849567
849567
849567
849567
849567
849567
849567
849567
849567
849567
849567
849567
849567
849567
849567
849567
849567
849567
849567
849567
849567
849567
411950
638880
756657
819830
851318
864333
867966
868871
868876
868876
868876
868876
868876
868876
868876
868876
868876
868876
868876
868876
868876
868876
868876
868876
868876
868876
868876
868876
868876
868876
868876
868876
868876
868876
868876
868876
868876
868876
868876
868876
407741
629125
742053
801831
831917
843996
847813
848423
848474
848474
848474
848474
848474
848474
848474
848474
848474
848474
848474
848474
848474
848474
848474
848474
848474
848474
848474
848474
848474
848474
848474
848474
848474
848474
848474
848474
848474
848474
848474
848474
413099
639176
755169
817283
848709
861240
864324
864923
864923
864923
864923
864923
864923
864923
864923
864923
864923
864923
864923
864923
864923
864923
864923
864923
864923
864923
864923
864923
864923
864923
864923
864923
864923
864923
864923
864923
864923
864923
864923
864923
406876
625486
737166
797185
827996
838787
840997
841253
841253
841253
841253
841253
841253
841253
841253
841253
841253
841253
841253
841253
841253
841253
841253
841253
841253
841253
841253
841253
841253
841253
841253
841253
841253
841253
841253
841253
841253
841253
841253
841253
408396
628149
740419
800423
830196
842139
845472
846427
846443
846462
846462
846462
846462
846462
846462
846462
846462
846462
846462
846462
846462
846462
846462
846462
846462
846462
846462
846462
846462
846462
846462
846462
846462
846462
846462
846462
846462
846462
846462
846462
415520
647760
769150
833299
866130
879050
882594
883195
883327
883327
883327
883327
883327
883327
883327
883327
883327
883327
883327
883327
883327
883327
883327
883327
883327
883327
883327
883327
883327
883327
883327
883327
883327
883327
883327
883327
883327
883327
883327
883327
411790
639762
756807
819936
851763
864726
868687
869458
869459
869459
869459
869459
869459
869459
869459
869459
869459
869459
869459
869459
869459
869459
869459
869459
869459
869459
869459
869459
869459
869459
869459
869459
869459
869459
869459
869459
869459
869459
869459
869459
408996
630503
743820
804418
835293
847290
850165
850387
850413
850413
850413
850413
850413
850413
850413
850413
850413
850413
850413
850413
850413
850413
850413
850413
850413
850413
850413
850413
850413
850413
850413
850413
850413
850413
850413
850413
850413
850413
850413
850413
413024
642312
760283
823197
855223
867733
870863
871224
871278
871278
871278
871278
871278
871278
871278
871278
871278
871278
871278
871278
871278
871278
871278
871278
871278
871278
871278
871278
871278
871278
871278
871278
871278
871278
871278
871278
871278
871278
871278
871278
410951
634318
749681
810171
840645
852734
855890
856508
856608
856608
856608
856608
856608
856608
856608
856608
856608
856608
856608
856608
856608
856608
856608
856608
856608
856608
856608
856608
856608
856608
856608
856608
856608
856608
856608
856608
856608
856608
856608
856608
415066
647844
767270
830487
862370
875134
878126
878774
878857
878857
878857
878857
878857
878857
878857
878857
878857
878857
878857
878857
878857
878857
878857
878857
878857
878857
878857
878857
878857
878857
878857
878857
878857
878857
878857
878857
878857
878857
878857
878857
412804
641119
759603
822188
855219
867611
870655
871096
871141
871141
871141
871141
871141
871141
871141
871141
871141
871141
871141
871141
871141
871141
871141
871141
871141
871141
871141
871141
871141
871141
871141
871141
871141
871141
871141
871141
871141
871141
871141
871141
408137
629144
743389
804228
834487
845907
848762
849128
849233
849233
849233
849233
849233
849233
849233
849233
849233
849233
849233
849233
849233
849233
849233
849233
849233
849233
849233
849233
849233
849233
849233
849233
849233
849233
849233
849233
849233
849233
849233
849233
413048
642005
760940
824001
856368
869001
872131
872856
872985
873083
873083
873083
873083
873083
873083
873083
873083
873083
873083
873083
873083
873083
873083
873083
873083
873083
873083
873083
873083
873083
873083
873083
873083
873083
873083
873083
873083
873083
873083
873083
412296
639788
757603
820883
852146
864452
867470
867827
867889
867889
867889
867889
867889
867889
867889
867889
867889
867889
867889
867889
867889
867889
867889
867889
867889
867889
867889
867889
867889
867889
867889
867889
867889
867889
867889
867889
867889
867889
867889
867889
408805
630064
743863
805272
836198
848196
851114
851597
851648
851648
851648
851648
851648
851648
851648
851648
851648
851648
851648
851648
851648
851648
851648
851648
851648
851648
851648
851648
851648
851648
851648
851648
851648
851648
851648
851648
851648
851648
851648
851648
411110
638024
754759
816074
846509
857892
861119
861404
861404
861404
861404
861404
861404
861404
861404
861404
861404
861404
861404
861404
861404
861404
861404
861404
861404
861404
861404
861404
861404
861404
861404
861404
861404
861404
861404
861404
861404
861404
861404
861404
413818
640742
758217
820963
851618
862761
865161
865476
865539
865539
865539
865539
865539
865539
865539
865539
865539
865539
865539
865539
865539
865539
865539
865539
865539
865539
865539
865539
865539
865539
865539
865539
865539
865539
865539
865539
865539
865539
865539
865539
412807
639908
756881
818159
849996
862330
864643
865062
865062
865062
865062
865062
865062
865062
865062
865062
865062
865062
865062
865062
865062
865062
865062
865062
865062
865062
865062
865062
865062
865062
865062
865062
865062
865062
865062
865062
865062
865062
865062
865062
414529
646119
766987
830787
863246
876347
879775
880160
880160
880160
880160
880160
880160
880160
880160
880160
880160
880160
880160
880160
880160
880160
880160
880160
880160
880160
880160
880160
880160
880160
880160
880160
880160
880160
880160
880160
880160
880160
880160
880160
415084
647048
766718
830702
863194
875717
879277
879782
879827
879833
879833
879833
879833
879833
879833
879833
879833
879833
879833
879833
879833
879833
879833
879833
879833
879833
879833
879833
879833
879833
879833
879833
879833
879833
879833
879833
879833
879833
879833
879833
411767
638455
754633
816848
848365
861443
864775
865826
865960
866095
866181
866181
866181
866181
866181
866181
866181
866181
866181
866181
866181
866181
866181
866181
866181
866181
866181
866181
866181
866181
866181
866181
866181
866181
866181
866181
866181
866181
866181
866181
413279
643244
761421
824089
856370
869222
872827
873239
873239
873239
873239
873239
873239
873239
873239
873239
873239
873239
873239
873239
873239
873239
873239
873239
873239
873239
873239
873239
873239
873239
873239
873239
873239
873239
873239
873239
873239
873239
873239
873239
411668
638231
754538
815746
845565
857423
860884
861375
861424
861424
861424
861424
861424
861424
861424
861424
861424
861424
861424
861424
861424
861424
861424
861424
861424
861424
861424
861424
861424
861424
861424
861424
861424
861424
861424
861424
861424
861424
861424
861424
418613
655807
780240
847826
883552
898927
903812
904596
904813
904888
904888
904888
904888
904888
904888
904888
904888
904888
904888
904888
904888
904888
904888
904888
904888
904888
904888
904888
904888
904888
904888
904888
904888
904888
904888
904888
904888
904888
904888
904888
412991
640545
757892
821657
852992
864647
867412
867951
867951
867951
867951
867951
867951
867951
867951
867951
867951
867951
867951
867951
867951
867951
867951
867951
867951
867951
867951
867951
867951
867951
867951
867951
867951
867951
867951
867951
867951
867951
867951
867951
407562
625108
735627
794809
824752
837565
841284
842276
842461
842461
842461
842461
842461
842461
842461
842461
842461
842461
842461
842461
842461
842461
842461
842461
842461
842461
842461
842461
842461
842461
842461
842461
842461
842461
842461
842461
842461
842461
842461
842461
407891
628178
739409
797692
826461
837285
840579
841257
841437
841437
841437
841437
841437
841437
841437
841437
841437
841437
841437
841437
841437
841437
841437
841437
841437
841437
841437
841437
841437
841437
841437
841437
841437
841437
841437
841437
841437
841437
841437
841437
