412435.0
492697.0
545680.0
574025.0
585660.0
589430.0
590248.0
590392.0
590432.0
590445.0
590445.0
590445.0
590445.0
590445.0
590445.0
590445.0
590445.0
590445.0
590445.0
590445.0
590445.0
590445.0
590445.0
590445.0
590445.0
590445.0
590445.0
590445.0
590445.0
590445.0
590445.0
590445.0
590445.0
590445.0
590445.0
590445.0
590445.0
590445.0
590445.0
590445.0
412880.0
492552.0
544560.0
572818.0
584870.0
588495.0
589359.0
589450.0
589450.0
589450.0
589450.0
589450.0
589450.0
589450.0
589450.0
589450.0
589450.0
589450.0
589450.0
589450.0
589450.0
589450.0
589450.0
589450.0
589450.0
589450.0
589450.0
589450.0
589450.0
589450.0
589450.0
589450.0
589450.0
589450.0
589450.0
589450.0
589450.0
589450.0
589450.0
589450.0
413280.0
494694.0
548331.0
576846.0
588282.0
592088.0
592981.0
593097.0
593097.0
593097.0
593097.0
593097.0
593097.0
593097.0
593097.0
593097.0
593097.0
593097.0
593097.0
593097.0
593097.0
593097.0
593097.0
593097.0
593097.0
593097.0
593097.0
593097.0
593097.0
593097.0
593097.0
593097.0
593097.0
593097.0
593097.0
593097.0
593097.0
593097.0
593097.0
593097.0
415387.0
496821.0
550366.0
578800.0
591157.0
595154.0
596086.0
596345.0
596337.0
596337.0
596337.0
596337.0
596337.0
596337.0
596337.0
596337.0
596337.0
596337.0
596337.0
596337.0
596337.0
596337.0
596337.0
596337.0
596337.0
596337.0
596337.0
596337.0
596337.0
596337.0
596337.0
596337.0
596337.0
596337.0
596337.0
596337.0
596337.0
596337.0
596337.0
596337.0
413333.0
494861.0
548281.0
576907.0
589241.0
593121.0
594142.0
594268.0
594280.0
594280.0
594280.0
594280.0
594280.0
594280.0
594280.0
594280.0
594280.0
594280.0
594280.0
594280.0
594280.0
594280.0
594280.0
594280.0
594280.0
594280.0
594280.0
594280.0
594280.0
594280.0
594280.0
594280.0
594280.0
594280.0
594280.0
594280.0
594280.0
594280.0
594280.0
594280.0
407545.0
484462.0
534025.0
560445.0
571182.0
574247.0
575132.0
575256.0
575257.0
575257.0
575257.0
575257.0
575257.0
575257.0
575257.0
575257.0
575257.0
575257.0
575257.0
575257.0
575257.0
575257.0
575257.0
575257.0
575257.0
575257.0
575257.0
575257.0
575257.0
575257.0
575257.0
575257.0
575257.0
575257.0
575257.0
575257.0
575257.0
575257.0
575257.0
575257.0
412320.0
490814.0
543638.0
571971.0
583438.0
587230.0
588173.0
588351.0
588403.0
588403.0
588403.0
588403.0
588403.0
588403.0
588403.0
588403.0
588403.0
588403.0
588403.0
588403.0
588403.0
588403.0
588403.0
588403.0
588403.0
588403.0
588403.0
588403.0
588403.0
588403.0
588403.0
588403.0
588403.0
588403.0
588403.0
588403.0
588403.0
588403.0
588403.0
588403.0
405169.0
480731.0
529907.0
556657.0
567694.0
571134.0
571993.0
572069.0
572069.0
572069.0
572069.0
572069.0
572069.0
572069.0
572069.0
572069.0
572069.0
572069.0
572069.0
572069.0
572069.0
572069.0
572069.0
572069.0
572069.0
572069.0
572069.0
572069.0
572069.0
572069.0
572069.0
572069.0
572069.0
572069.0
572069.0
572069.0
572069.0
572069.0
572069.0
572069.0
410730.0
488846.0
540389.0
567968.0
579715.0
583412.0
584410.0
584533.0
584569.0
584569.0
584569.0
584569.0
584569.0
584569.0
584569.0
584569.0
584569.0
584569.0
584569.0
584569.0
584569.0
584569.0
584569.0
584569.0
584569.0
584569.0
584569.0
584569.0
584569.0
584569.0
584569.0
584569.0
584569.0
584569.0
584569.0
584569.0
584569.0
584569.0
584569.0
584569.0
413465.0
494349.0
548258.0
578196.0
591294.0
595548.0
596399.0
596537.0
596555.0
596555.0
596555.0
596555.0
596555.0
596555.0
596555.0
596555.0
596555.0
596555.0
596555.0
596555.0
596555.0
596555.0
596555.0
596555.0
596555.0
596555.0
596555.0
596555.0
596555.0
596555.0
596555.0
596555.0
596555.0
596555.0
596555.0
596555.0
596555.0
596555.0
596555.0
596555.0
408307.0
485697.0
537577.0
564365.0
575826.0
579294.0
580188.0
580323.0
580384.0
580384.0
580384.0
580384.0
580384.0
580384.0
580384.0
580384.0
580384.0
580384.0
580384.0
580384.0
580384.0
580384.0
580384.0
580384.0
580384.0
580384.0
580384.0
580384.0
580384.0
580384.0
580384.0
580384.0
580384.0
580384.0
580384.0
580384.0
580384.0
580384.0
580384.0
580384.0
414254.0
494822.0
547707.0
576881.0
589201.0
593505.0
594436.0
594618.0
594648.0
594648.0
594648.0
594648.0
594648.0
594648.0
594648.0
594648.0
594648.0
594648.0
594648.0
594648.0
594648.0
594648.0
594648.0
594648.0
594648.0
594648.0
594648.0
594648.0
594648.0
594648.0
594648.0
594648.0
594648.0
594648.0
594648.0
594648.0
594648.0
594648.0
594648.0
594648.0
412559.0
492973.0
546261.0
574182.0
586098.0
590198.0
591158.0
591358.0
591393.0
591393.0
591393.0
591393.0
591393.0
591393.0
591393.0
591393.0
591393.0
591393.0
591393.0
591393.0
591393.0
591393.0
591393.0
591393.0
591393.0
591393.0
591393.0
591393.0
591393.0
591393.0
591393.0
591393.0
591393.0
591393.0
591393.0
591393.0
591393.0
591393.0
591393.0
591393.0
412453.0
493371.0
545450.0
573401.0
585746.0
589892.0
590843.0
591027.0
591062.0
591062.0
591062.0
591062.0
591062.0
591062.0
591062.0
591062.0
591062.0
591062.0
591062.0
591062.0
591062.0
591062.0
591062.0
591062.0
591062.0
591062.0
591062.0
591062.0
591062.0
591062.0
591062.0
591062.0
591062.0
591062.0
591062.0
591062.0
591062.0
591062.0
591062.0
591062.0
416126.0
500134.0
555157.0
583786.0
595635.0
599605.0
600588.0
600893.0
600914.0
600914.0
600914.0
600914.0
600914.0
600914.0
600914.0
600914.0
600914.0
600914.0
600914.0
600914.0
600914.0
600914.0
600914.0
600914.0
600914.0
600914.0
600914.0
600914.0
600914.0
600914.0
600914.0
600914.0
600914.0
600914.0
600914.0
600914.0
600914.0
600914.0
600914.0
600914.0
416996.0
500170.0
555885.0
585524.0
598168.0
602478.0
603587.0
603803.0
603852.0
603852.0
603852.0
603852.0
603852.0
603852.0
603852.0
603852.0
603852.0
603852.0
603852.0
603852.0
603852.0
603852.0
603852.0
603852.0
603852.0
603852.0
603852.0
603852.0
603852.0
603852.0
603852.0
603852.0
603852.0
603852.0
603852.0
603852.0
603852.0
603852.0
603852.0
603852.0
418431.0
501580.0
556980.0
586305.0
599097.0
603189.0
604209.0
604417.0
604454.0
604477.0
604477.0
604477.0
604477.0
604477.0
604477.0
604477.0
604477.0
604477.0
604477.0
604477.0
604477.0
604477.0
604477.0
604477.0
604477.0
604477.0
604477.0
604477.0
604477.0
604477.0
604477.0
604477.0
604477.0
604477.0
604477.0
604477.0
604477.0
604477.0
604477.0
604477.0
413879.0
494339.0
547949.0
577192.0
589973.0
593906.0
595001.0
595171.0
595193.0
595193.0
595193.0
595193.0
595193.0
595193.0
595193.0
595193.0
595193.0
595193.0
595193.0
595193.0
595193.0
595193.0
595193.0
595193.0
595193.0
595193.0
595193.0
595193.0
595193.0
595193.0
595193.0
595193.0
595193.0
595193.0
595193.0
595193.0
595193.0
595193.0
595193.0
595193.0
410266.0
489518.0
541171.0
568248.0
579979.0
583365.0
584250.0
584383.0
584379.0
584379.0
584379.0
584379.0
584379.0
584379.0
584379.0
584379.0
584379.0
584379.0
584379.0
584379.0
584379.0
584379.0
584379.0
584379.0
584379.0
584379.0
584379.0
584379.0
584379.0
584379.0
584379.0
584379.0
584379.0
584379.0
584379.0
584379.0
584379.0
584379.0
584379.0
584379.0
411508.0
491532.0
544272.0
572250.0
584208.0
587980.0
588834.0
588995.0
589009.0
589050.0
589050.0
589050.0
589050.0
589050.0
589050.0
589050.0
589050.0
589050.0
589050.0
589050.0
589050.0
589050.0
589050.0
589050.0
589050.0
589050.0
589050.0
589050.0
589050.0
589050.0
589050.0
589050.0
589050.0
589050.0
589050.0
589050.0
589050.0
589050.0
589050.0
589050.0
410971.0
490287.0
541456.0
568574.0
580247.0
583957.0
585040.0
585221.0
585253.0
585253.0
585253.0
585253.0
585253.0
585253.0
585253.0
585253.0
585253.0
585253.0
585253.0
585253.0
585253.0
585253.0
585253.0
585253.0
585253.0
585253.0
585253.0
585253.0
585253.0
585253.0
585253.0
585253.0
585253.0
585253.0
585253.0
585253.0
585253.0
585253.0
585253.0
585253.0
413704.0
493640.0
546499.0
575142.0
587797.0
591793.0
592700.0
592865.0
592865.0
592865.0
592865.0
592865.0
592865.0
592865.0
592865.0
592865.0
592865.0
592865.0
592865.0
592865.0
592865.0
592865.0
592865.0
592865.0
592865.0
592865.0
592865.0
592865.0
592865.0
592865.0
592865.0
592865.0
592865.0
592865.0
592865.0
592865.0
592865.0
592865.0
592865.0
592865.0
414154.0
495498.0
547689.0
575882.0
587848.0
591834.0
592628.0
592713.0
592740.0
592766.0
592766.0
592766.0
592766.0
592766.0
592766.0
592766.0
592766.0
592766.0
592766.0
592766.0
592766.0
592766.0
592766.0
592766.0
592766.0
592766.0
592766.0
592766.0
592766.0
592766.0
592766.0
592766.0
592766.0
592766.0
592766.0
592766.0
592766.0
592766.0
592766.0
592766.0
411662.0
490485.0
543522.0
572286.0
584405.0
588289.0
589101.0
589370.0
589407.0
589407.0
589407.0
589407.0
589407.0
589407.0
589407.0
589407.0
589407.0
589407.0
589407.0
589407.0
589407.0
589407.0
589407.0
589407.0
589407.0
589407.0
589407.0
589407.0
589407.0
589407.0
589407.0
589407.0
589407.0
589407.0
589407.0
589407.0
589407.0
589407.0
589407.0
589407.0
410501.0
490408.0
541145.0
568863.0
580504.0
583578.0
584153.0
584264.0
584285.0
584285.0
584285.0
584285.0
584285.0
584285.0
584285.0
584285.0
584285.0
584285.0
584285.0
584285.0
584285.0
584285.0
584285.0
584285.0
584285.0
584285.0
584285.0
584285.0
584285.0
584285.0
584285.0
584285.0
584285.0
584285.0
584285.0
584285.0
584285.0
584285.0
584285.0
584285.0
412122.0
492911.0
545077.0
572143.0
582628.0
585907.0
586552.0
586636.0
586644.0
586644.0
586644.0
586644.0
586644.0
586644.0
586644.0
586644.0
586644.0
586644.0
586644.0
586644.0
586644.0
586644.0
586644.0
586644.0
586644.0
586644.0
586644.0
586644.0
586644.0
586644.0
586644.0
586644.0
586644.0
586644.0
586644.0
586644.0
586644.0
586644.0
586644.0
586644.0
414997.0
497091.0
550490.0
579026.0
591622.0
595590.0
596582.0
596835.0
596863.0
596863.0
596863.0
596863.0
596863.0
596863.0
596863.0
596863.0
596863.0
596863.0
596863.0
596863.0
596863.0
596863.0
596863.0
596863.0
596863.0
596863.0
596863.0
596863.0
596863.0
596863.0
596863.0
596863.0
596863.0
596863.0
596863.0
596863.0
596863.0
596863.0
596863.0
596863.0
410812.0
491044.0
541976.0
568869.0
580543.0
583894.0
584581.0
584694.0
584694.0
584694.0
584694.0
584694.0
584694.0
584694.0
584694.0
584694.0
584694.0
584694.0
584694.0
584694.0
584694.0
584694.0
584694.0
584694.0
584694.0
584694.0
584694.0
584694.0
584694.0
584694.0
584694.0
584694.0
584694.0
584694.0
584694.0
584694.0
584694.0
584694.0
584694.0
584694.0
412711.0
493587.0
547299.0
575051.0
586771.0
590433.0
591211.0
591330.0
591330.0
591330.0
591330.0
591330.0
591330.0
591330.0
591330.0
591330.0
591330.0
591330.0
591330.0
591330.0
591330.0
591330.0
591330.0
591330.0
591330.0
591330.0
591330.0
591330.0
591330.0
591330.0
591330.0
591330.0
591330.0
591330.0
591330.0
591330.0
591330.0
591330.0
591330.0
591330.0
411311.0
491937.0
543372.0
571260.0
583000.0
586874.0
587776.0
587884.0
587884.0
587884.0
587884.0
587884.0
587884.0
587884.0
587884.0
587884.0
587884.0
587884.0
587884.0
587884.0
587884.0
587884.0
587884.0
587884.0
587884.0
587884.0
587884.0
587884.0
587884.0
587884.0
587884.0
587884.0
587884.0
587884.0
587884.0
587884.0
587884.0
587884.0
587884.0
587884.0
415196.0
497459.0
551824.0
582065.0
595833.0
600567.0
601684.0
601900.0
601960.0
601960.0
601960.0
601960.0
601960.0
601960.0
601960.0
601960.0
601960.0
601960.0
601960.0
601960.0
601960.0
601960.0
601960.0
601960.0
601960.0
601960.0
601960.0
601960.0
601960.0
601960.0
601960.0
601960.0
601960.0
601960.0
601960.0
601960.0
601960.0
601960.0
601960.0
601960.0
409020.0
488012.0
538616.0
565019.0
576264.0
579555.0
580257.0
580406.0
580408.0
580408.0
580408.0
580408.0
580408.0
580408.0
580408.0
580408.0
580408.0
580408.0
580408.0
580408.0
580408.0
580408.0
580408.0
580408.0
580408.0
580408.0
580408.0
580408.0
580408.0
580408.0
580408.0
580408.0
580408.0
580408.0
580408.0
580408.0
580408.0
580408.0
580408.0
580408.0
411660.0
490129.0
541093.0
568618.0
579564.0
583068.0
583813.0
583892.0
583954.0
583954.0
583954.0
583954.0
583954.0
583954.0
583954.0
583954.0
583954.0
583954.0
583954.0
583954.0
583954.0
583954.0
583954.0
583954.0
583954.0
583954.0
583954.0
583954.0
583954.0
583954.0
583954.0
583954.0
583954.0
583954.0
583954.0
583954.0
583954.0
583954.0
583954.0
583954.0
410815.0
489469.0
542219.0
570998.0
582952.0
587171.0
588286.0
588442.0
588459.0
588459.0
588459.0
588459.0
588459.0
588459.0
588459.0
588459.0
588459.0
588459.0
588459.0
588459.0
588459.0
588459.0
588459.0
588459.0
588459.0
588459.0
588459.0
588459.0
588459.0
588459.0
588459.0
588459.0
588459.0
588459.0
588459.0
588459.0
588459.0
588459.0
588459.0
588459.0
407233.0
483938.0
534210.0
560260.0
570054.0
573087.0
573585.0
573662.0
573680.0
573680.0
573680.0
573680.0
573680.0
573680.0
573680.0
573680.0
573680.0
573680.0
573680.0
573680.0
573680.0
573680.0
573680.0
573680.0
573680.0
573680.0
573680.0
573680.0
573680.0
573680.0
573680.0
573680.0
573680.0
573680.0
573680.0
573680.0
573680.0
573680.0
573680.0
573680.0
410701.0
489886.0
541774.0
568741.0
579828.0
583436.0
584748.0
584892.0
584910.0
584910.0
584910.0
584910.0
584910.0
584910.0
584910.0
584910.0
584910.0
584910.0
584910.0
584910.0
584910.0
584910.0
584910.0
584910.0
584910.0
584910.0
584910.0
584910.0
584910.0
584910.0
584910.0
584910.0
584910.0
584910.0
584910.0
584910.0
584910.0
584910.0
584910.0
584910.0
409066.0
487567.0
539440.0
566672.0
578375.0
582066.0
583220.0
583429.0
583463.0
583463.0
583463.0
583463.0
583463.0
583463.0
583463.0
583463.0
583463.0
583463.0
583463.0
583463.0
583463.0
583463.0
583463.0
583463.0
583463.0
583463.0
583463.0
583463.0
583463.0
583463.0
583463.0
583463.0
583463.0
583463.0
583463.0
583463.0
583463.0
583463.0
583463.0
583463.0
412404.0
492270.0
544249.0
572956.0
584992.0
588950.0
589704.0
589837.0
589843.0
589843.0
589843.0
589843.0
589843.0
589843.0
589843.0
589843.0
589843.0
589843.0
589843.0
589843.0
589843.0
589843.0
589843.0
589843.0
589843.0
589843.0
589843.0
589843.0
589843.0
589843.0
589843.0
589843.0
589843.0
589843.0
589843.0
589843.0
589843.0
589843.0
589843.0
589843.0
408995.0
487246.0
537555.0
565098.0
576154.0
579468.0
580326.0
580431.0
580437.0
580445.0
580445.0
580445.0
580445.0
580445.0
580445.0
580445.0
580445.0
580445.0
580445.0
580445.0
580445.0
580445.0
580445.0
580445.0
580445.0
580445.0
580445.0
580445.0
580445.0
580445.0
580445.0
580445.0
580445.0
580445.0
580445.0
580445.0
580445.0
580445.0
580445.0
580445.0
406869.0
485090.0
535528.0
563142.0
575152.0
578817.0
579928.0
580150.0
580150.0
580150.0
580150.0
580150.0
580150.0
580150.0
580150.0
580150.0
580150.0
580150.0
580150.0
580150.0
580150.0
580150.0
580150.0
580150.0
580150.0
580150.0
580150.0
580150.0
580150.0
580150.0
580150.0
580150.0
580150.0
580150.0
580150.0
580150.0
580150.0
580150.0
580150.0
580150.0
405277.0
480713.0
529733.0
555848.0
566212.0
569119.0
569661.0
569758.0
569759.0
569759.0
569759.0
569759.0
569759.0
569759.0
569759.0
569759.0
569759.0
569759.0
569759.0
569759.0
569759.0
569759.0
569759.0
569759.0
569759.0
569759.0
569759.0
569759.0
569759.0
569759.0
569759.0
569759.0
569759.0
569759.0
569759.0
569759.0
569759.0
569759.0
569759.0
569759.0
412945.0
494177.0
546434.0
574768.0
587251.0
591426.0
592341.0
592424.0
592424.0
592424.0
592424.0
592424.0
592424.0
592424.0
592424.0
592424.0
592424.0
592424.0
592424.0
592424.0
592424.0
592424.0
592424.0
592424.0
592424.0
592424.0
592424.0
592424.0
592424.0
592424.0
592424.0
592424.0
592424.0
592424.0
592424.0
592424.0
592424.0
592424.0
592424.0
592424.0
414674.0
496330.0
549963.0
578910.0
591571.0
595899.0
596956.0
597084.0
597128.0
597135.0
597135.0
597135.0
597135.0
597135.0
597135.0
597135.0
597135.0
597135.0
597135.0
597135.0
597135.0
597135.0
597135.0
597135.0
597135.0
597135.0
597135.0
597135.0
597135.0
597135.0
597135.0
597135.0
597135.0
597135.0
597135.0
597135.0
597135.0
597135.0
597135.0
597135.0
411446.0
490521.0
541272.0
568182.0
578999.0
582840.0
583667.0
583813.0
583843.0
583843.0
583843.0
583843.0
583843.0
583843.0
583843.0
583843.0
583843.0
583843.0
583843.0
583843.0
583843.0
583843.0
583843.0
583843.0
583843.0
583843.0
583843.0
583843.0
583843.0
583843.0
583843.0
583843.0
583843.0
583843.0
583843.0
583843.0
583843.0
583843.0
583843.0
583843.0
408511.0
487027.0
537270.0
564659.0
576515.0
580467.0
581295.0
581429.0
581460.0
581460.0
581460.0
581460.0
581460.0
581460.0
581460.0
581460.0
581460.0
581460.0
581460.0
581460.0
581460.0
581460.0
581460.0
581460.0
581460.0
581460.0
581460.0
581460.0
581460.0
581460.0
581460.0
581460.0
581460.0
581460.0
581460.0
581460.0
581460.0
581460.0
581460.0
581460.0
416326.0
500374.0
555774.0
585693.0
598204.0
602298.0
603380.0
603659.0
603665.0
603665.0
603665.0
603665.0
603665.0
603665.0
603665.0
603665.0
603665.0
603665.0
603665.0
603665.0
603665.0
603665.0
603665.0
603665.0
603665.0
603665.0
603665.0
603665.0
603665.0
603665.0
603665.0
603665.0
603665.0
603665.0
603665.0
603665.0
603665.0
603665.0
603665.0
603665.0
415209.0
497465.0
551858.0
580931.0
593149.0
597024.0
598096.0
598285.0
598322.0
598341.0
598378.0
598378.0
598378.0
598378.0
598378.0
598378.0
598378.0
598378.0
598378.0
598378.0
598378.0
598378.0
598378.0
598378.0
598378.0
598378.0
598378.0
598378.0
598378.0
598378.0
598378.0
598378.0
598378.0
598378.0
598378.0
598378.0
598378.0
598378.0
598378.0
598378.0
408453.0
487248.0
538056.0
564644.0
576165.0
579796.0
580497.0
580714.0
580724.0
580724.0
580724.0
580724.0
580724.0
580724.0
580724.0
580724.0
580724.0
580724.0
580724.0
580724.0
580724.0
580724.0
580724.0
580724.0
580724.0
580724.0
580724.0
580724.0
580724.0
580724.0
580724.0
580724.0
580724.0
580724.0
580724.0
580724.0
580724.0
580724.0
580724.0
580724.0
407714.0
483921.0
534248.0
560521.0
571461.0
574793.0
575648.0
575828.0
575829.0
575829.0
575829.0
575829.0
575829.0
575829.0
575829.0
575829.0
575829.0
575829.0
575829.0
575829.0
575829.0
575829.0
575829.0
575829.0
575829.0
575829.0
575829.0
575829.0
575829.0
575829.0
575829.0
575829.0
575829.0
575829.0
575829.0
575829.0
575829.0
575829.0
575829.0
575829.0
409221.0
487830.0
538845.0
565972.0
577383.0
580924.0
581744.0
581819.0
581831.0
581852.0
581852.0
581852.0
581852.0
581852.0
581852.0
581852.0
581852.0
581852.0
581852.0
581852.0
581852.0
581852.0
581852.0
581852.0
581852.0
581852.0
581852.0
581852.0
581852.0
581852.0
581852.0
581852.0
581852.0
581852.0
581852.0
581852.0
581852.0
581852.0
581852.0
581852.0
413237.0
492885.0
543671.0
570206.0
580714.0
583640.0
584306.0
584448.0
584465.0
584465.0
584465.0
584465.0
584465.0
584465.0
584465.0
584465.0
584465.0
584465.0
584465.0
584465.0
584465.0
584465.0
584465.0
584465.0
584465.0
584465.0
584465.0
584465.0
584465.0
584465.0
584465.0
584465.0
584465.0
584465.0
584465.0
584465.0
584465.0
584465.0
584465.0
584465.0
411763.0
491522.0
544164.0
571949.0
584492.0
589054.0
590229.0
590418.0
590484.0
590533.0
590543.0
590543.0
590543.0
590543.0
590543.0
590543.0
590543.0
590543.0
590543.0
590543.0
590543.0
590543.0
590543.0
590543.0
590543.0
590543.0
590543.0
590543.0
590543.0
590543.0
590543.0
590543.0
590543.0
590543.0
590543.0
590543.0
590543.0
590543.0
590543.0
590543.0
413256.0
494067.0
546742.0
575304.0
587302.0
590832.0
591697.0
591890.0
591892.0
591892.0
591892.0
591892.0
591892.0
591892.0
591892.0
591892.0
591892.0
591892.0
591892.0
591892.0
591892.0
591892.0
591892.0
591892.0
591892.0
591892.0
591892.0
591892.0
591892.0
591892.0
591892.0
591892.0
591892.0
591892.0
591892.0
591892.0
591892.0
591892.0
591892.0
591892.0
410515.0
491133.0
543255.0
570954.0
582583.0
586130.0
587009.0
587129.0
587157.0
587157.0
587157.0
587157.0
587157.0
587157.0
587157.0
587157.0
587157.0
587157.0
587157.0
587157.0
587157.0
587157.0
587157.0
587157.0
587157.0
587157.0
587157.0
587157.0
587157.0
587157.0
587157.0
587157.0
587157.0
587157.0
587157.0
587157.0
587157.0
587157.0
587157.0
587157.0
408365.0
485754.0
537023.0
565852.0
577285.0
581200.0
581911.0
582079.0
582089.0
582089.0
582089.0
582089.0
582089.0
582089.0
582089.0
582089.0
582089.0
582089.0
582089.0
582089.0
582089.0
582089.0
582089.0
582089.0
582089.0
582089.0
582089.0
582089.0
582089.0
582089.0
582089.0
582089.0
582089.0
582089.0
582089.0
582089.0
582089.0
582089.0
582089.0
582089.0
410512.0
489292.0
540407.0
568017.0
579029.0
582462.0
583054.0
583077.0
583077.0
583077.0
583077.0
583077.0
583077.0
583077.0
583077.0
583077.0
583077.0
583077.0
583077.0
583077.0
583077.0
583077.0
583077.0
583077.0
583077.0
583077.0
583077.0
583077.0
583077.0
583077.0
583077.0
583077.0
583077.0
583077.0
583077.0
583077.0
583077.0
583077.0
583077.0
583077.0
413556.0
493811.0
547354.0
575798.0
587713.0
591410.0
592003.0
592109.0
592117.0
592117.0
592117.0
592117.0
592117.0
592117.0
592117.0
592117.0
592117.0
592117.0
592117.0
592117.0
592117.0
592117.0
592117.0
592117.0
592117.0
592117.0
592117.0
592117.0
592117.0
592117.0
592117.0
592117.0
592117.0
592117.0
592117.0
592117.0
592117.0
592117.0
592117.0
592117.0
410023.0
488749.0
540307.0
567331.0
578891.0
582955.0
584020.0
584110.0
584134.0
584134.0
584134.0
584134.0
584134.0
584134.0
584134.0
584134.0
584134.0
584134.0
584134.0
584134.0
584134.0
584134.0
584134.0
584134.0
584134.0
584134.0
584134.0
584134.0
584134.0
584134.0
584134.0
584134.0
584134.0
584134.0
584134.0
584134.0
584134.0
584134.0
584134.0
584134.0
409922.0
489237.0
540520.0
568802.0
580126.0
583715.0
584675.0
584859.0
584876.0
584876.0
584876.0
584876.0
584876.0
584876.0
584876.0
584876.0
584876.0
584876.0
584876.0
584876.0
584876.0
584876.0
584876.0
584876.0
584876.0
584876.0
584876.0
584876.0
584876.0
584876.0
584876.0
584876.0
584876.0
584876.0
584876.0
584876.0
584876.0
584876.0
584876.0
584876.0
407060.0
484398.0
533801.0
560144.0
570907.0
574438.0
575134.0
575350.0
575364.0
575364.0
575364.0
575364.0
575364.0
575364.0
575364.0
575364.0
575364.0
575364.0
575364.0
575364.0
575364.0
575364.0
575364.0
575364.0
575364.0
575364.0
575364.0
575364.0
575364.0
575364.0
575364.0
575364.0
575364.0
575364.0
575364.0
575364.0
575364.0
575364.0
575364.0
575364.0
412732.0
493974.0
547634.0
576409.0
588852.0
593047.0
593828.0
593964.0
593989.0
593989.0
593989.0
593989.0
593989.0
593989.0
593989.0
593989.0
593989.0
593989.0
593989.0
593989.0
593989.0
593989.0
593989.0
593989.0
593989.0
593989.0
593989.0
593989.0
593989.0
593989.0
593989.0
593989.0
593989.0
593989.0
593989.0
593989.0
593989.0
593989.0
593989.0
593989.0
411725.0
491932.0
543616.0
570617.0
581513.0
585116.0
585951.0
586116.0
586168.0
586168.0
586168.0
586168.0
586168.0
586168.0
586168.0
586168.0
586168.0
586168.0
586168.0
586168.0
586168.0
586168.0
586168.0
586168.0
586168.0
586168.0
586168.0
586168.0
586168.0
586168.0
586168.0
586168.0
586168.0
586168.0
586168.0
586168.0
586168.0
586168.0
586168.0
586168.0
416372.0
499465.0
554342.0
584718.0
597855.0
602535.0
603362.0
603481.0
603492.0
603492.0
603492.0
603492.0
603492.0
603492.0
603492.0
603492.0
603492.0
603492.0
603492.0
603492.0
603492.0
603492.0
603492.0
603492.0
603492.0
603492.0
603492.0
603492.0
603492.0
603492.0
603492.0
603492.0
603492.0
603492.0
603492.0
603492.0
603492.0
603492.0
603492.0
603492.0
412993.0
493112.0
545227.0
572621.0
584191.0
588010.0
588930.0
589017.0
589007.0
589007.0
589007.0
589007.0
589007.0
589007.0
589007.0
589007.0
589007.0
589007.0
589007.0
589007.0
589007.0
589007.0
589007.0
589007.0
589007.0
589007.0
589007.0
589007.0
589007.0
589007.0
589007.0
589007.0
589007.0
589007.0
589007.0
589007.0
589007.0
589007.0
589007.0
589007.0
412522.0
492419.0
544723.0
572225.0
583254.0
586499.0
587140.0
587225.0
587225.0
587225.0
587225.0
587225.0
587225.0
587225.0
587225.0
587225.0
587225.0
587225.0
587225.0
587225.0
587225.0
587225.0
587225.0
587225.0
587225.0
587225.0
587225.0
587225.0
587225.0
587225.0
587225.0
587225.0
587225.0
587225.0
587225.0
587225.0
587225.0
587225.0
587225.0
587225.0
416137.0
499078.0
553966.0
583999.0
597301.0
601477.0
602562.0
602771.0
602795.0
602795.0
602795.0
602795.0
602795.0
602795.0
602795.0
602795.0
602795.0
602795.0
602795.0
602795.0
602795.0
602795.0
602795.0
602795.0
602795.0
602795.0
602795.0
602795.0
602795.0
602795.0
602795.0
602795.0
602795.0
602795.0
602795.0
602795.0
602795.0
602795.0
602795.0
602795.0
411312.0
491557.0
543273.0
570349.0
581070.0
584580.0
585376.0
585499.0
585519.0
585519.0
585519.0
585519.0
585519.0
585519.0
585519.0
585519.0
585519.0
585519.0
585519.0
585519.0
585519.0
585519.0
585519.0
585519.0
585519.0
585519.0
585519.0
585519.0
585519.0
585519.0
585519.0
585519.0
585519.0
585519.0
585519.0
585519.0
585519.0
585519.0
585519.0
585519.0
411176.0
489763.0
541242.0
568767.0
579735.0
583254.0
584110.0
584237.0
584248.0
584248.0
584248.0
584248.0
584248.0
584248.0
584248.0
584248.0
584248.0
584248.0
584248.0
584248.0
584248.0
584248.0
584248.0
584248.0
584248.0
584248.0
584248.0
584248.0
584248.0
584248.0
584248.0
584248.0
584248.0
584248.0
584248.0
584248.0
584248.0
584248.0
584248.0
584248.0
409664.0
487514.0
538895.0
566339.0
578133.0
581434.0
582325.0
582489.0
582489.0
582489.0
582489.0
582489.0
582489.0
582489.0
582489.0
582489.0
582489.0
582489.0
582489.0
582489.0
582489.0
582489.0
582489.0
582489.0
582489.0
582489.0
582489.0
582489.0
582489.0
582489.0
582489.0
582489.0
582489.0
582489.0
582489.0
582489.0
582489.0
582489.0
582489.0
582489.0
405872.0
481197.0
530802.0
557814.0
568108.0
571190.0
571888.0
571982.0
572000.0
572000.0
572000.0
572000.0
572000.0
572000.0
572000.0
572000.0
572000.0
572000.0
572000.0
572000.0
572000.0
572000.0
572000.0
572000.0
572000.0
572000.0
572000.0
572000.0
572000.0
572000.0
572000.0
572000.0
572000.0
572000.0
572000.0
572000.0
572000.0
572000.0
572000.0
572000.0
410803.0
490070.0
541259.0
568896.0
580829.0
584580.0
585523.0
585575.0
585575.0
585575.0
585575.0
585575.0
585575.0
585575.0
585575.0
585575.0
585575.0
585575.0
585575.0
585575.0
585575.0
585575.0
585575.0
585575.0
585575.0
585575.0
585575.0
585575.0
585575.0
585575.0
585575.0
585575.0
585575.0
585575.0
585575.0
585575.0
585575.0
585575.0
585575.0
585575.0
409097.0
487302.0
537389.0
563601.0
574049.0
576917.0
577632.0
577685.0
577693.0
577704.0
577704.0
577704.0
577704.0
577704.0
577704.0
577704.0
577704.0
577704.0
577704.0
577704.0
577704.0
577704.0
577704.0
577704.0
577704.0
577704.0
577704.0
577704.0
577704.0
577704.0
577704.0
577704.0
577704.0
577704.0
577704.0
577704.0
577704.0
577704.0
577704.0
577704.0
412202.0
491687.0
544630.0
572989.0
584837.0
588507.0
589241.0
589331.0
589331.0
589331.0
589331.0
589331.0
589331.0
589331.0
589331.0
589331.0
589331.0
589331.0
589331.0
589331.0
589331.0
589331.0
589331.0
589331.0
589331.0
589331.0
589331.0
589331.0
589331.0
589331.0
589331.0
589331.0
589331.0
589331.0
589331.0
589331.0
589331.0
589331.0
589331.0
589331.0
414874.0
496841.0
550933.0
579726.0
592060.0
595851.0
596782.0
596936.0
596954.0
596954.0
596954.0
596954.0
596954.0
596954.0
596954.0
596954.0
596954.0
596954.0
596954.0
596954.0
596954.0
596954.0
596954.0
596954.0
596954.0
596954.0
596954.0
596954.0
596954.0
596954.0
596954.0
596954.0
596954.0
596954.0
596954.0
596954.0
596954.0
596954.0
596954.0
596954.0
409893.0
488700.0
541057.0
568581.0
580170.0
583889.0
584701.0
584805.0
584815.0
584815.0
584815.0
584815.0
584815.0
584815.0
584815.0
584815.0
584815.0
584815.0
584815.0
584815.0
584815.0
584815.0
584815.0
584815.0
584815.0
584815.0
584815.0
584815.0
584815.0
584815.0
584815.0
584815.0
584815.0
584815.0
584815.0
584815.0
584815.0
584815.0
584815.0
584815.0
411208.0
490450.0
542847.0
570626.0
582286.0
585533.0
586324.0
586483.0
586493.0
586493.0
586493.0
586493.0
586493.0
586493.0
586493.0
586493.0
586493.0
586493.0
586493.0
586493.0
586493.0
586493.0
586493.0
586493.0
586493.0
586493.0
586493.0
586493.0
586493.0
586493.0
586493.0
586493.0
586493.0
586493.0
586493.0
586493.0
586493.0
586493.0
586493.0
586493.0
414751.0
496479.0
550180.0
579269.0
591630.0
595729.0
596858.0
597046.0
597054.0
597054.0
597054.0
597054.0
597054.0
597054.0
597054.0
597054.0
597054.0
597054.0
597054.0
597054.0
597054.0
597054.0
597054.0
597054.0
597054.0
597054.0
597054.0
597054.0
597054.0
597054.0
597054.0
597054.0
597054.0
597054.0
597054.0
597054.0
597054.0
597054.0
597054.0
597054.0
411765.0
492087.0
544883.0
573379.0
586239.0
590817.0
591876.0
591988.0
592008.0
592008.0
592008.0
592008.0
592008.0
592008.0
592008.0
592008.0
592008.0
592008.0
592008.0
592008.0
592008.0
592008.0
592008.0
592008.0
592008.0
592008.0
592008.0
592008.0
592008.0
592008.0
592008.0
592008.0
592008.0
592008.0
592008.0
592008.0
592008.0
592008.0
592008.0
592008.0
409860.0
488155.0
537932.0
565111.0
576674.0
580660.0
581414.0
581614.0
581629.0
581629.0
581629.0
581629.0
581629.0
581629.0
581629.0
581629.0
581629.0
581629.0
581629.0
581629.0
581629.0
581629.0
581629.0
581629.0
581629.0
581629.0
581629.0
581629.0
581629.0
581629.0
581629.0
581629.0
581629.0
581629.0
581629.0
581629.0
581629.0
581629.0
581629.0
581629.0
413866.0
494450.0
547939.0
576227.0
588871.0
592823.0
593765.0
593929.0
593949.0
593949.0
593949.0
593949.0
593949.0
593949.0
593949.0
593949.0
593949.0
593949.0
593949.0
593949.0
593949.0
593949.0
593949.0
593949.0
593949.0
593949.0
593949.0
593949.0
593949.0
593949.0
593949.0
593949.0
593949.0
593949.0
593949.0
593949.0
593949.0
593949.0
593949.0
593949.0
411000.0
488796.0
539272.0
565870.0
577100.0
580983.0
581875.0
581990.0
581990.0
581990.0
581990.0
581990.0
581990.0
581990.0
581990.0
581990.0
581990.0
581990.0
581990.0
581990.0
581990.0
581990.0
581990.0
581990.0
581990.0
581990.0
581990.0
581990.0
581990.0
581990.0
581990.0
581990.0
581990.0
581990.0
581990.0
581990.0
581990.0
581990.0
581990.0
581990.0
410267.0
488551.0
539779.0
566449.0
577737.0
581317.0
582297.0
582433.0
582472.0
582473.0
582473.0
582473.0
582473.0
582473.0
582473.0
582473.0
582473.0
582473.0
582473.0
582473.0
582473.0
582473.0
582473.0
582473.0
582473.0
582473.0
582473.0
582473.0
582473.0
582473.0
582473.0
582473.0
582473.0
582473.0
582473.0
582473.0
582473.0
582473.0
582473.0
582473.0
411831.0
491250.0
542688.0
571283.0
583489.0
587411.0
588359.0
588484.0
588484.0
588484.0
588484.0
588484.0
588484.0
588484.0
588484.0
588484.0
588484.0
588484.0
588484.0
588484.0
588484.0
588484.0
588484.0
588484.0
588484.0
588484.0
588484.0
588484.0
588484.0
588484.0
588484.0
588484.0
588484.0
588484.0
588484.0
588484.0
588484.0
588484.0
588484.0
588484.0
413297.0
494103.0
547366.0
576203.0
587780.0
591749.0
592488.0
592634.0
592669.0
592674.0
592674.0
592674.0
592674.0
592674.0
592674.0
592674.0
592674.0
592674.0
592674.0
592674.0
592674.0
592674.0
592674.0
592674.0
592674.0
592674.0
592674.0
592674.0
592674.0
592674.0
592674.0
592674.0
592674.0
592674.0
592674.0
592674.0
592674.0
592674.0
592674.0
592674.0
411902.0
491672.0
543039.0
570811.0
582015.0
585912.0
586951.0
587137.0
587152.0
587152.0
587152.0
587152.0
587152.0
587152.0
587152.0
587152.0
587152.0
587152.0
587152.0
587152.0
587152.0
587152.0
587152.0
587152.0
587152.0
587152.0
587152.0
587152.0
587152.0
587152.0
587152.0
587152.0
587152.0
587152.0
587152.0
587152.0
587152.0
587152.0
587152.0
587152.0
410260.0
488966.0
540367.0
567729.0
578357.0
581433.0
582207.0
582327.0
582344.0
582344.0
582344.0
582344.0
582344.0
582344.0
582344.0
582344.0
582344.0
582344.0
582344.0
582344.0
582344.0
582344.0
582344.0
582344.0
582344.0
582344.0
582344.0
582344.0
582344.0
582344.0
582344.0
582344.0
582344.0
582344.0
582344.0
582344.0
582344.0
582344.0
582344.0
582344.0
411126.0
491132.0
544021.0
572277.0
584066.0
587881.0
588677.0
588872.0
588909.0
588909.0
588909.0
588909.0
588909.0
588909.0
588909.0
588909.0
588909.0
588909.0
588909.0
588909.0
588909.0
588909.0
588909.0
588909.0
588909.0
588909.0
588909.0
588909.0
588909.0
588909.0
588909.0
588909.0
588909.0
588909.0
588909.0
588909.0
588909.0
588909.0
588909.0
588909.0
412106.0
490201.0
542932.0
571552.0
584001.0
587794.0
588522.0
588645.0
588683.0
588683.0
588683.0
588683.0
588683.0
588683.0
588683.0
588683.0
588683.0
588683.0
588683.0
588683.0
588683.0
588683.0
588683.0
588683.0
588683.0
588683.0
588683.0
588683.0
588683.0
588683.0
588683.0
588683.0
588683.0
588683.0
588683.0
588683.0
588683.0
588683.0
588683.0
588683.0
411800.0
492845.0
544878.0
572955.0
584832.0
588445.0
589268.0
589441.0
589489.0
589489.0
589489.0
589489.0
589489.0
589489.0
589489.0
589489.0
589489.0
589489.0
589489.0
589489.0
589489.0
589489.0
589489.0
589489.0
589489.0
589489.0
589489.0
589489.0
589489.0
589489.0
589489.0
589489.0
589489.0
589489.0
589489.0
589489.0
589489.0
589489.0
589489.0
589489.0
412742.0
493003.0
547062.0
576135.0
589157.0
593431.0
594504.0
594707.0
594733.0
594743.0
594743.0
594743.0
594743.0
594743.0
594743.0
594743.0
594743.0
594743.0
594743.0
594743.0
594743.0
594743.0
594743.0
594743.0
594743.0
594743.0
594743.0
594743.0
594743.0
594743.0
594743.0
594743.0
594743.0
594743.0
594743.0
594743.0
594743.0
594743.0
594743.0
594743.0
411745.0
491818.0
543214.0
571035.0
582705.0
586325.0
587329.0
587388.0
587389.0
587389.0
587389.0
587389.0
587389.0
587389.0
587389.0
587389.0
587389.0
587389.0
587389.0
587389.0
587389.0
587389.0
587389.0
587389.0
587389.0
587389.0
587389.0
587389.0
587389.0
587389.0
587389.0
587389.0
587389.0
587389.0
587389.0
587389.0
587389.0
587389.0
587389.0
587389.0
412109.0
492169.0
544483.0
572981.0
585074.0
588902.0
589691.0
589759.0
589767.0
589768.0
589768.0
589768.0
589768.0
589768.0
589768.0
589768.0
589768.0
589768.0
589768.0
589768.0
589768.0
589768.0
589768.0
589768.0
589768.0
589768.0
589768.0
589768.0
589768.0
589768.0
589768.0
589768.0
589768.0
589768.0
589768.0
589768.0
589768.0
589768.0
589768.0
589768.0
405960.0
480990.0
529523.0
553669.0
564178.0
567457.0
568113.0
568265.0
568271.0
568271.0
568271.0
568271.0
568271.0
568271.0
568271.0
568271.0
568271.0
568271.0
568271.0
568271.0
568271.0
568271.0
568271.0
568271.0
568271.0
568271.0
568271.0
568271.0
568271.0
568271.0
568271.0
568271.0
568271.0
568271.0
568271.0
568271.0
568271.0
568271.0
568271.0
568271.0
409998.0
489460.0
541974.0
569894.0
582096.0
586040.0
586968.0
587213.0
587222.0
587222.0
587222.0
587222.0
587222.0
587222.0
587222.0
587222.0
587222.0
587222.0
587222.0
587222.0
587222.0
587222.0
587222.0
587222.0
587222.0
587222.0
587222.0
587222.0
587222.0
587222.0
587222.0
587222.0
587222.0
587222.0
587222.0
587222.0
587222.0
587222.0
587222.0
587222.0
406270.0
481173.0
530271.0
556264.0
566893.0
570228.0
570892.0
570963.0
570966.0
570966.0
570966.0
570966.0
570966.0
570966.0
570966.0
570966.0
570966.0
570966.0
570966.0
570966.0
570966.0
570966.0
570966.0
570966.0
570966.0
570966.0
570966.0
570966.0
570966.0
570966.0
570966.0
570966.0
570966.0
570966.0
570966.0
570966.0
570966.0
570966.0
570966.0
570966.0
418084.0
501314.0
555593.0
585344.0
598518.0
603190.0
604526.0
604887.0
604952.0
605012.0
605022.0
605022.0
605022.0
605022.0
605022.0
605022.0
605022.0
605022.0
605022.0
605022.0
605022.0
605022.0
605022.0
605022.0
605022.0
605022.0
605022.0
605022.0
605022.0
605022.0
605022.0
605022.0
605022.0
605022.0
605022.0
605022.0
605022.0
605022.0
605022.0
605022.0
410867.0
490756.0
541788.0
569712.0
581450.0
585304.0
586128.0
586257.0
586266.0
586266.0
586266.0
586266.0
586266.0
586266.0
586266.0
586266.0
586266.0
586266.0
586266.0
586266.0
586266.0
586266.0
586266.0
586266.0
586266.0
586266.0
586266.0
586266.0
586266.0
586266.0
586266.0
586266.0
586266.0
586266.0
586266.0
586266.0
586266.0
586266.0
586266.0
586266.0
412397.0
492647.0
544201.0
572247.0
583529.0
587225.0
587971.0
588098.0
588100.0
588100.0
588100.0
588100.0
588100.0
588100.0
588100.0
588100.0
588100.0
588100.0
588100.0
588100.0
588100.0
588100.0
588100.0
588100.0
588100.0
588100.0
588100.0
588100.0
588100.0
588100.0
588100.0
588100.0
588100.0
588100.0
588100.0
588100.0
588100.0
588100.0
588100.0
588100.0
411176.0
490305.0
542586.0
570168.0
582367.0
586218.0
587239.0
587401.0
587427.0
587427.0
587427.0
587427.0
587427.0
587427.0
587427.0
587427.0
587427.0
587427.0
587427.0
587427.0
587427.0
587427.0
587427.0
587427.0
587427.0
587427.0
587427.0
587427.0
587427.0
587427.0
587427.0
587427.0
587427.0
587427.0
587427.0
587427.0
587427.0
587427.0
587427.0
587427.0
408483.0
485258.0
534838.0
561987.0
573171.0
576709.0
577660.0
577841.0
577851.0
577851.0
577851.0
577851.0
577851.0
577851.0
577851.0
577851.0
577851.0
577851.0
577851.0
577851.0
577851.0
577851.0
577851.0
577851.0
577851.0
577851.0
577851.0
577851.0
577851.0
577851.0
577851.0
577851.0
577851.0
577851.0
577851.0
577851.0
577851.0
577851.0
577851.0
577851.0
414174.0
495869.0
549016.0
578630.0
591286.0
595298.0
596396.0
596494.0
596527.0
596527.0
596527.0
596527.0
596527.0
596527.0
596527.0
596527.0
596527.0
596527.0
596527.0
596527.0
596527.0
596527.0
596527.0
596527.0
596527.0
596527.0
596527.0
596527.0
596527.0
596527.0
596527.0
596527.0
596527.0
596527.0
596527.0
596527.0
596527.0
596527.0
596527.0
596527.0
411191.0
489385.0
540936.0
568278.0
579833.0
583391.0
584203.0
584328.0
584330.0
584330.0
584330.0
584330.0
584330.0
584330.0
584330.0
584330.0
584330.0
584330.0
584330.0
584330.0
584330.0
584330.0
584330.0
584330.0
584330.0
584330.0
584330.0
584330.0
584330.0
584330.0
584330.0
584330.0
584330.0
584330.0
584330.0
584330.0
584330.0
584330.0
584330.0
584330.0
414480.0
496176.0
548943.0
577973.0
590301.0
593918.0
594840.0
594955.0
594958.0
594958.0
594958.0
594958.0
594958.0
594958.0
594958.0
594958.0
594958.0
594958.0
594958.0
594958.0
594958.0
594958.0
594958.0
594958.0
594958.0
594958.0
594958.0
594958.0
594958.0
594958.0
594958.0
594958.0
594958.0
594958.0
594958.0
594958.0
594958.0
594958.0
594958.0
594958.0
411401.0
490165.0
541817.0
569508.0
581164.0
585254.0
586370.0
586468.0
586503.0
586520.0
586520.0
586520.0
586520.0
586520.0
586520.0
586520.0
586520.0
586520.0
586520.0
586520.0
586520.0
586520.0
586520.0
586520.0
586520.0
586520.0
586520.0
586520.0
586520.0
586520.0
586520.0
586520.0
586520.0
586520.0
586520.0
586520.0
586520.0
586520.0
586520.0
586520.0
412272.0
492948.0
544917.0
572351.0
583554.0
587331.0
588099.0
588179.0
588180.0
588180.0
588180.0
588180.0
588180.0
588180.0
588180.0
588180.0
588180.0
588180.0
588180.0
588180.0
588180.0
588180.0
588180.0
588180.0
588180.0
588180.0
588180.0
588180.0
588180.0
588180.0
588180.0
588180.0
588180.0
588180.0
588180.0
588180.0
588180.0
588180.0
588180.0
588180.0
413237.0
495137.0
547876.0
576801.0
588889.0
593184.0
594018.0
594105.0
594105.0
594105.0
594105.0
594105.0
594105.0
594105.0
594105.0
594105.0
594105.0
594105.0
594105.0
594105.0
594105.0
594105.0
594105.0
594105.0
594105.0
594105.0
594105.0
594105.0
594105.0
594105.0
594105.0
594105.0
594105.0
594105.0
594105.0
594105.0
594105.0
594105.0
594105.0
594105.0
412805.0
494822.0
547849.0
576527.0
589180.0
593457.0
594241.0
594294.0
594295.0
594295.0
594295.0
594295.0
594295.0
594295.0
594295.0
594295.0
594295.0
594295.0
594295.0
594295.0
594295.0
594295.0
594295.0
594295.0
594295.0
594295.0
594295.0
594295.0
594295.0
594295.0
594295.0
594295.0
594295.0
594295.0
594295.0
594295.0
594295.0
594295.0
594295.0
594295.0
413391.0
494364.0
546246.0
573966.0
586042.0
589515.0
590409.0
590570.0
590577.0
590585.0
590585.0
590585.0
590585.0
590585.0
590585.0
590585.0
590585.0
590585.0
590585.0
590585.0
590585.0
590585.0
590585.0
590585.0
590585.0
590585.0
590585.0
590585.0
590585.0
590585.0
590585.0
590585.0
590585.0
590585.0
590585.0
590585.0
590585.0
590585.0
590585.0
590585.0
407234.0
483541.0
532789.0
559108.0
570249.0
574234.0
575066.0
575239.0
575260.0
575260.0
575260.0
575260.0
575260.0
575260.0
575260.0
575260.0
575260.0
575260.0
575260.0
575260.0
575260.0
575260.0
575260.0
575260.0
575260.0
575260.0
575260.0
575260.0
575260.0
575260.0
575260.0
575260.0
575260.0
575260.0
575260.0
575260.0
575260.0
575260.0
575260.0
575260.0
409508.0
488581.0
539359.0
565572.0
576546.0
580002.0
580705.0
580813.0
580828.0
580828.0
580828.0
580828.0
580828.0
580828.0
580828.0
580828.0
580828.0
580828.0
580828.0
580828.0
580828.0
580828.0
580828.0
580828.0
580828.0
580828.0
580828.0
580828.0
580828.0
580828.0
580828.0
580828.0
580828.0
580828.0
580828.0
580828.0
580828.0
580828.0
580828.0
580828.0
412998.0
493756.0
546572.0
575468.0
588182.0
592563.0
593602.0
593686.0
593755.0
593778.0
593778.0
593778.0
593778.0
593778.0
593778.0
593778.0
593778.0
593778.0
593778.0
593778.0
593778.0
593778.0
593778.0
593778.0
593778.0
593778.0
593778.0
593778.0
593778.0
593778.0
593778.0
593778.0
593778.0
593778.0
593778.0
593778.0
593778.0
593778.0
593778.0
593778.0
410822.0
489503.0
540391.0
567327.0
578938.0
582569.0
583385.0
583539.0
583546.0
583546.0
583546.0
583546.0
583546.0
583546.0
583546.0
583546.0
583546.0
583546.0
583546.0
583546.0
583546.0
583546.0
583546.0
583546.0
583546.0
583546.0
583546.0
583546.0
583546.0
583546.0
583546.0
583546.0
583546.0
583546.0
583546.0
583546.0
583546.0
583546.0
583546.0
583546.0
410634.0
488770.0
538929.0
565240.0
576304.0
579785.0
580580.0
580750.0
580760.0
580760.0
580760.0
580760.0
580760.0
580760.0
580760.0
580760.0
580760.0
580760.0
580760.0
580760.0
580760.0
580760.0
580760.0
580760.0
580760.0
580760.0
580760.0
580760.0
580760.0
580760.0
580760.0
580760.0
580760.0
580760.0
580760.0
580760.0
580760.0
580760.0
580760.0
580760.0
407660.0
483963.0
533883.0
559897.0
570934.0
574271.0
575203.0
575327.0
575328.0
575328.0
575328.0
575328.0
575328.0
575328.0
575328.0
575328.0
575328.0
575328.0
575328.0
575328.0
575328.0
575328.0
575328.0
575328.0
575328.0
575328.0
575328.0
575328.0
575328.0
575328.0
575328.0
575328.0
575328.0
575328.0
575328.0
575328.0
575328.0
575328.0
575328.0
575328.0
411267.0
491034.0
543130.0
570258.0
581381.0
585147.0
585995.0
586146.0
586146.0
586146.0
586146.0
586146.0
586146.0
586146.0
586146.0
586146.0
586146.0
586146.0
586146.0
586146.0
586146.0
586146.0
586146.0
586146.0
586146.0
586146.0
586146.0
586146.0
586146.0
586146.0
586146.0
586146.0
586146.0
586146.0
586146.0
586146.0
586146.0
586146.0
586146.0
586146.0
407937.0
485427.0
536159.0
563117.0
574529.0
578221.0
579120.0
579262.0
579300.0
579329.0
579329.0
579329.0
579329.0
579329.0
579329.0
579329.0
579329.0
579329.0
579329.0
579329.0
579329.0
579329.0
579329.0
579329.0
579329.0
579329.0
579329.0
579329.0
579329.0
579329.0
579329.0
579329.0
579329.0
579329.0
579329.0
579329.0
579329.0
579329.0
579329.0
579329.0
412726.0
493317.0
546982.0
575507.0
587811.0
592256.0
593122.0
593355.0
593380.0
593380.0
593380.0
593380.0
593380.0
593380.0
593380.0
593380.0
593380.0
593380.0
593380.0
593380.0
593380.0
593380.0
593380.0
593380.0
593380.0
593380.0
593380.0
593380.0
593380.0
593380.0
593380.0
593380.0
593380.0
593380.0
593380.0
593380.0
593380.0
593380.0
593380.0
593380.0
411403.0
492172.0
545059.0
573104.0
584583.0
588020.0
588944.0
589063.0
589072.0
589072.0
589072.0
589072.0
589072.0
589072.0
589072.0
589072.0
589072.0
589072.0
589072.0
589072.0
589072.0
589072.0
589072.0
589072.0
589072.0
589072.0
589072.0
589072.0
589072.0
589072.0
589072.0
589072.0
589072.0
589072.0
589072.0
589072.0
589072.0
589072.0
589072.0
589072.0
410269.0
489561.0
540843.0
567843.0
579103.0
582498.0
583361.0
583524.0
583541.0
583541.0
583541.0
583541.0
583541.0
583541.0
583541.0
583541.0
583541.0
583541.0
583541.0
583541.0
583541.0
583541.0
583541.0
583541.0
583541.0
583541.0
583541.0
583541.0
583541.0
583541.0
583541.0
583541.0
583541.0
583541.0
583541.0
583541.0
583541.0
583541.0
583541.0
583541.0
413428.0
494635.0
547543.0
576011.0
587674.0
591553.0
592406.0
592578.0
592575.0
592575.0
592575.0
592575.0
592575.0
592575.0
592575.0
592575.0
592575.0
592575.0
592575.0
592575.0
592575.0
592575.0
592575.0
592575.0
592575.0
592575.0
592575.0
592575.0
592575.0
592575.0
592575.0
592575.0
592575.0
592575.0
592575.0
592575.0
592575.0
592575.0
592575.0
592575.0
407824.0
485610.0
535394.0
562399.0
573826.0
577437.0
578269.0
578339.0
578339.0
578339.0
578339.0
578339.0
578339.0
578339.0
578339.0
578339.0
578339.0
578339.0
578339.0
578339.0
578339.0
578339.0
578339.0
578339.0
578339.0
578339.0
578339.0
578339.0
578339.0
578339.0
578339.0
578339.0
578339.0
578339.0
578339.0
578339.0
578339.0
578339.0
578339.0
578339.0
413218.0
494428.0
548075.0
576634.0
588819.0
592756.0
593604.0
593714.0
593734.0
593734.0
593734.0
593734.0
593734.0
593734.0
593734.0
593734.0
593734.0
593734.0
593734.0
593734.0
593734.0
593734.0
593734.0
593734.0
593734.0
593734.0
593734.0
593734.0
593734.0
593734.0
593734.0
593734.0
593734.0
593734.0
593734.0
593734.0
593734.0
593734.0
593734.0
593734.0
411474.0
490674.0
542345.0
570520.0
582212.0
585986.0
586926.0
587034.0
587048.0
587048.0
587048.0
587048.0
587048.0
587048.0
587048.0
587048.0
587048.0
587048.0
587048.0
587048.0
587048.0
587048.0
587048.0
587048.0
587048.0
587048.0
587048.0
587048.0
587048.0
587048.0
587048.0
587048.0
587048.0
587048.0
587048.0
587048.0
587048.0
587048.0
587048.0
587048.0
412140.0
493878.0
547865.0
575428.0
587080.0
590409.0
591290.0
591487.0
591501.0
591516.0
591529.0
591563.0
591563.0
591563.0
591563.0
591563.0
591563.0
591563.0
591563.0
591563.0
591563.0
591563.0
591563.0
591563.0
591563.0
591563.0
591563.0
591563.0
591563.0
591563.0
591563.0
591563.0
591563.0
591563.0
591563.0
591563.0
591563.0
591563.0
591563.0
591563.0
412887.0
494140.0
547243.0
575668.0
587831.0
591892.0
592858.0
593056.0
593076.0
593077.0
593077.0
593077.0
593077.0
593077.0
593077.0
593077.0
593077.0
593077.0
593077.0
593077.0
593077.0
593077.0
593077.0
593077.0
593077.0
593077.0
593077.0
593077.0
593077.0
593077.0
593077.0
593077.0
593077.0
593077.0
593077.0
593077.0
593077.0
593077.0
593077.0
593077.0
411724.0
493256.0
546520.0
575317.0
587818.0
591856.0
593042.0
593220.0
593247.0
593247.0
593247.0
593247.0
593247.0
593247.0
593247.0
593247.0
593247.0
593247.0
593247.0
593247.0
593247.0
593247.0
593247.0
593247.0
593247.0
593247.0
593247.0
593247.0
593247.0
593247.0
593247.0
593247.0
593247.0
593247.0
593247.0
593247.0
593247.0
593247.0
593247.0
593247.0
420483.0
505848.0
561311.0
591730.0
604494.0
608975.0
610191.0
610265.0
610304.0
610313.0
610313.0
610313.0
610313.0
610313.0
610313.0
610313.0
610313.0
610313.0
610313.0
610313.0
610313.0
610313.0
610313.0
610313.0
610313.0
610313.0
610313.0
610313.0
610313.0
610313.0
610313.0
610313.0
610313.0
610313.0
610313.0
610313.0
610313.0
610313.0
610313.0
610313.0
410322.0
486959.0
537265.0
564494.0
576614.0
580831.0
581815.0
582074.0
582074.0
582074.0
582074.0
582074.0
582074.0
582074.0
582074.0
582074.0
582074.0
582074.0
582074.0
582074.0
582074.0
582074.0
582074.0
582074.0
582074.0
582074.0
582074.0
582074.0
582074.0
582074.0
582074.0
582074.0
582074.0
582074.0
582074.0
582074.0
582074.0
582074.0
582074.0
582074.0
417676.0
501818.0
557210.0
587253.0
600701.0
605051.0
606037.0
606129.0
606129.0
606129.0
606129.0
606129.0
606129.0
606129.0
606129.0
606129.0
606129.0
606129.0
606129.0
606129.0
606129.0
606129.0
606129.0
606129.0
606129.0
606129.0
606129.0
606129.0
606129.0
606129.0
606129.0
606129.0
606129.0
606129.0
606129.0
606129.0
606129.0
606129.0
606129.0
606129.0
414831.0
494863.0
548411.0
576382.0
587896.0
591784.0
592881.0
593019.0
593045.0
593045.0
593045.0
593045.0
593045.0
593045.0
593045.0
593045.0
593045.0
593045.0
593045.0
593045.0
593045.0
593045.0
593045.0
593045.0
593045.0
593045.0
593045.0
593045.0
593045.0
593045.0
593045.0
593045.0
593045.0
593045.0
593045.0
593045.0
593045.0
593045.0
593045.0
593045.0
411497.0
491029.0
543157.0
571352.0
583480.0
587205.0
588214.0
588396.0
588427.0
588427.0
588427.0
588427.0
588427.0
588427.0
588427.0
588427.0
588427.0
588427.0
588427.0
588427.0
588427.0
588427.0
588427.0
588427.0
588427.0
588427.0
588427.0
588427.0
588427.0
588427.0
588427.0
588427.0
588427.0
588427.0
588427.0
588427.0
588427.0
588427.0
588427.0
588427.0
414769.0
497825.0
552474.0
581727.0
594795.0
599147.0
600293.0
600380.0
600380.0
600380.0
600380.0
600380.0
600380.0
600380.0
600380.0
600380.0
600380.0
600380.0
600380.0
600380.0
600380.0
600380.0
600380.0
600380.0
600380.0
600380.0
600380.0
600380.0
600380.0
600380.0
600380.0
600380.0
600380.0
600380.0
600380.0
600380.0
600380.0
600380.0
600380.0
600380.0
408703.0
486146.0
537737.0
564787.0
576421.0
580095.0
580964.0
581091.0
581103.0
581103.0
581103.0
581103.0
581103.0
581103.0
581103.0
581103.0
581103.0
581103.0
581103.0
581103.0
581103.0
581103.0
581103.0
581103.0
581103.0
581103.0
581103.0
581103.0
581103.0
581103.0
581103.0
581103.0
581103.0
581103.0
581103.0
581103.0
581103.0
581103.0
581103.0
581103.0
410638.0
489019.0
539684.0
566231.0
576935.0
580408.0
581211.0
581326.0
581376.0
581384.0
581384.0
581384.0
581384.0
581384.0
581384.0
581384.0
581384.0
581384.0
581384.0
581384.0
581384.0
581384.0
581384.0
581384.0
581384.0
581384.0
581384.0
581384.0
581384.0
581384.0
581384.0
581384.0
581384.0
581384.0
581384.0
581384.0
581384.0
581384.0
581384.0
581384.0
408354.0
484552.0
535673.0
562338.0
573172.0
577064.0
577850.0
578009.0
578077.0
578099.0
578102.0
578102.0
578102.0
578102.0
578102.0
578102.0
578102.0
578102.0
578102.0
578102.0
578102.0
578102.0
578102.0
578102.0
578102.0
578102.0
578102.0
578102.0
578102.0
578102.0
578102.0
578102.0
578102.0
578102.0
578102.0
578102.0
578102.0
578102.0
578102.0
578102.0
410080.0
489091.0
540349.0
567627.0
579130.0
582672.0
583389.0
583421.0
583421.0
583421.0
583421.0
583421.0
583421.0
583421.0
583421.0
583421.0
583421.0
583421.0
583421.0
583421.0
583421.0
583421.0
583421.0
583421.0
583421.0
583421.0
583421.0
583421.0
583421.0
583421.0
583421.0
583421.0
583421.0
583421.0
583421.0
583421.0
583421.0
583421.0
583421.0
583421.0
414092.0
495642.0
547372.0
575770.0
587680.0
591408.0
592289.0
592459.0
592459.0
592459.0
592459.0
592459.0
592459.0
592459.0
592459.0
592459.0
592459.0
592459.0
592459.0
592459.0
592459.0
592459.0
592459.0
592459.0
592459.0
592459.0
592459.0
592459.0
592459.0
592459.0
592459.0
592459.0
592459.0
592459.0
592459.0
592459.0
592459.0
592459.0
592459.0
592459.0
415535.0
496504.0
548895.0
577432.0
588732.0
592721.0
593652.0
593815.0
593827.0
593837.0
593837.0
593837.0
593837.0
593837.0
593837.0
593837.0
593837.0
593837.0
593837.0
593837.0
593837.0
593837.0
593837.0
593837.0
593837.0
593837.0
593837.0
593837.0
593837.0
593837.0
593837.0
593837.0
593837.0
593837.0
593837.0
593837.0
593837.0
593837.0
593837.0
593837.0
410154.0
488057.0
539522.0
567968.0
579920.0
583660.0
584445.0
584530.0
584530.0
584530.0
584530.0
584530.0
584530.0
584530.0
584530.0
584530.0
584530.0
584530.0
584530.0
584530.0
584530.0
584530.0
584530.0
584530.0
584530.0
584530.0
584530.0
584530.0
584530.0
584530.0
584530.0
584530.0
584530.0
584530.0
584530.0
584530.0
584530.0
584530.0
584530.0
584530.0
413905.0
496458.0
549298.0
578092.0
590768.0
595236.0
596094.0
596258.0
596267.0
596267.0
596267.0
596267.0
596267.0
596267.0
596267.0
596267.0
596267.0
596267.0
596267.0
596267.0
596267.0
596267.0
596267.0
596267.0
596267.0
596267.0
596267.0
596267.0
596267.0
596267.0
596267.0
596267.0
596267.0
596267.0
596267.0
596267.0
596267.0
596267.0
596267.0
596267.0
410801.0
490273.0
541804.0
569584.0
582028.0
585767.0
586775.0
587059.0
587064.0
587064.0
587064.0
587064.0
587064.0
587064.0
587064.0
587064.0
587064.0
587064.0
587064.0
587064.0
587064.0
587064.0
587064.0
587064.0
587064.0
587064.0
587064.0
587064.0
587064.0
587064.0
587064.0
587064.0
587064.0
587064.0
587064.0
587064.0
587064.0
587064.0
587064.0
587064.0
413165.0
494381.0
547706.0
575309.0
587510.0
591409.0
592299.0
592410.0
592419.0
592419.0
592419.0
592419.0
592419.0
592419.0
592419.0
592419.0
592419.0
592419.0
592419.0
592419.0
592419.0
592419.0
592419.0
592419.0
592419.0
592419.0
592419.0
592419.0
592419.0
592419.0
592419.0
592419.0
592419.0
592419.0
592419.0
592419.0
592419.0
592419.0
592419.0
592419.0
412025.0
492749.0
545041.0
573545.0
584903.0
588951.0
589680.0
589846.0
589867.0
589867.0
589867.0
589867.0
589867.0
589867.0
589867.0
589867.0
589867.0
589867.0
589867.0
589867.0
589867.0
589867.0
589867.0
589867.0
589867.0
589867.0
589867.0
589867.0
589867.0
589867.0
589867.0
589867.0
589867.0
589867.0
589867.0
589867.0
589867.0
589867.0
589867.0
589867.0
411529.0
490931.0
543082.0
570624.0
582528.0
586281.0
587183.0
587336.0
587348.0
587348.0
587348.0
587348.0
587348.0
587348.0
587348.0
587348.0
587348.0
587348.0
587348.0
587348.0
587348.0
587348.0
587348.0
587348.0
587348.0
587348.0
587348.0
587348.0
587348.0
587348.0
587348.0
587348.0
587348.0
587348.0
587348.0
587348.0
587348.0
587348.0
587348.0
587348.0
413775.0
495227.0
548449.0
576503.0
587934.0
591781.0
592583.0
592676.0
592685.0
592685.0
592685.0
592685.0
592685.0
592685.0
592685.0
592685.0
592685.0
592685.0
592685.0
592685.0
592685.0
592685.0
592685.0
592685.0
592685.0
592685.0
592685.0
592685.0
592685.0
592685.0
592685.0
592685.0
592685.0
592685.0
592685.0
592685.0
592685.0
592685.0
592685.0
592685.0
411835.0
492543.0
544744.0
572702.0
583969.0
587286.0
588076.0
588171.0
588177.0
588195.0
588195.0
588195.0
588195.0
588195.0
588195.0
588195.0
588195.0
588195.0
588195.0
588195.0
588195.0
588195.0
588195.0
588195.0
588195.0
588195.0
588195.0
588195.0
588195.0
588195.0
588195.0
588195.0
588195.0
588195.0
588195.0
588195.0
588195.0
588195.0
588195.0
588195.0
416382.0
499125.0
553633.0
582924.0
596019.0
600074.0
601109.0
601168.0
601236.0
601236.0
601236.0
601236.0
601236.0
601236.0
601236.0
601236.0
601236.0
601236.0
601236.0
601236.0
601236.0
601236.0
601236.0
601236.0
601236.0
601236.0
601236.0
601236.0
601236.0
601236.0
601236.0
601236.0
601236.0
601236.0
601236.0
601236.0
601236.0
601236.0
601236.0
601236.0
407514.0
484806.0
535371.0
562577.0
574007.0
577718.0
578706.0
578908.0
578908.0
578908.0
578908.0
578908.0
578908.0
578908.0
578908.0
578908.0
578908.0
578908.0
578908.0
578908.0
578908.0
578908.0
578908.0
578908.0
578908.0
578908.0
578908.0
578908.0
578908.0
578908.0
578908.0
578908.0
578908.0
578908.0
578908.0
578908.0
578908.0
578908.0
578908.0
578908.0
410179.0
488393.0
539384.0
566559.0
577810.0
581638.0
582368.0
582439.0
582439.0
582439.0
582439.0
582439.0
582439.0
582439.0
582439.0
582439.0
582439.0
582439.0
582439.0
582439.0
582439.0
582439.0
582439.0
582439.0
582439.0
582439.0
582439.0
582439.0
582439.0
582439.0
582439.0
582439.0
582439.0
582439.0
582439.0
582439.0
582439.0
582439.0
582439.0
582439.0
412829.0
492260.0
546140.0
575546.0
588391.0
592256.0
593156.0
593264.0
593306.0
593306.0
593306.0
593306.0
593306.0
593306.0
593306.0
593306.0
593306.0
593306.0
593306.0
593306.0
593306.0
593306.0
593306.0
593306.0
593306.0
593306.0
593306.0
593306.0
593306.0
593306.0
593306.0
593306.0
593306.0
593306.0
593306.0
593306.0
593306.0
593306.0
593306.0
593306.0
409829.0
487669.0
538249.0
564917.0
576224.0
579756.0
580579.0
580682.0
580687.0
580700.0
580700.0
580700.0
580700.0
580700.0
580700.0
580700.0
580700.0
580700.0
580700.0
580700.0
580700.0
580700.0
580700.0
580700.0
580700.0
580700.0
580700.0
580700.0
580700.0
580700.0
580700.0
580700.0
580700.0
580700.0
580700.0
580700.0
580700.0
580700.0
580700.0
580700.0
410658.0
489448.0
542035.0
569993.0
582084.0
586189.0
587131.0
587248.0
587271.0
587271.0
587271.0
587271.0
587271.0
587271.0
587271.0
587271.0
587271.0
587271.0
587271.0
587271.0
587271.0
587271.0
587271.0
587271.0
587271.0
587271.0
587271.0
587271.0
587271.0
587271.0
587271.0
587271.0
587271.0
587271.0
587271.0
587271.0
587271.0
587271.0
587271.0
587271.0
411958.0
491734.0
543295.0
571201.0
582173.0
585608.0
586602.0
586749.0
586755.0
586755.0
586755.0
586755.0
586755.0
586755.0
586755.0
586755.0
586755.0
586755.0
586755.0
586755.0
586755.0
586755.0
586755.0
586755.0
586755.0
586755.0
586755.0
586755.0
586755.0
586755.0
586755.0
586755.0
586755.0
586755.0
586755.0
586755.0
586755.0
586755.0
586755.0
586755.0
412500.0
492774.0
545404.0
572813.0
584694.0
588417.0
589228.0
589319.0
589326.0
589326.0
589326.0
589326.0
589326.0
589326.0
589326.0
589326.0
589326.0
589326.0
589326.0
589326.0
589326.0
589326.0
589326.0
589326.0
589326.0
589326.0
589326.0
589326.0
589326.0
589326.0
589326.0
589326.0
589326.0
589326.0
589326.0
589326.0
589326.0
589326.0
589326.0
589326.0
413483.0
494916.0
547289.0
575224.0
587137.0
591100.0
592101.0
592313.0
592313.0
592313.0
592313.0
592313.0
592313.0
592313.0
592313.0
592313.0
592313.0
592313.0
592313.0
592313.0
592313.0
592313.0
592313.0
592313.0
592313.0
592313.0
592313.0
592313.0
592313.0
592313.0
592313.0
592313.0
592313.0
592313.0
592313.0
592313.0
592313.0
592313.0
592313.0
592313.0
410774.0
489852.0
541196.0
568402.0
579657.0
582710.0
583520.0
583601.0
583616.0
583616.0
583616.0
583616.0
583616.0
583616.0
583616.0
583616.0
583616.0
583616.0
583616.0
583616.0
583616.0
583616.0
583616.0
583616.0
583616.0
583616.0
583616.0
583616.0
583616.0
583616.0
583616.0
583616.0
583616.0
583616.0
583616.0
583616.0
583616.0
583616.0
583616.0
583616.0
412873.0
493053.0
545966.0
575139.0
587994.0
592144.0
592922.0
593095.0
593122.0
593122.0
593122.0
593122.0
593122.0
593122.0
593122.0
593122.0
593122.0
593122.0
593122.0
593122.0
593122.0
593122.0
593122.0
593122.0
593122.0
593122.0
593122.0
593122.0
593122.0
593122.0
593122.0
593122.0
593122.0
593122.0
593122.0
593122.0
593122.0
593122.0
593122.0
593122.0
409933.0
487390.0
538007.0
564638.0
575640.0
579052.0
579768.0
579892.0
579908.0
579908.0
579908.0
579908.0
579908.0
579908.0
579908.0
579908.0
579908.0
579908.0
579908.0
579908.0
579908.0
579908.0
579908.0
579908.0
579908.0
579908.0
579908.0
579908.0
579908.0
579908.0
579908.0
579908.0
579908.0
579908.0
579908.0
579908.0
579908.0
579908.0
579908.0
579908.0
413978.0
495853.0
549918.0
578568.0
591106.0
594986.0
595936.0
596068.0
596072.0
596072.0
596072.0
596072.0
596072.0
596072.0
596072.0
596072.0
596072.0
596072.0
596072.0
596072.0
596072.0
596072.0
596072.0
596072.0
596072.0
596072.0
596072.0
596072.0
596072.0
596072.0
596072.0
596072.0
596072.0
596072.0
596072.0
596072.0
596072.0
596072.0
596072.0
596072.0
408688.0
485858.0
535384.0
561946.0
572942.0
576165.0
576725.0
576779.0
576781.0
576781.0
576781.0
576781.0
576781.0
576781.0
576781.0
576781.0
576781.0
576781.0
576781.0
576781.0
576781.0
576781.0
576781.0
576781.0
576781.0
576781.0
576781.0
576781.0
576781.0
576781.0
576781.0
576781.0
576781.0
576781.0
576781.0
576781.0
576781.0
576781.0
576781.0
576781.0
411104.0
490259.0
541096.0
568697.0
579757.0
583566.0
584394.0
584580.0
584603.0
584614.0
584614.0
584614.0
584614.0
584614.0
584614.0
584614.0
584614.0
584614.0
584614.0
584614.0
584614.0
584614.0
584614.0
584614.0
584614.0
584614.0
584614.0
584614.0
584614.0
584614.0
584614.0
584614.0
584614.0
584614.0
584614.0
584614.0
584614.0
584614.0
584614.0
584614.0
408186.0
485155.0
535156.0
561520.0
572782.0
576534.0
577290.0
577414.0
577416.0
577417.0
577417.0
577417.0
577417.0
577417.0
577417.0
577417.0
577417.0
577417.0
577417.0
577417.0
577417.0
577417.0
577417.0
577417.0
577417.0
577417.0
577417.0
577417.0
577417.0
577417.0
577417.0
577417.0
577417.0
577417.0
577417.0
577417.0
577417.0
577417.0
577417.0
577417.0
413507.0
495877.0
550103.0
578979.0
590973.0
594792.0
596055.0
596253.0
596296.0
596296.0
596296.0
596296.0
596296.0
596296.0
596296.0
596296.0
596296.0
596296.0
596296.0
596296.0
596296.0
596296.0
596296.0
596296.0
596296.0
596296.0
596296.0
596296.0
596296.0
596296.0
596296.0
596296.0
596296.0
596296.0
596296.0
596296.0
596296.0
596296.0
596296.0
596296.0
416468.0
498625.0
552488.0
581565.0
594308.0
598248.0
599234.0
599449.0
599453.0
599476.0
599476.0
599476.0
599476.0
599476.0
599476.0
599476.0
599476.0
599476.0
599476.0
599476.0
599476.0
599476.0
599476.0
599476.0
599476.0
599476.0
599476.0
599476.0
599476.0
599476.0
599476.0
599476.0
599476.0
599476.0
599476.0
599476.0
599476.0
599476.0
599476.0
599476.0
411347.0
491579.0
544239.0
572142.0
584604.0
588308.0
589157.0
589280.0
589303.0
589311.0
589311.0
589311.0
589311.0
589311.0
589311.0
589311.0
589311.0
589311.0
589311.0
589311.0
589311.0
589311.0
589311.0
589311.0
589311.0
589311.0
589311.0
589311.0
589311.0
589311.0
589311.0
589311.0
589311.0
589311.0
589311.0
589311.0
589311.0
589311.0
589311.0
589311.0
412327.0
492118.0
544422.0
572555.0
584369.0
588122.0
588949.0
589006.0
589031.0
589031.0
589031.0
589031.0
589031.0
589031.0
589031.0
589031.0
589031.0
589031.0
589031.0
589031.0
589031.0
589031.0
589031.0
589031.0
589031.0
589031.0
589031.0
589031.0
589031.0
589031.0
589031.0
589031.0
589031.0
589031.0
589031.0
589031.0
589031.0
589031.0
589031.0
589031.0
418454.0
503421.0
559200.0
589637.0
602266.0
606284.0
607370.0
607559.0
607576.0
607576.0
607576.0
607576.0
607576.0
607576.0
607576.0
607576.0
607576.0
607576.0
607576.0
607576.0
607576.0
607576.0
607576.0
607576.0
607576.0
607576.0
607576.0
607576.0
607576.0
607576.0
607576.0
607576.0
607576.0
607576.0
607576.0
607576.0
607576.0
607576.0
607576.0
607576.0
415389.0
498881.0
552942.0
582534.0
595158.0
599361.0
600317.0
600487.0
600488.0
600488.0
600488.0
600488.0
600488.0
600488.0
600488.0
600488.0
600488.0
600488.0
600488.0
600488.0
600488.0
600488.0
600488.0
600488.0
600488.0
600488.0
600488.0
600488.0
600488.0
600488.0
600488.0
600488.0
600488.0
600488.0
600488.0
600488.0
600488.0
600488.0
600488.0
600488.0
413151.0
493851.0
546775.0
575346.0
587521.0
591671.0
592594.0
592747.0
592747.0
592747.0
592747.0
592747.0
592747.0
592747.0
592747.0
592747.0
592747.0
592747.0
592747.0
592747.0
592747.0
592747.0
592747.0
592747.0
592747.0
592747.0
592747.0
592747.0
592747.0
592747.0
592747.0
592747.0
592747.0
592747.0
592747.0
592747.0
592747.0
592747.0
592747.0
592747.0
410676.0
489959.0
541611.0
567940.0
578592.0
582288.0
583271.0
583312.0
583321.0
583321.0
583321.0
583321.0
583321.0
583321.0
583321.0
583321.0
583321.0
583321.0
583321.0
583321.0
583321.0
583321.0
583321.0
583321.0
583321.0
583321.0
583321.0
583321.0
583321.0
583321.0
583321.0
583321.0
583321.0
583321.0
583321.0
583321.0
583321.0
583321.0
583321.0
583321.0
412657.0
491173.0
542781.0
570933.0
582535.0
586463.0
587564.0
587743.0
587771.0
587771.0
587771.0
587771.0
587771.0
587771.0
587771.0
587771.0
587771.0
587771.0
587771.0
587771.0
587771.0
587771.0
587771.0
587771.0
587771.0
587771.0
587771.0
587771.0
587771.0
587771.0
587771.0
587771.0
587771.0
587771.0
587771.0
587771.0
587771.0
587771.0
587771.0
587771.0
408611.0
485882.0
536584.0
563748.0
575436.0
579096.0
579883.0
580021.0
580022.0
580023.0
580023.0
580023.0
580023.0
580023.0
580023.0
580023.0
580023.0
580023.0
580023.0
580023.0
580023.0
580023.0
580023.0
580023.0
580023.0
580023.0
580023.0
580023.0
580023.0
580023.0
580023.0
580023.0
580023.0
580023.0
580023.0
580023.0
580023.0
580023.0
580023.0
580023.0
411950.0
492950.0
546357.0
575074.0
586796.0
590559.0
591496.0
591717.0
591718.0
591718.0
591718.0
591718.0
591718.0
591718.0
591718.0
591718.0
591718.0
591718.0
591718.0
591718.0
591718.0
591718.0
591718.0
591718.0
591718.0
591718.0
591718.0
591718.0
591718.0
591718.0
591718.0
591718.0
591718.0
591718.0
591718.0
591718.0
591718.0
591718.0
591718.0
591718.0
407741.0
484823.0
535275.0
561419.0
572485.0
576170.0
577237.0
577401.0
577406.0
577406.0
577406.0
577406.0
577406.0
577406.0
577406.0
577406.0
577406.0
577406.0
577406.0
577406.0
577406.0
577406.0
577406.0
577406.0
577406.0
577406.0
577406.0
577406.0
577406.0
577406.0
577406.0
577406.0
577406.0
577406.0
577406.0
577406.0
577406.0
577406.0
577406.0
577406.0
413099.0
492644.0
543381.0
571229.0
583167.0
586874.0
587702.0
587881.0
587881.0
587881.0
587881.0
587881.0
587881.0
587881.0
587881.0
587881.0
587881.0
587881.0
587881.0
587881.0
587881.0
587881.0
587881.0
587881.0
587881.0
587881.0
587881.0
587881.0
587881.0
587881.0
587881.0
587881.0
587881.0
587881.0
587881.0
587881.0
587881.0
587881.0
587881.0
587881.0
406876.0
483886.0
534632.0
561489.0
572978.0
576217.0
576805.0
576859.0
576859.0
576859.0
576859.0
576859.0
576859.0
576859.0
576859.0
576859.0
576859.0
576859.0
576859.0
576859.0
576859.0
576859.0
576859.0
576859.0
576859.0
576859.0
576859.0
576859.0
576859.0
576859.0
576859.0
576859.0
576859.0
576859.0
576859.0
576859.0
576859.0
576859.0
576859.0
576859.0
408396.0
485073.0
535151.0
561455.0
572248.0
575995.0
576820.0
576989.0
576995.0
577000.0
577000.0
577000.0
577000.0
577000.0
577000.0
577000.0
577000.0
577000.0
577000.0
577000.0
577000.0
577000.0
577000.0
577000.0
577000.0
577000.0
577000.0
577000.0
577000.0
577000.0
577000.0
577000.0
577000.0
577000.0
577000.0
577000.0
577000.0
577000.0
577000.0
577000.0
415520.0
497340.0
551412.0
579609.0
591734.0
595456.0
596334.0
596491.0
596519.0
596519.0
596519.0
596519.0
596519.0
596519.0
596519.0
596519.0
596519.0
596519.0
596519.0
596519.0
596519.0
596519.0
596519.0
596519.0
596519.0
596519.0
596519.0
596519.0
596519.0
596519.0
596519.0
596519.0
596519.0
596519.0
596519.0
596519.0
596519.0
596519.0
596519.0
596519.0
411790.0
492574.0
545245.0
573580.0
585843.0
589808.0
590893.0
591146.0
591147.0
591147.0
591147.0
591147.0
591147.0
591147.0
591147.0
591147.0
591147.0
591147.0
591147.0
591147.0
591147.0
591147.0
591147.0
591147.0
591147.0
591147.0
591147.0
591147.0
591147.0
591147.0
591147.0
591147.0
591147.0
591147.0
591147.0
591147.0
591147.0
591147.0
591147.0
591147.0
408996.0
487369.0
538660.0
565870.0
577071.0
580850.0
581569.0
581625.0
581633.0
581633.0
581633.0
581633.0
581633.0
581633.0
581633.0
581633.0
581633.0
581633.0
581633.0
581633.0
581633.0
581633.0
581633.0
581633.0
581633.0
581633.0
581633.0
581633.0
581633.0
581633.0
581633.0
581633.0
581633.0
581633.0
581633.0
581633.0
581633.0
581633.0
581633.0
581633.0
413024.0
492722.0
545295.0
572453.0
583863.0
587337.0
588285.0
588402.0
588414.0
588414.0
588414.0
588414.0
588414.0
588414.0
588414.0
588414.0
588414.0
588414.0
588414.0
588414.0
588414.0
588414.0
588414.0
588414.0
588414.0
588414.0
588414.0
588414.0
588414.0
588414.0
588414.0
588414.0
588414.0
588414.0
588414.0
588414.0
588414.0
588414.0
588414.0
588414.0
410951.0
491252.0
542991.0
569985.0
581295.0
584874.0
585648.0
585812.0
585832.0
585832.0
585832.0
585832.0
585832.0
585832.0
585832.0
585832.0
585832.0
585832.0
585832.0
585832.0
585832.0
585832.0
585832.0
585832.0
585832.0
585832.0
585832.0
585832.0
585832.0
585832.0
585832.0
585832.0
585832.0
585832.0
585832.0
585832.0
585832.0
585832.0
585832.0
585832.0
415066.0
495802.0
549070.0
576857.0
588654.0
592366.0
593142.0
593276.0
593297.0
593297.0
593297.0
593297.0
593297.0
593297.0
593297.0
593297.0
593297.0
593297.0
593297.0
593297.0
593297.0
593297.0
593297.0
593297.0
593297.0
593297.0
593297.0
593297.0
593297.0
593297.0
593297.0
593297.0
593297.0
593297.0
593297.0
593297.0
593297.0
593297.0
593297.0
593297.0
412804.0
494017.0
546843.0
574746.0
587073.0
590955.0
591729.0
591890.0
591905.0
591905.0
591905.0
591905.0
591905.0
591905.0
591905.0
591905.0
591905.0
591905.0
591905.0
591905.0
591905.0
591905.0
591905.0
591905.0
591905.0
591905.0
591905.0
591905.0
591905.0
591905.0
591905.0
591905.0
591905.0
591905.0
591905.0
591905.0
591905.0
591905.0
591905.0
591905.0
408137.0
485348.0
536687.0
564256.0
575543.0
578963.0
579552.0
579636.0
579651.0
579651.0
579651.0
579651.0
579651.0
579651.0
579651.0
579651.0
579651.0
579651.0
579651.0
579651.0
579651.0
579651.0
579651.0
579651.0
579651.0
579651.0
579651.0
579651.0
579651.0
579651.0
579651.0
579651.0
579651.0
579651.0
579651.0
579651.0
579651.0
579651.0
579651.0
579651.0
413048.0
494469.0
547754.0
576133.0
588684.0
592669.0
593503.0
593644.0
593685.0
593731.0
593731.0
593731.0
593731.0
593731.0
593731.0
593731.0
593731.0
593731.0
593731.0
593731.0
593731.0
593731.0
593731.0
593731.0
593731.0
593731.0
593731.0
593731.0
593731.0
593731.0
593731.0
593731.0
593731.0
593731.0
593731.0
593731.0
593731.0
593731.0
593731.0
593731.0
412296.0
493078.0
546293.0
574487.0
585908.0
589536.0
590320.0
590403.0
590407.0
590407.0
590407.0
590407.0
590407.0
590407.0
590407.0
590407.0
590407.0
590407.0
590407.0
590407.0
590407.0
590407.0
590407.0
590407.0
590407.0
590407.0
590407.0
590407.0
590407.0
590407.0
590407.0
590407.0
590407.0
590407.0
590407.0
590407.0
590407.0
590407.0
590407.0
590407.0
408805.0
484846.0
535529.0
562556.0
574050.0
577548.0
578366.0
578493.0
578514.0
578514.0
578514.0
578514.0
578514.0
578514.0
578514.0
578514.0
578514.0
578514.0
578514.0
578514.0
578514.0
578514.0
578514.0
578514.0
578514.0
578514.0
578514.0
578514.0
578514.0
578514.0
578514.0
578514.0
578514.0
578514.0
578514.0
578514.0
578514.0
578514.0
578514.0
578514.0
411110.0
491224.0
542567.0
569888.0
581155.0
584650.0
585579.0
585638.0
585638.0
585638.0
585638.0
585638.0
585638.0
585638.0
585638.0
585638.0
585638.0
585638.0
585638.0
585638.0
585638.0
585638.0
585638.0
585638.0
585638.0
585638.0
585638.0
585638.0
585638.0
585638.0
585638.0
585638.0
585638.0
585638.0
585638.0
585638.0
585638.0
585638.0
585638.0
585638.0
413818.0
493714.0
545839.0
573939.0
584578.0
587839.0
588409.0
588502.0
588513.0
588513.0
588513.0
588513.0
588513.0
588513.0
588513.0
588513.0
588513.0
588513.0
588513.0
588513.0
588513.0
588513.0
588513.0
588513.0
588513.0
588513.0
588513.0
588513.0
588513.0
588513.0
588513.0
588513.0
588513.0
588513.0
588513.0
588513.0
588513.0
588513.0
588513.0
588513.0
412807.0
492232.0
544819.0
572795.0
584620.0
588286.0
588897.0
588984.0
588984.0
588984.0
588984.0
588984.0
588984.0
588984.0
588984.0
588984.0
588984.0
588984.0
588984.0
588984.0
588984.0
588984.0
588984.0
588984.0
588984.0
588984.0
588984.0
588984.0
588984.0
588984.0
588984.0
588984.0
588984.0
588984.0
588984.0
588984.0
588984.0
588984.0
588984.0
588984.0
414529.0
495663.0
549273.0
577635.0
590124.0
594177.0
595245.0
595324.0
595324.0
595324.0
595324.0
595324.0
595324.0
595324.0
595324.0
595324.0
595324.0
595324.0
595324.0
595324.0
595324.0
595324.0
595324.0
595324.0
595324.0
595324.0
595324.0
595324.0
595324.0
595324.0
595324.0
595324.0
595324.0
595324.0
595324.0
595324.0
595324.0
595324.0
595324.0
595324.0
415084.0
497564.0
552040.0
580568.0
592906.0
596461.0
597319.0
597418.0
597435.0
597435.0
597435.0
597435.0
597435.0
597435.0
597435.0
597435.0
597435.0
597435.0
597435.0
597435.0
597435.0
597435.0
597435.0
597435.0
597435.0
597435.0
597435.0
597435.0
597435.0
597435.0
597435.0
597435.0
597435.0
597435.0
597435.0
597435.0
597435.0
597435.0
597435.0
597435.0
411767.0
490797.0
542377.0
569464.0
580681.0
584365.0
585167.0
585498.0
585554.0
585591.0
585623.0
585623.0
585623.0
585623.0
585623.0
585623.0
585623.0
585623.0
585623.0
585623.0
585623.0
585623.0
585623.0
585623.0
585623.0
585623.0
585623.0
585623.0
585623.0
585623.0
585623.0
585623.0
585623.0
585623.0
585623.0
585623.0
585623.0
585623.0
585623.0
585623.0
413279.0
493764.0
545839.0
573623.0
585532.0
589510.0
590403.0
590509.0
590509.0
590509.0
590509.0
590509.0
590509.0
590509.0
590509.0
590509.0
590509.0
590509.0
590509.0
590509.0
590509.0
590509.0
590509.0
590509.0
590509.0
590509.0
590509.0
590509.0
590509.0
590509.0
590509.0
590509.0
590509.0
590509.0
590509.0
590509.0
590509.0
590509.0
590509.0
590509.0
411668.0
490909.0
543026.0
570188.0
580913.0
584455.0
585444.0
585551.0
585572.0
585572.0
585572.0
585572.0
585572.0
585572.0
585572.0
585572.0
585572.0
585572.0
585572.0
585572.0
585572.0
585572.0
585572.0
585572.0
585572.0
585572.0
585572.0
585572.0
585572.0
585572.0
585572.0
585572.0
585572.0
585572.0
585572.0
585572.0
585572.0
585572.0
585572.0
585572.0
418613.0
503599.0
560046.0
590814.0
604856.0
609517.0
610924.0
611122.0
611205.0
611220.0
611220.0
611220.0
611220.0
611220.0
611220.0
611220.0
611220.0
611220.0
611220.0
611220.0
611220.0
611220.0
611220.0
611220.0
611220.0
611220.0
611220.0
611220.0
611220.0
611220.0
611220.0
611220.0
611220.0
611220.0
611220.0
611220.0
611220.0
611220.0
611220.0
611220.0
412991.0
494129.0
546488.0
575181.0
587358.0
591027.0
591744.0
591887.0
591887.0
591887.0
591887.0
591887.0
591887.0
591887.0
591887.0
591887.0
591887.0
591887.0
591887.0
591887.0
591887.0
591887.0
591887.0
591887.0
591887.0
591887.0
591887.0
591887.0
591887.0
591887.0
591887.0
591887.0
591887.0
591887.0
591887.0
591887.0
591887.0
591887.0
591887.0
591887.0
407562.0
483328.0
532567.0
559143.0
570206.0
573917.0
574948.0
575162.0
575191.0
575191.0
575191.0
575191.0
575191.0
575191.0
575191.0
575191.0
575191.0
575191.0
575191.0
575191.0
575191.0
575191.0
575191.0
575191.0
575191.0
575191.0
575191.0
575191.0
575191.0
575191.0
575191.0
575191.0
575191.0
575191.0
575191.0
575191.0
575191.0
575191.0
575191.0
575191.0
407891.0
485234.0
534975.0
560854.0
571105.0
574543.0
575529.0
575747.0
575805.0
575805.0
575805.0
575805.0
575805.0
575805.0
575805.0
575805.0
575805.0
575805.0
575805.0
575805.0
575805.0
575805.0
575805.0
575805.0
575805.0
575805.0
575805.0
575805.0
575805.0
575805.0
575805.0
575805.0
575805.0
575805.0
575805.0
575805.0
575805.0
575805.0
575805.0
575805.0
