3306530
5177030
6008330
6331410
6450600
6492730
6508150
6512810
6513140
6513300
6513360
6513400
6513420
6513420
6513420
6513420
6513420
6513420
6513420
6513420
6513420
6513420
6513420
6513420
6513420
6513420
6513420
6513420
6513420
6513420
6513420
6513420
6513420
6513420
6513420
6513420
6513420
6513420
6513420
6513420
3259950
5094710
5905440
6227300
6346430
6388740
6402480
6406760
6408050
6408110
6408140
6408140
6408140
6408140
6408140
6408140
6408140
6408140
6408140
6408140
6408140
6408140
6408140
6408140
6408140
6408140
6408140
6408140
6408140
6408140
6408140
6408140
6408140
6408140
6408140
6408140
6408140
6408140
6408140
6408140
3239140
5031650
5818720
6099650
6203530
6235880
6248830
6251850
6252540
6253160
6253200
6253230
6253230
6253230
6253230
6253230
6253230
6253230
6253230
6253230
6253230
6253230
6253230
6253230
6253230
6253230
6253230
6253230
6253230
6253230
6253230
6253230
6253230
6253230
6253230
6253230
6253230
6253230
6253230
6253230
3245770
5018040
5806500
6094670
6183430
6211730
6219700
6223550
6225410
6225450
6225460
6225470
6225470
6225470
6225470
6225470
6225470
6225470
6225470
6225470
6225470
6225470
6225470
6225470
6225470
6225470
6225470
6225470
6225470
6225470
6225470
6225470
6225470
6225470
6225470
6225470
6225470
6225470
6225470
6225470
3178950
4975330
5795360
6126380
6239790
6276120
6288750
6293230
6293990
6294050
6294060
6294060
6294060
6294060
6294060
6294060
6294060
6294060
6294060
6294060
6294060
6294060
6294060
6294060
6294060
6294060
6294060
6294060
6294060
6294060
6294060
6294060
6294060
6294060
6294060
6294060
6294060
6294060
6294060
6294060
3222470
5044440
5837160
6141370
6244430
6282790
6294650
6296710
6296920
6297020
6297040
6297050
6297050
6297050
6297050
6297050
6297050
6297050
6297050
6297050
6297050
6297050
6297050
6297050
6297050
6297050
6297050
6297050
6297050
6297050
6297050
6297050
6297050
6297050
6297050
6297050
6297050
6297050
6297050
6297050
3177520
4980550
5812640
6148360
6263290
6304860
6321620
6327430
6331870
6334320
6334970
6335020
6335050
6335050
6335050
6335050
6335050
6335050
6335050
6335050
6335050
6335050
6335050
6335050
6335050
6335050
6335050
6335050
6335050
6335050
6335050
6335050
6335050
6335050
6335050
6335050
6335050
6335050
6335050
6335050
3229910
5093390
5977110
6344080
6490140
6545850
6562160
6569190
6570990
6572220
6572950
6572980
6572990
6573000
6573000
6573000
6573000
6573000
6573000
6573000
6573000
6573000
6573000
6573000
6573000
6573000
6573000
6573000
6573000
6573000
6573000
6573000
6573000
6573000
6573000
6573000
6573000
6573000
6573000
6573000
3279790
5182580
6085290
6463220
6601090
6643690
6658960
6663290
6664550
6664630
6664670
6664670
6664670
6664670
6664670
6664670
6664670
6664670
6664670
6664670
6664670
6664670
6664670
6664670
6664670
6664670
6664670
6664670
6664670
6664670
6664670
6664670
6664670
6664670
6664670
6664670
6664670
6664670
6664670
6664670
3188160
5019100
5865270
6211180
6355840
6407780
6427910
6434560
6436520
6436650
6436690
6436710
6436720
6436720
6436720
6436720
6436720
6436720
6436720
6436720
6436720
6436720
6436720
6436720
6436720
6436720
6436720
6436720
6436720
6436720
6436720
6436720
6436720
6436720
6436720
6436720
6436720
6436720
6436720
6436720
3225280
5054060
5906340
6259990
6395760
6443230
6457590
6462710
6463870
6463920
6463930
6463930
6463930
6463930
6463930
6463930
6463930
6463930
6463930
6463930
6463930
6463930
6463930
6463930
6463930
6463930
6463930
6463930
6463930
6463930
6463930
6463930
6463930
6463930
6463930
6463930
6463930
6463930
6463930
6463930
3291420
5155670
5953630
6230790
6332320
6360930
6366010
6367020
6367170
6367210
6367220
6367230
6367230
6367230
6367230
6367230
6367230
6367230
6367230
6367230
6367230
6367230
6367230
6367230
6367230
6367230
6367230
6367230
6367230
6367230
6367230
6367230
6367230
6367230
6367230
6367230
6367230
6367230
6367230
6367230
3190290
4970300
5766880
6083110
6198510
6239440
6255680
6263870
6265060
6265710
6265780
6265800
6265810
6265820
6265820
6265820
6265820
6265820
6265820
6265820
6265820
6265820
6265820
6265820
6265820
6265820
6265820
6265820
6265820
6265820
6265820
6265820
6265820
6265820
6265820
6265820
6265820
6265820
6265820
6265820
3244670
5074880
5931970
6257910
6381490
6421920
6435590
6438530
6439230
6439310
6439340
6439350
6439350
6439350
6439350
6439350
6439350
6439350
6439350
6439350
6439350
6439350
6439350
6439350
6439350
6439350
6439350
6439350
6439350
6439350
6439350
6439350
6439350
6439350
6439350
6439350
6439350
6439350
6439350
6439350
3323850
5154690
5958760
6261210
6370550
6409750
6427570
6433380
6434650
6434770
6434830
6434860
6434870
6434870
6434870
6434870
6434870
6434870
6434870
6434870
6434870
6434870
6434870
6434870
6434870
6434870
6434870
6434870
6434870
6434870
6434870
6434870
6434870
6434870
6434870
6434870
6434870
6434870
6434870
6434870
3208750
5021810
5876310
6216140
6342910
6387340
6400980
6404000
6404210
6404280
6404310
6404320
6404330
6404330
6404330
6404330
6404330
6404330
6404330
6404330
6404330
6404330
6404330
6404330
6404330
6404330
6404330
6404330
6404330
6404330
6404330
6404330
6404330
6404330
6404330
6404330
6404330
6404330
6404330
6404330
3239530
5058570
5875130
6200760
6313060
6347240
6356910
6360070
6360770
6360810
6360810
6360810
6360810
6360810
6360810
6360810
6360810
6360810
6360810
6360810
6360810
6360810
6360810
6360810
6360810
6360810
6360810
6360810
6360810
6360810
6360810
6360810
6360810
6360810
6360810
6360810
6360810
6360810
6360810
6360810
3326440
5227760
6085530
6420390
6548100
6593150
6606520
6608930
6609160
6609260
6609300
6609320
6609330
6609330
6609330
6609330
6609330
6609330
6609330
6609330
6609330
6609330
6609330
6609330
6609330
6609330
6609330
6609330
6609330
6609330
6609330
6609330
6609330
6609330
6609330
6609330
6609330
6609330
6609330
6609330
3283890
5136880
5975790
6306450
6428120
6462810
6474480
6478720
6479540
6479640
6479650
6479660
6479670
6479670
6479670
6479670
6479670
6479670
6479670
6479670
6479670
6479670
6479670
6479670
6479670
6479670
6479670
6479670
6479670
6479670
6479670
6479670
6479670
6479670
6479670
6479670
6479670
6479670
6479670
6479670
3191500
4964080
5796600
6133590
6271800
6318070
6332770
6337270
6338720
6338840
6338870
6338890
6338910
6338920
6338920
6338920
6338920
6338920
6338920
6338920
6338920
6338920
6338920
6338920
6338920
6338920
6338920
6338920
6338920
6338920
6338920
6338920
6338920
6338920
6338920
6338920
6338920
6338920
6338920
6338920
3266940
5095970
5905500
6220030
6339640
6378980
6391290
6396700
6398930
6399020
6399050
6399070
6399080
6399090
6399090
6399090
6399090
6399090
6399090
6399090
6399090
6399090
6399090
6399090
6399090
6399090
6399090
6399090
6399090
6399090
6399090
6399090
6399090
6399090
6399090
6399090
6399090
6399090
6399090
6399090
3246470
5088440
5942530
6284200
6404050
6450070
6466760
6471370
6473360
6473480
6473540
6473540
6473540
6473540
6473540
6473540
6473540
6473540
6473540
6473540
6473540
6473540
6473540
6473540
6473540
6473540
6473540
6473540
6473540
6473540
6473540
6473540
6473540
6473540
6473540
6473540
6473540
6473540
6473540
6473540
3248450
5074660
5913980
6250510
6379910
6428800
6444690
6449740
6451620
6451730
6451760
6451760
6451760
6451760
6451760
6451760
6451760
6451760
6451760
6451760
6451760
6451760
6451760
6451760
6451760
6451760
6451760
6451760
6451760
6451760
6451760
6451760
6451760
6451760
6451760
6451760
6451760
6451760
6451760
6451760
3242740
5007660
5758560
6029320
6117680
6145030
6154800
6158510
6160370
6160980
6161000
6161010
6161010
6161010
6161010
6161010
6161010
6161010
6161010
6161010
6161010
6161010
6161010
6161010
6161010
6161010
6161010
6161010
6161010
6161010
6161010
6161010
6161010
6161010
6161010
6161010
6161010
6161010
6161010
6161010
3290220
5151020
6022670
6403600
6547010
6594640
6607090
6610590
6612400
6612470
6612490
6612490
6612490
6612490
6612490
6612490
6612490
6612490
6612490
6612490
6612490
6612490
6612490
6612490
6612490
6612490
6612490
6612490
6612490
6612490
6612490
6612490
6612490
6612490
6612490
6612490
6612490
6612490
6612490
6612490
3232440
5048400
5891690
6229190
6350240
6390050
6403460
6409070
6411310
6412040
6412650
6412690
6412700
6412700
6412700
6412700
6412700
6412700
6412700
6412700
6412700
6412700
6412700
6412700
6412700
6412700
6412700
6412700
6412700
6412700
6412700
6412700
6412700
6412700
6412700
6412700
6412700
6412700
6412700
6412700
3201250
4991170
5818130
6137600
6251800
6287910
6297570
6299830
6300020
6300070
6300110
6300130
6300130
6300130
6300130
6300130
6300130
6300130
6300130
6300130
6300130
6300130
6300130
6300130
6300130
6300130
6300130
6300130
6300130
6300130
6300130
6300130
6300130
6300130
6300130
6300130
6300130
6300130
6300130
6300130
3238920
5059280
5859420
6155460
6251840
6281520
6290680
6293180
6293250
6293280
6293290
6293290
6293290
6293290
6293290
6293290
6293290
6293290
6293290
6293290
6293290
6293290
6293290
6293290
6293290
6293290
6293290
6293290
6293290
6293290
6293290
6293290
6293290
6293290
6293290
6293290
6293290
6293290
6293290
6293290
3312130
5151020
5974200
6282310
6392690
6427150
6438610
6441730
6443570
6444320
6444380
6444400
6444400
6444400
6444400
6444400
6444400
6444400
6444400
6444400
6444400
6444400
6444400
6444400
6444400
6444400
6444400
6444400
6444400
6444400
6444400
6444400
6444400
6444400
6444400
6444400
6444400
6444400
6444400
6444400
3231330
5070710
5912710
6229040
6343940
6389230
6405970
6410120
6410850
6410920
6410970
6410990
6411000
6411000
6411000
6411000
6411000
6411000
6411000
6411000
6411000
6411000
6411000
6411000
6411000
6411000
6411000
6411000
6411000
6411000
6411000
6411000
6411000
6411000
6411000
6411000
6411000
6411000
6411000
6411000
3334580
5172410
5987940
6300990
6408290
6447510
6460010
6463320
6464550
6464620
6464630
6464640
6464640
6464640
6464640
6464640
6464640
6464640
6464640
6464640
6464640
6464640
6464640
6464640
6464640
6464640
6464640
6464640
6464640
6464640
6464640
6464640
6464640
6464640
6464640
6464640
6464640
6464640
6464640
6464640
3294690
5184670
6041410
6391410
6514910
6558550
6575360
6580550
6582470
6583090
6583130
6583150
6583160
6583170
6583180
6583180
6583180
6583180
6583180
6583180
6583180
6583180
6583180
6583180
6583180
6583180
6583180
6583180
6583180
6583180
6583180
6583180
6583180
6583180
6583180
6583180
6583180
6583180
6583180
6583180
3194390
4973000
5777030
6074480
6182390
6220460
6230300
6232870
6233710
6234390
6234470
6234510
6234530
6234550
6234550
6234550
6234550
6234550
6234550
6234550
6234550
6234550
6234550
6234550
6234550
6234550
6234550
6234550
6234550
6234550
6234550
6234550
6234550
6234550
6234550
6234550
6234550
6234550
6234550
6234550
3264030
5079410
5863100
6161510
6256210
6280640
6289240
6293350
6293530
6293580
6293610
6293620
6293620
6293620
6293620
6293620
6293620
6293620
6293620
6293620
6293620
6293620
6293620
6293620
6293620
6293620
6293620
6293620
6293620
6293620
6293620
6293620
6293620
6293620
6293620
6293620
6293620
6293620
6293620
6293620
3235170
4979090
5740480
6008680
6088280
6109640
6117430
6118300
6118920
6118950
6118950
6118950
6118950
6118950
6118950
6118950
6118950
6118950
6118950
6118950
6118950
6118950
6118950
6118950
6118950
6118950
6118950
6118950
6118950
6118950
6118950
6118950
6118950
6118950
6118950
6118950
6118950
6118950
6118950
6118950
3245730
4955930
5692600
5966450
6062000
6093520
6103500
6105170
6105410
6105540
6105610
6105640
6105650
6105650
6105650
6105650
6105650
6105650
6105650
6105650
6105650
6105650
6105650
6105650
6105650
6105650
6105650
6105650
6105650
6105650
6105650
6105650
6105650
6105650
6105650
6105650
6105650
6105650
6105650
6105650
3275720
5079140
5862660
6157090
6261660
6293810
6304630
6308900
6309700
6310250
6310270
6310290
6310310
6310320
6310330
6310330
6310330
6310330
6310330
6310330
6310330
6310330
6310330
6310330
6310330
6310330
6310330
6310330
6310330
6310330
6310330
6310330
6310330
6310330
6310330
6310330
6310330
6310330
6310330
6310330
3206830
5009050
5785850
6071940
6177730
6214680
6226950
6229260
6229460
6229520
6229560
6229580
6229590
6229600
6229600
6229600
6229600
6229600
6229600
6229600
6229600
6229600
6229600
6229600
6229600
6229600
6229600
6229600
6229600
6229600
6229600
6229600
6229600
6229600
6229600
6229600
6229600
6229600
6229600
6229600
3220040
4987230
5768260
6082690
6201150
6245320
6261880
6267350
6269240
6269350
6269380
6269390
6269390
6269390
6269390
6269390
6269390
6269390
6269390
6269390
6269390
6269390
6269390
6269390
6269390
6269390
6269390
6269390
6269390
6269390
6269390
6269390
6269390
6269390
6269390
6269390
6269390
6269390
6269390
6269390
3216040
4989480
5781960
6088020
6187710
6222350
6235010
6240630
6243860
6245090
6245130
6245140
6245140
6245140
6245140
6245140
6245140
6245140
6245140
6245140
6245140
6245140
6245140
6245140
6245140
6245140
6245140
6245140
6245140
6245140
6245140
6245140
6245140
6245140
6245140
6245140
6245140
6245140
6245140
6245140
3152490
4910490
5702920
6005540
6113950
6145370
6156400
6157940
6158570
6158610
6158610
6158610
6158610
6158610
6158610
6158610
6158610
6158610
6158610
6158610
6158610
6158610
6158610
6158610
6158610
6158610
6158610
6158610
6158610
6158610
6158610
6158610
6158610
6158610
6158610
6158610
6158610
6158610
6158610
6158610
3174650
4910500
5684410
5973160
6090480
6135930
6147920
6153220
6154930
6154990
6155020
6155030
6155040
6155050
6155060
6155070
6155070
6155070
6155070
6155070
6155070
6155070
6155070
6155070
6155070
6155070
6155070
6155070
6155070
6155070
6155070
6155070
6155070
6155070
6155070
6155070
6155070
6155070
6155070
6155070
3228670
5058650
5888470
6224140
6340620
6379080
6391160
6395630
6397460
6398190
6398230
6398230
6398230
6398230
6398230
6398230
6398230
6398230
6398230
6398230
6398230
6398230
6398230
6398230
6398230
6398230
6398230
6398230
6398230
6398230
6398230
6398230
6398230
6398230
6398230
6398230
6398230
6398230
6398230
6398230
3220050
5016210
5836790
6152680
6271030
6314570
6326360
6331430
6332370
6332560
6332620
6332660
6332660
6332660
6332660
6332660
6332660
6332660
6332660
6332660
6332660
6332660
6332660
6332660
6332660
6332660
6332660
6332660
6332660
6332660
6332660
6332660
6332660
6332660
6332660
6332660
6332660
6332660
6332660
6332660
3338300
5140320
5928230
6199080
6280560
6304710
6312380
6313870
6314590
6314670
6314720
6314760
6314760
6314760
6314760
6314760
6314760
6314760
6314760
6314760
6314760
6314760
6314760
6314760
6314760
6314760
6314760
6314760
6314760
6314760
6314760
6314760
6314760
6314760
6314760
6314760
6314760
6314760
6314760
6314760
3283630
5116170
5952250
6281150
6390800
6429280
6439340
6442690
6442980
6443080
6443110
6443120
6443120
6443120
6443120
6443120
6443120
6443120
6443120
6443120
6443120
6443120
6443120
6443120
6443120
6443120
6443120
6443120
6443120
6443120
6443120
6443120
6443120
6443120
6443120
6443120
6443120
6443120
6443120
6443120
3276400
5106800
5966130
6308770
6442590
6486240
6503580
6509160
6511470
6512690
6513280
6513320
6513320
6513320
6513320
6513320
6513320
6513320
6513320
6513320
6513320
6513320
6513320
6513320
6513320
6513320
6513320
6513320
6513320
6513320
6513320
6513320
6513320
6513320
6513320
6513320
6513320
6513320
6513320
6513320
3311280
5195170
6041200
6361520
6474340
6509400
6519740
6524090
6526490
6527700
6527760
6527780
6527790
6527800
6527800
6527800
6527800
6527800
6527800
6527800
6527800
6527800
6527800
6527800
6527800
6527800
6527800
6527800
6527800
6527800
6527800
6527800
6527800
6527800
6527800
6527800
6527800
6527800
6527800
6527800
3214920
5035350
5906280
6271910
6412150
6462540
6479430
6483910
6484780
6485490
6485550
6485560
6485560
6485560
6485560
6485560
6485560
6485560
6485560
6485560
6485560
6485560
6485560
6485560
6485560
6485560
6485560
6485560
6485560
6485560
6485560
6485560
6485560
6485560
6485560
6485560
6485560
6485560
6485560
6485560
3187050
4957970
5757310
6062550
6160860
6192690
6202920
6205670
6205900
6205960
6205980
6205980
6205980
6205980
6205980
6205980
6205980
6205980
6205980
6205980
6205980
6205980
6205980
6205980
6205980
6205980
6205980
6205980
6205980
6205980
6205980
6205980
6205980
6205980
6205980
6205980
6205980
6205980
6205980
6205980
3271010
5046910
5802730
6093820
6192950
6225490
6234170
6236780
6237590
6237680
6237700
6237700
6237700
6237700
6237700
6237700
6237700
6237700
6237700
6237700
6237700
6237700
6237700
6237700
6237700
6237700
6237700
6237700
6237700
6237700
6237700
6237700
6237700
6237700
6237700
6237700
6237700
6237700
6237700
6237700
3181400
4911470
5662330
5969040
6088730
6126800
6139430
6142770
6143610
6143680
6143690
6143690
6143690
6143690
6143690
6143690
6143690
6143690
6143690
6143690
6143690
6143690
6143690
6143690
6143690
6143690
6143690
6143690
6143690
6143690
6143690
6143690
6143690
6143690
6143690
6143690
6143690
6143690
6143690
6143690
3181580
4962820
5798430
6131120
6246580
6287500
6301980
6306740
6308030
6308050
6308050
6308050
6308050
6308050
6308050
6308050
6308050
6308050
6308050
6308050
6308050
6308050
6308050
6308050
6308050
6308050
6308050
6308050
6308050
6308050
6308050
6308050
6308050
6308050
6308050
6308050
6308050
6308050
6308050
6308050
3152140
4868610
5597570
5850420
5932040
5953640
5959380
5961770
5962990
5964100
5964110
5964110
5964110
5964110
5964110
5964110
5964110
5964110
5964110
5964110
5964110
5964110
5964110
5964110
5964110
5964110
5964110
5964110
5964110
5964110
5964110
5964110
5964110
5964110
5964110
5964110
5964110
5964110
5964110
5964110
3203070
4966600
5766700
6076670
6194070
6231530
6243920
6246600
6246900
6247010
6247040
6247050
6247060
6247070
6247080
6247080
6247080
6247080
6247080
6247080
6247080
6247080
6247080
6247080
6247080
6247080
6247080
6247080
6247080
6247080
6247080
6247080
6247080
6247080
6247080
6247080
6247080
6247080
6247080
6247080
3194560
5003520
5838690
6187440
6308720
6349270
6366440
6370740
6372600
6372700
6372730
6372730
6372730
6372730
6372730
6372730
6372730
6372730
6372730
6372730
6372730
6372730
6372730
6372730
6372730
6372730
6372730
6372730
6372730
6372730
6372730
6372730
6372730
6372730
6372730
6372730
6372730
6372730
6372730
6372730
3269610
5031640
5787450
6041920
6121730
6146330
6152920
6153960
6154540
6154550
6154550
6154550
6154550
6154550
6154550
6154550
6154550
6154550
6154550
6154550
6154550
6154550
6154550
6154550
6154550
6154550
6154550
6154550
6154550
6154550
6154550
6154550
6154550
6154550
6154550
6154550
6154550
6154550
6154550
6154550
3309830
5222930
6155930
6521960
6652120
6694850
6712020
6717890
6719640
6720240
6720280
6720310
6720310
6720310
6720310
6720310
6720310
6720310
6720310
6720310
6720310
6720310
6720310
6720310
6720310
6720310
6720310
6720310
6720310
6720310
6720310
6720310
6720310
6720310
6720310
6720310
6720310
6720310
6720310
6720310
3229000
4999790
5798400
6094260
6196460
6228610
6238290
6241460
6243250
6243860
6243880
6243900
6243900
6243900
6243900
6243900
6243900
6243900
6243900
6243900
6243900
6243900
6243900
6243900
6243900
6243900
6243900
6243900
6243900
6243900
6243900
6243900
6243900
6243900
6243900
6243900
6243900
6243900
6243900
6243900
3306140
5176520
6032490
6373710
6493450
6537170
6553860
6560120
6562420
6563120
6563630
6563640
6563650
6563650
6563650
6563650
6563650
6563650
6563650
6563650
6563650
6563650
6563650
6563650
6563650
6563650
6563650
6563650
6563650
6563650
6563650
6563650
6563650
6563650
6563650
6563650
6563650
6563650
6563650
6563650
3249500
5109200
6006640
6375850
6533070
6594750
6620730
6629420
6631960
6632730
6632860
6632890
6632890
6632890
6632890
6632890
6632890
6632890
6632890
6632890
6632890
6632890
6632890
6632890
6632890
6632890
6632890
6632890
6632890
6632890
6632890
6632890
6632890
6632890
6632890
6632890
6632890
6632890
6632890
6632890
3270310
5182260
6117440
6517060
6681060
6751280
6781460
6791600
6796240
6796990
6797070
6797100
6797100
6797100
6797100
6797100
6797100
6797100
6797100
6797100
6797100
6797100
6797100
6797100
6797100
6797100
6797100
6797100
6797100
6797100
6797100
6797100
6797100
6797100
6797100
6797100
6797100
6797100
6797100
6797100
3261650
5032970
5811940
6105710
6207950
6245800
6258740
6262270
6262530
6262600
6262630
6262640
6262640
6262640
6262640
6262640
6262640
6262640
6262640
6262640
6262640
6262640
6262640
6262640
6262640
6262640
6262640
6262640
6262640
6262640
6262640
6262640
6262640
6262640
6262640
6262640
6262640
6262640
6262640
6262640
3215070
5015190
5833070
6152320
6273140
6317010
6329050
6332350
6333060
6333180
6333220
6333250
6333260
6333270
6333270
6333270
6333270
6333270
6333270
6333270
6333270
6333270
6333270
6333270
6333270
6333270
6333270
6333270
6333270
6333270
6333270
6333270
6333270
6333270
6333270
6333270
6333270
6333270
6333270
6333270
3239410
5075990
5897740
6225570
6349450
6392750
6412390
6422690
6425350
6426450
6426480
6426500
6426510
6426520
6426520
6426520
6426520
6426520
6426520
6426520
6426520
6426520
6426520
6426520
6426520
6426520
6426520
6426520
6426520
6426520
6426520
6426520
6426520
6426520
6426520
6426520
6426520
6426520
6426520
6426520
3247350
5090930
5881980
6184270
6290720
6325180
6336540
6338610
6339280
6339900
6340410
6340970
6341550
6341550
6341550
6341550
6341550
6341550
6341550
6341550
6341550
6341550
6341550
6341550
6341550
6341550
6341550
6341550
6341550
6341550
6341550
6341550
6341550
6341550
6341550
6341550
6341550
6341550
6341550
6341550
3230790
5057030
5931800
6296180
6437150
6488490
6506570
6514750
6516840
6517550
6517610
6517630
6517640
6517650
6517650
6517650
6517650
6517650
6517650
6517650
6517650
6517650
6517650
6517650
6517650
6517650
6517650
6517650
6517650
6517650
6517650
6517650
6517650
6517650
6517650
6517650
6517650
6517650
6517650
6517650
3250120
5004320
5742860
5992330
6068900
6095380
6102310
6104710
6105390
6105420
6105420
6105420
6105420
6105420
6105420
6105420
6105420
6105420
6105420
6105420
6105420
6105420
6105420
6105420
6105420
6105420
6105420
6105420
6105420
6105420
6105420
6105420
6105420
6105420
6105420
6105420
6105420
6105420
6105420
6105420
3328880
5178090
5968180
6258980
6350980
6376350
6383620
6384510
6385230
6385860
6385900
6385900
6385900
6385900
6385900
6385900
6385900
6385900
6385900
6385900
6385900
6385900
6385900
6385900
6385900
6385900
6385900
6385900
6385900
6385900
6385900
6385900
6385900
6385900
6385900
6385900
6385900
6385900
6385900
6385900
3238470
5054650
5878250
6207650
6334350
6387770
6407390
6416310
6420300
6421550
6422200
6422720
6422740
6422740
6422740
6422740
6422740
6422740
6422740
6422740
6422740
6422740
6422740
6422740
6422740
6422740
6422740
6422740
6422740
6422740
6422740
6422740
6422740
6422740
6422740
6422740
6422740
6422740
6422740
6422740
3236330
5045820
5893370
6244170
6370330
6413080
6429240
6433620
6434520
6435260
6435320
6435330
6435330
6435330
6435330
6435330
6435330
6435330
6435330
6435330
6435330
6435330
6435330
6435330
6435330
6435330
6435330
6435330
6435330
6435330
6435330
6435330
6435330
6435330
6435330
6435330
6435330
6435330
6435330
6435330
3256790
5065700
5862640
6150560
6242590
6268880
6274680
6276070
6276190
6276220
6276230
6276230
6276230
6276230
6276230
6276230
6276230
6276230
6276230
6276230
6276230
6276230
6276230
6276230
6276230
6276230
6276230
6276230
6276230
6276230
6276230
6276230
6276230
6276230
6276230
6276230
6276230
6276230
6276230
6276230
3183030
4921630
5700200
5990370
6077760
6109340
6118240
6120920
6121050
6121080
6121090
6121100
6121100
6121100
6121100
6121100
6121100
6121100
6121100
6121100
6121100
6121100
6121100
6121100
6121100
6121100
6121100
6121100
6121100
6121100
6121100
6121100
6121100
6121100
6121100
6121100
6121100
6121100
6121100
6121100
3310040
5165360
5996650
6300060
6401660
6433080
6446380
6451530
6452850
6452900
6452920
6452920
6452920
6452920
6452920
6452920
6452920
6452920
6452920
6452920
6452920
6452920
6452920
6452920
6452920
6452920
6452920
6452920
6452920
6452920
6452920
6452920
6452920
6452920
6452920
6452920
6452920
6452920
6452920
6452920
3157680
4900250
5698300
6002270
6114180
6152400
6164160
6166480
6167870
6167930
6167940
6167940
6167940
6167940
6167940
6167940
6167940
6167940
6167940
6167940
6167940
6167940
6167940
6167940
6167940
6167940
6167940
6167940
6167940
6167940
6167940
6167940
6167940
6167940
6167940
6167940
6167940
6167940
6167940
6167940
3213340
5007070
5793010
6099900
6211820
6251820
6263470
6267140
6267940
6268030
6268050
6268060
6268060
6268060
6268060
6268060
6268060
6268060
6268060
6268060
6268060
6268060
6268060
6268060
6268060
6268060
6268060
6268060
6268060
6268060
6268060
6268060
6268060
6268060
6268060
6268060
6268060
6268060
6268060
6268060
3265000
5139360
6038280
6400240
6533800
6583110
6602370
6606870
6607820
6607990
6608050
6608070
6608080
6608090
6608100
6608100
6608100
6608100
6608100
6608100
6608100
6608100
6608100
6608100
6608100
6608100
6608100
6608100
6608100
6608100
6608100
6608100
6608100
6608100
6608100
6608100
6608100
6608100
6608100
6608100
3336520
5151120
5961200
6262920
6363480
6395750
6406260
6410610
6412790
6413430
6413470
6413480
6413490
6413490
6413490
6413490
6413490
6413490
6413490
6413490
6413490
6413490
6413490
6413490
6413490
6413490
6413490
6413490
6413490
6413490
6413490
6413490
6413490
6413490
6413490
6413490
6413490
6413490
6413490
6413490
3241140
5113500
5967000
6310020
6443560
6489830
6504110
6508010
6509910
6510500
6510510
6510510
6510510
6510510
6510510
6510510
6510510
6510510
6510510
6510510
6510510
6510510
6510510
6510510
6510510
6510510
6510510
6510510
6510510
6510510
6510510
6510510
6510510
6510510
6510510
6510510
6510510
6510510
6510510
6510510
3351630
5275050
6180600
6564350
6711960
6773300
6798250
6808680
6811240
6812880
6812990
6813030
6813040
6813050
6813050
6813050
6813050
6813050
6813050
6813050
6813050
6813050
6813050
6813050
6813050
6813050
6813050
6813050
6813050
6813050
6813050
6813050
6813050
6813050
6813050
6813050
6813050
6813050
6813050
6813050
3192080
4966760
5754090
6056100
6159030
6186380
6195200
6198220
6199460
6200090
6200110
6200110
6200110
6200110
6200110
6200110
6200110
6200110
6200110
6200110
6200110
6200110
6200110
6200110
6200110
6200110
6200110
6200110
6200110
6200110
6200110
6200110
6200110
6200110
6200110
6200110
6200110
6200110
6200110
6200110
3141750
5022340
5932880
6323550
6477290
6532080
6551190
6555160
6555980
6556060
6556100
6556110
6556110
6556110
6556110
6556110
6556110
6556110
6556110
6556110
6556110
6556110
6556110
6556110
6556110
6556110
6556110
6556110
6556110
6556110
6556110
6556110
6556110
6556110
6556110
6556110
6556110
6556110
6556110
6556110
3249280
5115970
5996750
6361210
6489840
6537150
6553490
6559800
6561850
6562460
6562490
6562500
6562510
6562510
6562510
6562510
6562510
6562510
6562510
6562510
6562510
6562510
6562510
6562510
6562510
6562510
6562510
6562510
6562510
6562510
6562510
6562510
6562510
6562510
6562510
6562510
6562510
6562510
6562510
6562510
3318740
5208460
6106690
6489600
6628900
6682480
6700030
6706160
6708770
6708870
6708900
6708900
6708900
6708900
6708900
6708900
6708900
6708900
6708900
6708900
6708900
6708900
6708900
6708900
6708900
6708900
6708900
6708900
6708900
6708900
6708900
6708900
6708900
6708900
6708900
6708900
6708900
6708900
6708900
6708900
3242130
5139680
6082290
6482810
6629140
6681830
6699810
6703250
6704110
6704200
6704250
6704270
6704280
6704290
6704300
6704310
6704310
6704310
6704310
6704310
6704310
6704310
6704310
6704310
6704310
6704310
6704310
6704310
6704310
6704310
6704310
6704310
6704310
6704310
6704310
6704310
6704310
6704310
6704310
6704310
3213870
4975310
5759700
6047340
6143690
6175070
6182840
6186240
6187460
6188080
6188090
6188090
6188090
6188090
6188090
6188090
6188090
6188090
6188090
6188090
6188090
6188090
6188090
6188090
6188090
6188090
6188090
6188090
6188090
6188090
6188090
6188090
6188090
6188090
6188090
6188090
6188090
6188090
6188090
6188090
3204530
5029940
5861740
6191310
6317800
6359770
6370660
6373220
6373850
6374470
6374470
6374470
6374470
6374470
6374470
6374470
6374470
6374470
6374470
6374470
6374470
6374470
6374470
6374470
6374470
6374470
6374470
6374470
6374470
6374470
6374470
6374470
6374470
6374470
6374470
6374470
6374470
6374470
6374470
6374470
3265510
5104710
5949550
6287770
6423300
6474640
6492410
6497850
6498590
6499210
6499230
6499240
6499240
6499240
6499240
6499240
6499240
6499240
6499240
6499240
6499240
6499240
6499240
6499240
6499240
6499240
6499240
6499240
6499240
6499240
6499240
6499240
6499240
6499240
6499240
6499240
6499240
6499240
6499240
6499240
3223260
5074810
5929140
6250420
6362960
6398640
6410930
6415590
6417700
6418950
6419590
6419620
6419630
6419630
6419630
6419630
6419630
6419630
6419630
6419630
6419630
6419630
6419630
6419630
6419630
6419630
6419630
6419630
6419630
6419630
6419630
6419630
6419630
6419630
6419630
6419630
6419630
6419630
6419630
6419630
3289140
5143350
5950930
6255370
6364340
6400680
6411930
6416550
6418880
6419580
6419650
6419670
6419680
6419690
6419700
6419700
6419700
6419700
6419700
6419700
6419700
6419700
6419700
6419700
6419700
6419700
6419700
6419700
6419700
6419700
6419700
6419700
6419700
6419700
6419700
6419700
6419700
6419700
6419700
6419700
3215380
4974390
5797090
6100550
6212390
6256440
6270500
6273540
6274810
6274880
6274920
6274920
6274920
6274920
6274920
6274920
6274920
6274920
6274920
6274920
6274920
6274920
6274920
6274920
6274920
6274920
6274920
6274920
6274920
6274920
6274920
6274920
6274920
6274920
6274920
6274920
6274920
6274920
6274920
6274920
3265270
5110170
5945250
6289760
6438400
6491190
6509700
6515050
6515320
6515420
6515440
6515450
6515450
6515450
6515450
6515450
6515450
6515450
6515450
6515450
6515450
6515450
6515450
6515450
6515450
6515450
6515450
6515450
6515450
6515450
6515450
6515450
6515450
6515450
6515450
6515450
6515450
6515450
6515450
6515450
3382710
5337950
6249170
6615200
6745490
6785750
6801310
6805680
6806400
6806470
6806490
6806500
6806500
6806500
6806500
6806500
6806500
6806500
6806500
6806500
6806500
6806500
6806500
6806500
6806500
6806500
6806500
6806500
6806500
6806500
6806500
6806500
6806500
6806500
6806500
6806500
6806500
6806500
6806500
6806500
3188050
4986190
5801720
6113630
6222790
6258700
6268850
6272720
6273960
6274010
6274050
6274070
6274070
6274070
6274070
6274070
6274070
6274070
6274070
6274070
6274070
6274070
6274070
6274070
6274070
6274070
6274070
6274070
6274070
6274070
6274070
6274070
6274070
6274070
6274070
6274070
6274070
6274070
6274070
6274070
3340000
5250420
6154170
6518780
6650910
6692190
6709820
6713940
6715310
6715380
6715400
6715400
6715400
6715400
6715400
6715400
6715400
6715400
6715400
6715400
6715400
6715400
6715400
6715400
6715400
6715400
6715400
6715400
6715400
6715400
6715400
6715400
6715400
6715400
6715400
6715400
6715400
6715400
6715400
6715400
3209100
4996550
5767130
6050210
6150000
6176740
6184670
6185630
6185730
6185790
6185800
6185800
6185800
6185800
6185800
6185800
6185800
6185800
6185800
6185800
6185800
6185800
6185800
6185800
6185800
6185800
6185800
6185800
6185800
6185800
6185800
6185800
6185800
6185800
6185800
6185800
6185800
6185800
6185800
6185800
3161630
4988020
5831760
6181970
6313360
6365300
6383990
6391610
6392920
6393590
6393630
6393650
6393670
6393680
6393690
6393690
6393690
6393690
6393690
6393690
6393690
6393690
6393690
6393690
6393690
6393690
6393690
6393690
6393690
6393690
6393690
6393690
6393690
6393690
6393690
6393690
6393690
6393690
6393690
6393690
3250370
5038620
5842580
6161380
6272090
6310640
6321070
6326580
6328010
6328660
6328710
6328730
6328750
6328760
6328770
6328770
6328770
6328770
6328770
6328770
6328770
6328770
6328770
6328770
6328770
6328770
6328770
6328770
6328770
6328770
6328770
6328770
6328770
6328770
6328770
6328770
6328770
6328770
6328770
6328770
3187630
4989720
5855360
6187020
6312810
6349450
6362990
6366750
6368490
6368560
6368560
6368560
6368560
6368560
6368560
6368560
6368560
6368560
6368560
6368560
6368560
6368560
6368560
6368560
6368560
6368560
6368560
6368560
6368560
6368560
6368560
6368560
6368560
6368560
6368560
6368560
6368560
6368560
6368560
6368560
3294160
5131920
5944690
6254220
6359570
6398060
6412200
6415260
6416480
6416580
6416620
6416630
6416630
6416630
6416630
6416630
6416630
6416630
6416630
6416630
6416630
6416630
6416630
6416630
6416630
6416630
6416630
6416630
6416630
6416630
6416630
6416630
6416630
6416630
6416630
6416630
6416630
6416630
6416630
6416630
3188480
5023550
5895110
6238820
6368520
6410010
6423960
6429070
6430410
6431040
6431580
6431580
6431580
6431580
6431580
6431580
6431580
6431580
6431580
6431580
6431580
6431580
6431580
6431580
6431580
6431580
6431580
6431580
6431580
6431580
6431580
6431580
6431580
6431580
6431580
6431580
6431580
6431580
6431580
6431580
3249350
4984910
5676800
5929920
6010930
6038060
6045230
6047070
6047670
6047700
6047710
6047720
6047720
6047720
6047720
6047720
6047720
6047720
6047720
6047720
6047720
6047720
6047720
6047720
6047720
6047720
6047720
6047720
6047720
6047720
6047720
6047720
6047720
6047720
6047720
6047720
6047720
6047720
6047720
6047720
3192200
5003070
5818080
6155280
6269620
6304390
6312440
6314030
6314140
6314150
6314150
6314150
6314150
6314150
6314150
6314150
6314150
6314150
6314150
6314150
6314150
6314150
6314150
6314150
6314150
6314150
6314150
6314150
6314150
6314150
6314150
6314150
6314150
6314150
6314150
6314150
6314150
6314150
6314150
6314150
3227470
4998830
5778520
6074920
6176700
6203810
6214180
6216360
6217160
6217210
6217230
6217230
6217230
6217230
6217230
6217230
6217230
6217230
6217230
6217230
6217230
6217230
6217230
6217230
6217230
6217230
6217230
6217230
6217230
6217230
6217230
6217230
6217230
6217230
6217230
6217230
6217230
6217230
6217230
6217230
3277770
5115140
5963780
6299980
6429040
6468350
6480500
6483940
6485290
6485390
6485410
6485420
6485420
6485420
6485420
6485420
6485420
6485420
6485420
6485420
6485420
6485420
6485420
6485420
6485420
6485420
6485420
6485420
6485420
6485420
6485420
6485420
6485420
6485420
6485420
6485420
6485420
6485420
6485420
6485420
3251530
5146250
6046620
6413810
6537300
6580390
6591610
6596920
6598780
6598870
6598880
6598880
6598880
6598880
6598880
6598880
6598880
6598880
6598880
6598880
6598880
6598880
6598880
6598880
6598880
6598880
6598880
6598880
6598880
6598880
6598880
6598880
6598880
6598880
6598880
6598880
6598880
6598880
6598880
6598880
3175970
4929600
5731270
6040280
6146920
6186460
6198670
6200860
6201630
6201690
6201690
6201690
6201690
6201690
6201690
6201690
6201690
6201690
6201690
6201690
6201690
6201690
6201690
6201690
6201690
6201690
6201690
6201690
6201690
6201690
6201690
6201690
6201690
6201690
6201690
6201690
6201690
6201690
6201690
6201690
3179880
4997410
5828060
6163700
6287910
6328420
6339760
6341750
6342140
6342310
6342390
6342400
6342410
6342420
6342420
6342420
6342420
6342420
6342420
6342420
6342420
6342420
6342420
6342420
6342420
6342420
6342420
6342420
6342420
6342420
6342420
6342420
6342420
6342420
6342420
6342420
6342420
6342420
6342420
6342420
3153210
4862390
5597280
5868550
5952860
5980860
5986310
5987260
5987390
5987430
5987440
5987440
5987440
5987440
5987440
5987440
5987440
5987440
5987440
5987440
5987440
5987440
5987440
5987440
5987440
5987440
5987440
5987440
5987440
5987440
5987440
5987440
5987440
5987440
5987440
5987440
5987440
5987440
5987440
5987440
3235230
5050260
5895530
6224210
6344760
6389620
6401300
6404130
6404900
6404990
6404990
6404990
6404990
6404990
6404990
6404990
6404990
6404990
6404990
6404990
6404990
6404990
6404990
6404990
6404990
6404990
6404990
6404990
6404990
6404990
6404990
6404990
6404990
6404990
6404990
6404990
6404990
6404990
6404990
6404990
3213910
4935580
5687060
5970560
6079370
6117390
6130350
6132960
6133600
6133650
6133660
6133660
6133660
6133660
6133660
6133660
6133660
6133660
6133660
6133660
6133660
6133660
6133660
6133660
6133660
6133660
6133660
6133660
6133660
6133660
6133660
6133660
6133660
6133660
6133660
6133660
6133660
6133660
6133660
6133660
3298130
5161150
5981330
6278330
6377390
6408520
6420070
6422690
6422870
6422920
6422930
6422940
6422950
6422950
6422950
6422950
6422950
6422950
6422950
6422950
6422950
6422950
6422950
6422950
6422950
6422950
6422950
6422950
6422950
6422950
6422950
6422950
6422950
6422950
6422950
6422950
6422950
6422950
6422950
6422950
3265490
5147650
6026770
6388700
6529990
6578700
6593240
6596920
6597900
6598060
6598110
6598110
6598110
6598110
6598110
6598110
6598110
6598110
6598110
6598110
6598110
6598110
6598110
6598110
6598110
6598110
6598110
6598110
6598110
6598110
6598110
6598110
6598110
6598110
6598110
6598110
6598110
6598110
6598110
6598110
3145190
4948420
5817830
6152430
6267980
6308930
6323930
6331610
6335780
6338340
6339840
6339840
6339840
6339840
6339840
6339840
6339840
6339840
6339840
6339840
6339840
6339840
6339840
6339840
6339840
6339840
6339840
6339840
6339840
6339840
6339840
6339840
6339840
6339840
6339840
6339840
6339840
6339840
6339840
6339840
3177410
4978420
5856800
6209680
6351410
6406720
6425400
6434010
6436420
6437080
6437130
6437150
6437150
6437150
6437150
6437150
6437150
6437150
6437150
6437150
6437150
6437150
6437150
6437150
6437150
6437150
6437150
6437150
6437150
6437150
6437150
6437150
6437150
6437150
6437150
6437150
6437150
6437150
6437150
6437150
3218830
5035530
5889690
6227110
6347240
6385230
6393930
6397710
6398340
6398390
6398410
6398410
6398410
6398410
6398410
6398410
6398410
6398410
6398410
6398410
6398410
6398410
6398410
6398410
6398410
6398410
6398410
6398410
6398410
6398410
6398410
6398410
6398410
6398410
6398410
6398410
6398410
6398410
6398410
6398410
3296650
5150060
5995730
6319910
6437100
6480620
6493450
6498620
6500490
6501690
6501790
6501820
6501820
6501820
6501820
6501820
6501820
6501820
6501820
6501820
6501820
6501820
6501820
6501820
6501820
6501820
6501820
6501820
6501820
6501820
6501820
6501820
6501820
6501820
6501820
6501820
6501820
6501820
6501820
6501820
3254970
5097760
5964010
6333380
6493700
6551370
6576720
6585060
6589960
6590630
6590700
6590740
6590750
6590750
6590750
6590750
6590750
6590750
6590750
6590750
6590750
6590750
6590750
6590750
6590750
6590750
6590750
6590750
6590750
6590750
6590750
6590750
6590750
6590750
6590750
6590750
6590750
6590750
6590750
6590750
3221010
4997160
5805420
6132870
6261300
6306550
6323790
6328890
6330280
6330400
6330430
6330440
6330440
6330440
6330440
6330440
6330440
6330440
6330440
6330440
6330440
6330440
6330440
6330440
6330440
6330440
6330440
6330440
6330440
6330440
6330440
6330440
6330440
6330440
6330440
6330440
6330440
6330440
6330440
6330440
3175600
4983730
5824610
6143470
6257580
6297780
6306790
6308780
6309970
6311050
6311640
6311650
6311650
6311650
6311650
6311650
6311650
6311650
6311650
6311650
6311650
6311650
6311650
6311650
6311650
6311650
6311650
6311650
6311650
6311650
6311650
6311650
6311650
6311650
6311650
6311650
6311650
6311650
6311650
6311650
3281650
5123530
5979260
6306550
6419830
6451060
6457610
6459290
6460110
6460160
6460190
6460190
6460190
6460190
6460190
6460190
6460190
6460190
6460190
6460190
6460190
6460190
6460190
6460190
6460190
6460190
6460190
6460190
6460190
6460190
6460190
6460190
6460190
6460190
6460190
6460190
6460190
6460190
6460190
6460190
3157310
4926190
5712100
6025630
6135840
6175490
6186390
6190950
6191710
6192340
6192350
6192350
6192350
6192350
6192350
6192350
6192350
6192350
6192350
6192350
6192350
6192350
6192350
6192350
6192350
6192350
6192350
6192350
6192350
6192350
6192350
6192350
6192350
6192350
6192350
6192350
6192350
6192350
6192350
6192350
3322260
5149440
5975680
6285970
6386080
6420220
6431490
6435520
6436180
6436820
6436860
6436870
6436880
6436880
6436880
6436880
6436880
6436880
6436880
6436880
6436880
6436880
6436880
6436880
6436880
6436880
6436880
6436880
6436880
6436880
6436880
6436880
6436880
6436880
6436880
6436880
6436880
6436880
6436880
6436880
3259690
5078460
5916570
6250290
6382170
6431590
6449650
6457930
6460150
6460790
6461320
6461880
6461880
6461880
6461880
6461880
6461880
6461880
6461880
6461880
6461880
6461880
6461880
6461880
6461880
6461880
6461880
6461880
6461880
6461880
6461880
6461880
6461880
6461880
6461880
6461880
6461880
6461880
6461880
6461880
3171380
4995200
5841600
6180640
6318250
6369500
6389680
6395360
6396720
6396830
6396860
6396860
6396860
6396860
6396860
6396860
6396860
6396860
6396860
6396860
6396860
6396860
6396860
6396860
6396860
6396860
6396860
6396860
6396860
6396860
6396860
6396860
6396860
6396860
6396860
6396860
6396860
6396860
6396860
6396860
3318240
5204370
6049750
6379140
6494990
6531430
6540250
6544100
6546110
6546850
6546940
6546980
6546990
6546990
6546990
6546990
6546990
6546990
6546990
6546990
6546990
6546990
6546990
6546990
6546990
6546990
6546990
6546990
6546990
6546990
6546990
6546990
6546990
6546990
6546990
6546990
6546990
6546990
6546990
6546990
3292960
5115420
5891230
6164190
6260420
6293960
6302670
6305790
6307040
6307050
6307050
6307050
6307050
6307050
6307050
6307050
6307050
6307050
6307050
6307050
6307050
6307050
6307050
6307050
6307050
6307050
6307050
6307050
6307050
6307050
6307050
6307050
6307050
6307050
6307050
6307050
6307050
6307050
6307050
6307050
3269550
5077030
5848560
6126930
6210610
6233350
6240120
6241010
6241140
6241160
6241160
6241160
6241160
6241160
6241160
6241160
6241160
6241160
6241160
6241160
6241160
6241160
6241160
6241160
6241160
6241160
6241160
6241160
6241160
6241160
6241160
6241160
6241160
6241160
6241160
6241160
6241160
6241160
6241160
6241160
3302040
5156070
5979570
6289230
6398000
6434320
6446120
6449660
6450310
6450380
6450390
6450390
6450390
6450390
6450390
6450390
6450390
6450390
6450390
6450390
6450390
6450390
6450390
6450390
6450390
6450390
6450390
6450390
6450390
6450390
6450390
6450390
6450390
6450390
6450390
6450390
6450390
6450390
6450390
6450390
3217900
5033480
5865650
6190090
6309050
6340570
6353770
6360320
6363060
6364170
6364220
6364240
6364250
6364260
6364260
6364260
6364260
6364260
6364260
6364260
6364260
6364260
6364260
6364260
6364260
6364260
6364260
6364260
6364260
6364260
6364260
6364260
6364260
6364260
6364260
6364260
6364260
6364260
6364260
6364260
3247490
5082430
5924940
6272040
6396330
6435390
6447110
6449820
6450070
6450140
6450170
6450180
6450180
6450180
6450180
6450180
6450180
6450180
6450180
6450180
6450180
6450180
6450180
6450180
6450180
6450180
6450180
6450180
6450180
6450180
6450180
6450180
6450180
6450180
6450180
6450180
6450180
6450180
6450180
6450180
3217360
5005410
5829280
6138390
6252820
6293790
6308030
6313400
6314100
6314170
6314180
6314180
6314180
6314180
6314180
6314180
6314180
6314180
6314180
6314180
6314180
6314180
6314180
6314180
6314180
6314180
6314180
6314180
6314180
6314180
6314180
6314180
6314180
6314180
6314180
6314180
6314180
6314180
6314180
6314180
3182020
4967000
5784790
6104370
6226840
6274120
6286110
6289700
6291410
6291520
6291560
6291580
6291580
6291580
6291580
6291580
6291580
6291580
6291580
6291580
6291580
6291580
6291580
6291580
6291580
6291580
6291580
6291580
6291580
6291580
6291580
6291580
6291580
6291580
6291580
6291580
6291580
6291580
6291580
6291580
3205960
4941500
5709350
6002440
6111960
6151930
6164430
6169050
6170270
6170340
6170360
6170370
6170370
6170370
6170370
6170370
6170370
6170370
6170370
6170370
6170370
6170370
6170370
6170370
6170370
6170370
6170370
6170370
6170370
6170370
6170370
6170370
6170370
6170370
6170370
6170370
6170370
6170370
6170370
6170370
3217040
4979230
5771780
6084850
6197200
6235480
6248870
6252050
6253340
6253970
6254000
6254000
6254000
6254000
6254000
6254000
6254000
6254000
6254000
6254000
6254000
6254000
6254000
6254000
6254000
6254000
6254000
6254000
6254000
6254000
6254000
6254000
6254000
6254000
6254000
6254000
6254000
6254000
6254000
6254000
3234320
5015010
5776210
6063410
6171500
6205010
6211970
6214090
6214260
6214320
6214320
6214320
6214320
6214320
6214320
6214320
6214320
6214320
6214320
6214320
6214320
6214320
6214320
6214320
6214320
6214320
6214320
6214320
6214320
6214320
6214320
6214320
6214320
6214320
6214320
6214320
6214320
6214320
6214320
6214320
3286180
5119710
5953940
6280670
6407150
6455310
6471680
6478370
6479680
6479760
6479790
6479790
6479790
6479790
6479790
6479790
6479790
6479790
6479790
6479790
6479790
6479790
6479790
6479790
6479790
6479790
6479790
6479790
6479790
6479790
6479790
6479790
6479790
6479790
6479790
6479790
6479790
6479790
6479790
6479790
3288560
5071390
5830040
6107700
6196950
6235110
6245200
6246340
6246600
6246730
6246760
6246780
6246790
6246790
6246790
6246790
6246790
6246790
6246790
6246790
6246790
6246790
6246790
6246790
6246790
6246790
6246790
6246790
6246790
6246790
6246790
6246790
6246790
6246790
6246790
6246790
6246790
6246790
6246790
6246790
3188990
4989290
5814380
6134270
6255280
6298360
6313370
6317760
6318500
6319140
6319160
6319160
6319160
6319160
6319160
6319160
6319160
6319160
6319160
6319160
6319160
6319160
6319160
6319160
6319160
6319160
6319160
6319160
6319160
6319160
6319160
6319160
6319160
6319160
6319160
6319160
6319160
6319160
6319160
6319160
3304340
5152480
5997120
6310350
6420940
6459260
6468300
6469930
6470600
6470660
6470680
6470680
6470680
6470680
6470680
6470680
6470680
6470680
6470680
6470680
6470680
6470680
6470680
6470680
6470680
6470680
6470680
6470680
6470680
6470680
6470680
6470680
6470680
6470680
6470680
6470680
6470680
6470680
6470680
6470680
3244570
5064550
5889680
6199320
6315130
6351760
6365320
6369300
6370000
6370080
6370100
6370100
6370100
6370100
6370100
6370100
6370100
6370100
6370100
6370100
6370100
6370100
6370100
6370100
6370100
6370100
6370100
6370100
6370100
6370100
6370100
6370100
6370100
6370100
6370100
6370100
6370100
6370100
6370100
6370100
3216960
5038730
5895340
6246550
6370820
6413280
6429550
6434190
6436040
6436110
6436130
6436130
6436130
6436130
6436130
6436130
6436130
6436130
6436130
6436130
6436130
6436130
6436130
6436130
6436130
6436130
6436130
6436130
6436130
6436130
6436130
6436130
6436130
6436130
6436130
6436130
6436130
6436130
6436130
6436130
3245070
5060030
5871010
6184230
6300710
6343650
6355740
6360050
6360750
6361350
6361350
6361350
6361350
6361350
6361350
6361350
6361350
6361350
6361350
6361350
6361350
6361350
6361350
6361350
6361350
6361350
6361350
6361350
6361350
6361350
6361350
6361350
6361350
6361350
6361350
6361350
6361350
6361350
6361350
6361350
3229520
5061380
5888140
6204070
6312110
6348750
6360240
6365550
6368370
6369090
6369160
6369210
6369220
6369220
6369220
6369220
6369220
6369220
6369220
6369220
6369220
6369220
6369220
6369220
6369220
6369220
6369220
6369220
6369220
6369220
6369220
6369220
6369220
6369220
6369220
6369220
6369220
6369220
6369220
6369220
3274110
5142050
6034170
6404440
6535780
6577170
6596600
6603480
6604860
6604980
6605010
6605030
6605030
6605030
6605030
6605030
6605030
6605030
6605030
6605030
6605030
6605030
6605030
6605030
6605030
6605030
6605030
6605030
6605030
6605030
6605030
6605030
6605030
6605030
6605030
6605030
6605030
6605030
6605030
6605030
3206120
5072010
5994590
6402240
6569770
6628300
6651310
6659440
6664320
6665650
6666290
6666360
6666370
6666380
6666390
6666390
6666390
6666390
6666390
6666390
6666390
6666390
6666390
6666390
6666390
6666390
6666390
6666390
6666390
6666390
6666390
6666390
6666390
6666390
6666390
6666390
6666390
6666390
6666390
6666390
3180580
4993040
5833630
6177060
6308580
6354600
6366460
6372240
6374490
6376020
6376620
6376640
6376650
6376650
6376650
6376650
6376650
6376650
6376650
6376650
6376650
6376650
6376650
6376650
6376650
6376650
6376650
6376650
6376650
6376650
6376650
6376650
6376650
6376650
6376650
6376650
6376650
6376650
6376650
6376650
3243190
5100430
5986170
6365210
6505430
6556570
6572500
6575340
6576100
6576210
6576260
6576280
6576280
6576280
6576280
6576280
6576280
6576280
6576280
6576280
6576280
6576280
6576280
6576280
6576280
6576280
6576280
6576280
6576280
6576280
6576280
6576280
6576280
6576280
6576280
6576280
6576280
6576280
6576280
6576280
3260270
5135360
5965870
6286480
6394880
6427770
6434400
6436530
6437740
6437790
6437790
6437790
6437790
6437790
6437790
6437790
6437790
6437790
6437790
6437790
6437790
6437790
6437790
6437790
6437790
6437790
6437790
6437790
6437790
6437790
6437790
6437790
6437790
6437790
6437790
6437790
6437790
6437790
6437790
6437790
3272320
5090150
5919710
6244350
6375300
6415610
6427940
6431330
6432220
6432370
6432440
6432450
6432460
6432460
6432460
6432460
6432460
6432460
6432460
6432460
6432460
6432460
6432460
6432460
6432460
6432460
6432460
6432460
6432460
6432460
6432460
6432460
6432460
6432460
6432460
6432460
6432460
6432460
6432460
6432460
3254450
5098970
5928720
6246210
6355620
6396470
6407910
6410920
6411570
6411620
6411630
6411630
6411630
6411630
6411630
6411630
6411630
6411630
6411630
6411630
6411630
6411630
6411630
6411630
6411630
6411630
6411630
6411630
6411630
6411630
6411630
6411630
6411630
6411630
6411630
6411630
6411630
6411630
6411630
6411630
3215440
5022190
5831170
6139590
6248910
6286040
6298790
6302550
6303300
6303390
6303390
6303390
6303390
6303390
6303390
6303390
6303390
6303390
6303390
6303390
6303390
6303390
6303390
6303390
6303390
6303390
6303390
6303390
6303390
6303390
6303390
6303390
6303390
6303390
6303390
6303390
6303390
6303390
6303390
6303390
3302330
5120930
5933780
6243430
6353550
6393830
6407020
6410990
6411290
6411410
6411460
6411470
6411480
6411480
6411480
6411480
6411480
6411480
6411480
6411480
6411480
6411480
6411480
6411480
6411480
6411480
6411480
6411480
6411480
6411480
6411480
6411480
6411480
6411480
6411480
6411480
6411480
6411480
6411480
6411480
3235040
4994040
5777350
6060030
6145300
6170150
6177190
6179220
6180020
6180050
6180060
6180060
6180060
6180060
6180060
6180060
6180060
6180060
6180060
6180060
6180060
6180060
6180060
6180060
6180060
6180060
6180060
6180060
6180060
6180060
6180060
6180060
6180060
6180060
6180060
6180060
6180060
6180060
6180060
6180060
3231490
5055430
5896810
6249010
6387430
6433410
6449020
6452250
6452480
6452570
6452610
6452630
6452640
6452640
6452640
6452640
6452640
6452640
6452640
6452640
6452640
6452640
6452640
6452640
6452640
6452640
6452640
6452640
6452640
6452640
6452640
6452640
6452640
6452640
6452640
6452640
6452640
6452640
6452640
6452640
3258590
5099270
5917640
6244270
6364240
6405490
6420240
6426590
6427980
6428080
6428150
6428190
6428190
6428190
6428190
6428190
6428190
6428190
6428190
6428190
6428190
6428190
6428190
6428190
6428190
6428190
6428190
6428190
6428190
6428190
6428190
6428190
6428190
6428190
6428190
6428190
6428190
6428190
6428190
6428190
3253010
5086480
5916720
6220730
6323150
6356910
6366890
6367900
6368000
6368050
6368070
6368080
6368080
6368080
6368080
6368080
6368080
6368080
6368080
6368080
6368080
6368080
6368080
6368080
6368080
6368080
6368080
6368080
6368080
6368080
6368080
6368080
6368080
6368080
6368080
6368080
6368080
6368080
6368080
6368080
3213430
4986140
5768120
6061160
6154100
6189960
6201340
6204930
6205730
6206330
6206960
6207530
6208060
6208070
6208070
6208070
6208070
6208070
6208070
6208070
6208070
6208070
6208070
6208070
6208070
6208070
6208070
6208070
6208070
6208070
6208070
6208070
6208070
6208070
6208070
6208070
6208070
6208070
6208070
6208070
3214730
4978940
5738890
6008150
6098090
6125660
6132310
6134470
6134620
6134670
6134700
6134710
6134710
6134710
6134710
6134710
6134710
6134710
6134710
6134710
6134710
6134710
6134710
6134710
6134710
6134710
6134710
6134710
6134710
6134710
6134710
6134710
6134710
6134710
6134710
6134710
6134710
6134710
6134710
6134710
3220860
5063070
5932930
6282060
6414350
6455010
6468970
6475930
6478630
6479900
6479970
6479990
6480000
6480000
6480000
6480000
6480000
6480000
6480000
6480000
6480000
6480000
6480000
6480000
6480000
6480000
6480000
6480000
6480000
6480000
6480000
6480000
6480000
6480000
6480000
6480000
6480000
6480000
6480000
6480000
3219890
5015010
5829300
6139880
6253980
6292210
6302030
6305350
6306580
6307210
6307740
6308360
6308910
6308910
6308910
6308910
6308910
6308910
6308910
6308910
6308910
6308910
6308910
6308910
6308910
6308910
6308910
6308910
6308910
6308910
6308910
6308910
6308910
6308910
6308910
6308910
6308910
6308910
6308910
6308910
3127600
4865870
5636950
5907490
5991410
6022030
6027730
6029250
6029320
6029350
6029350
6029350
6029350
6029350
6029350
6029350
6029350
6029350
6029350
6029350
6029350
6029350
6029350
6029350
6029350
6029350
6029350
6029350
6029350
6029350
6029350
6029350
6029350
6029350
6029350
6029350
6029350
6029350
6029350
6029350
3259260
5040310
5792640
6071990
6156960
6182210
6189940
6192560
6192690
6192750
6192770
6192770
6192770
6192770
6192770
6192770
6192770
6192770
6192770
6192770
6192770
6192770
6192770
6192770
6192770
6192770
6192770
6192770
6192770
6192770
6192770
6192770
6192770
6192770
6192770
6192770
6192770
6192770
6192770
6192770
3274490
5158060
6052660
6412890
6554750
6607550
6631650
6640790
6643820
6644070
6644170
6644240
6644270
6644280
6644290
6644290
6644290
6644290
6644290
6644290
6644290
6644290
6644290
6644290
6644290
6644290
6644290
6644290
6644290
6644290
6644290
6644290
6644290
6644290
6644290
6644290
6644290
6644290
6644290
6644290
3311500
5196940
6038930
6353770
6464210
6505290
6517250
6522100
6523550
6524190
6524220
6524230
6524230
6524230
6524230
6524230
6524230
6524230
6524230
6524230
6524230
6524230
6524230
6524230
6524230
6524230
6524230
6524230
6524230
6524230
6524230
6524230
6524230
6524230
6524230
6524230
6524230
6524230
6524230
6524230
3223950
5037850
5879680
6238060
6379890
6430430
6449660
6456150
6459350
6460580
6460660
6460690
6460690
6460690
6460690
6460690
6460690
6460690
6460690
6460690
6460690
6460690
6460690
6460690
6460690
6460690
6460690
6460690
6460690
6460690
6460690
6460690
6460690
6460690
6460690
6460690
6460690
6460690
6460690
6460690
3219870
5033600
5877330
6207960
6325970
6366280
6382140
6387310
6388090
6388800
6388830
6388830
6388830
6388830
6388830
6388830
6388830
6388830
6388830
6388830
6388830
6388830
6388830
6388830
6388830
6388830
6388830
6388830
6388830
6388830
6388830
6388830
6388830
6388830
6388830
6388830
6388830
6388830
6388830
6388830
3179490
4945090
5725530
6044550
6155950
6192140
6203790
6207930
6208060
6208100
6208120
6208120
6208120
6208120
6208120
6208120
6208120
6208120
6208120
6208120
6208120
6208120
6208120
6208120
6208120
6208120
6208120
6208120
6208120
6208120
6208120
6208120
6208120
6208120
6208120
6208120
6208120
6208120
6208120
6208120
3249380
5029780
5820630
6121410
6235300
6269970
6282550
6285050
6285200
6285240
6285260
6285280
6285280
6285280
6285280
6285280
6285280
6285280
6285280
6285280
6285280
6285280
6285280
6285280
6285280
6285280
6285280
6285280
6285280
6285280
6285280
6285280
6285280
6285280
6285280
6285280
6285280
6285280
6285280
6285280
3211930
5036360
5890890
6240810
6369390
6418520
6438930
6444690
6446560
6446670
6446700
6446700
6446700
6446700
6446700
6446700
6446700
6446700
6446700
6446700
6446700
6446700
6446700
6446700
6446700
6446700
6446700
6446700
6446700
6446700
6446700
6446700
6446700
6446700
6446700
6446700
6446700
6446700
6446700
6446700
3282720
5106070
5932220
6254730
6373880
6413170
6423320
6426070
6426370
6426450
6426480
6426500
6426520
6426530
6426530
6426530
6426530
6426530
6426530
6426530
6426530
6426530
6426530
6426530
6426530
6426530
6426530
6426530
6426530
6426530
6426530
6426530
6426530
6426530
6426530
6426530
6426530
6426530
6426530
6426530
3124820
4847590
5607800
5895180
6002540
6037220
6048960
6052710
6053520
6053620
6053670
6053680
6053680
6053680
6053680
6053680
6053680
6053680
6053680
6053680
6053680
6053680
6053680
6053680
6053680
6053680
6053680
6053680
6053680
6053680
6053680
6053680
6053680
6053680
6053680
6053680
6053680
6053680
6053680
6053680
3374570
5255030
6057930
6339940
6434280
6467320
6475230
6476770
6477350
6477370
6477370
6477370
6477370
6477370
6477370
6477370
6477370
6477370
6477370
6477370
6477370
6477370
6477370
6477370
6477370
6477370
6477370
6477370
6477370
6477370
6477370
6477370
6477370
6477370
6477370
6477370
6477370
6477370
6477370
6477370
3308920
5185610
6045960
6377490
6493420
6532210
6546070
6549450
6549700
6549830
6549860
6549880
6549890
6549890
6549890
6549890
6549890
6549890
6549890
6549890
6549890
6549890
6549890
6549890
6549890
6549890
6549890
6549890
6549890
6549890
6549890
6549890
6549890
6549890
6549890
6549890
6549890
6549890
6549890
6549890
3168500
4912360
5694620
6004790
6119810
6158310
6167970
6171280
6172480
6173070
6173090
6173090
6173090
6173090
6173090
6173090
6173090
6173090
6173090
6173090
6173090
6173090
6173090
6173090
6173090
6173090
6173090
6173090
6173090
6173090
6173090
6173090
6173090
6173090
6173090
6173090
6173090
6173090
6173090
6173090
3232760
4962840
5720580
6009980
6110870
6148120
6157770
6161870
6163250
6163290
6163300
6163300
6163300
6163300
6163300
6163300
6163300
6163300
6163300
6163300
6163300
6163300
6163300
6163300
6163300
6163300
6163300
6163300
6163300
6163300
6163300
6163300
6163300
6163300
6163300
6163300
6163300
6163300
6163300
6163300
3210110
4949920
5677620
5952810
6051820
6083530
6097310
6100830
6102010
6102100
6102110
6102110
6102110
6102110
6102110
6102110
6102110
6102110
6102110
6102110
6102110
6102110
6102110
6102110
6102110
6102110
6102110
6102110
6102110
6102110
6102110
6102110
6102110
6102110
6102110
6102110
6102110
6102110
6102110
6102110
3163260
4921230
5705560
5998730
6097820
6121570
6127740
6129770
6129890
6129910
6129910
6129910
6129910
6129910
6129910
6129910
6129910
6129910
6129910
6129910
6129910
6129910
6129910
6129910
6129910
6129910
6129910
6129910
6129910
6129910
6129910
6129910
6129910
6129910
6129910
6129910
6129910
6129910
6129910
6129910
3200660
4983200
5800320
6129910
6261430
6311760
6330940
6335640
6338000
6339200
6339240
6339270
6339270
6339270
6339270
6339270
6339270
6339270
6339270
6339270
6339270
6339270
6339270
6339270
6339270
6339270
6339270
6339270
6339270
6339270
6339270
6339270
6339270
6339270
6339270
6339270
6339270
6339270
6339270
6339270
3223680
5068550
5943250
6306850
6443220
6495050
6514820
6521500
6524050
6524240
6524290
6524300
6524300
6524300
6524300
6524300
6524300
6524300
6524300
6524300
6524300
6524300
6524300
6524300
6524300
6524300
6524300
6524300
6524300
6524300
6524300
6524300
6524300
6524300
6524300
6524300
6524300
6524300
6524300
6524300
3244190
5133110
6010140
6367630
6488570
6533020
6549170
6554250
6556070
6556180
6556230
6556250
6556260
6556270
6556280
6556290
6556290
6556290
6556290
6556290
6556290
6556290
6556290
6556290
6556290
6556290
6556290
6556290
6556290
6556290
6556290
6556290
6556290
6556290
6556290
6556290
6556290
6556290
6556290
6556290
3292720
5130160
5974290
6300010
6421330
6468930
6485280
6493120
6496080
6497300
6497370
6497400
6497410
6497410
6497410
6497410
6497410
6497410
6497410
6497410
6497410
6497410
6497410
6497410
6497410
6497410
6497410
6497410
6497410
6497410
6497410
6497410
6497410
6497410
6497410
6497410
6497410
6497410
6497410
6497410
3203870
5075350
5937200
6283720
6428350
6478870
6495540
6500470
6502400
6503010
6503100
6503140
6503150
6503150
6503150
6503150
6503150
6503150
6503150
6503150
6503150
6503150
6503150
6503150
6503150
6503150
6503150
6503150
6503150
6503150
6503150
6503150
6503150
6503150
6503150
6503150
6503150
6503150
6503150
6503150
3219790
5003490
5794970
6101710
6198340
6228950
6239510
6242590
6244050
6244130
6244180
6244190
6244190
6244190
6244190
6244190
6244190
6244190
6244190
6244190
6244190
6244190
6244190
6244190
6244190
6244190
6244190
6244190
6244190
6244190
6244190
6244190
6244190
6244190
6244190
6244190
6244190
6244190
6244190
6244190
3186030
4989750
5843490
6189690
6314930
6359400
6377120
6381600
6384070
6385300
6385310
6385320
6385330
6385330
6385330
6385330
6385330
6385330
6385330
6385330
6385330
6385330
6385330
6385330
6385330
6385330
6385330
6385330
6385330
6385330
6385330
6385330
6385330
6385330
6385330
6385330
6385330
6385330
6385330
6385330
3301390
5183660
6041270
6384480
6510970
6555640
6569800
6573200
6574000
6574070
6574090
6574110
6574130
6574130
6574130
6574130
6574130
6574130
6574130
6574130
6574130
6574130
6574130
6574130
6574130
6574130
6574130
6574130
6574130
6574130
6574130
6574130
6574130
6574130
6574130
6574130
6574130
6574130
6574130
6574130
3197380
5084950
6001230
6410770
6570970
6627920
6652040
6659750
6661220
6662420
6662520
6662550
6662580
6662590
6662600
6662600
6662600
6662600
6662600
6662600
6662600
6662600
6662600
6662600
6662600
6662600
6662600
6662600
6662600
6662600
6662600
6662600
6662600
6662600
6662600
6662600
6662600
6662600
6662600
6662600
3254870
5040070
5801650
6094920
6184720
6211330
6220000
6222060
6222170
6222200
6222200
6222200
6222200
6222200
6222200
6222200
6222200
6222200
6222200
6222200
6222200
6222200
6222200
6222200
6222200
6222200
6222200
6222200
6222200
6222200
6222200
6222200
6222200
6222200
6222200
6222200
6222200
6222200
6222200
6222200
3242700
5038690
5873900
6212910
6343630
6387920
6406550
6415520
6417490
6418150
6418180
6418200
6418200
6418200
6418200
6418200
6418200
6418200
6418200
6418200
6418200
6418200
6418200
6418200
6418200
6418200
6418200
6418200
6418200
6418200
6418200
6418200
6418200
6418200
6418200
6418200
6418200
6418200
6418200
6418200
3303060
5151000
5963110
6266410
6363990
6400570
6413870
6417660
6418360
6418950
6418970
6418980
6418980
6418980
6418980
6418980
6418980
6418980
6418980
6418980
6418980
6418980
6418980
6418980
6418980
6418980
6418980
6418980
6418980
6418980
6418980
6418980
6418980
6418980
6418980
6418980
6418980
6418980
6418980
6418980
3240020
5127850
6027810
6391440
6525220
6568650
6581350
6583750
6585110
6585140
6585140
6585140
6585140
6585140
6585140
6585140
6585140
6585140
6585140
6585140
6585140
6585140
6585140
6585140
6585140
6585140
6585140
6585140
6585140
6585140
6585140
6585140
6585140
6585140
6585140
6585140
6585140
6585140
6585140
6585140
3214580
5030190
5879140
6226950
6367460
6421950
6444030
6452530
6454720
6456220
6456800
6457370
6457390
6457410
6457410
6457410
6457410
6457410
6457410
6457410
6457410
6457410
6457410
6457410
6457410
6457410
6457410
6457410
6457410
6457410
6457410
6457410
6457410
6457410
6457410
6457410
6457410
6457410
6457410
6457410
3277220
5147280
6022140
6355580
6483060
6526120
6540590
6546250
6548250
6548910
6549580
6549650
6549660
6549670
6549670
6549670
6549670
6549670
6549670
6549670
6549670
6549670
6549670
6549670
6549670
6549670
6549670
6549670
6549670
6549670
6549670
6549670
6549670
6549670
6549670
6549670
6549670
6549670
6549670
6549670
3224940
5034720
5864150
6194190
6310970
6353770
6367600
6372880
6374180
6374300
6374360
6374370
6374370
6374370
6374370
6374370
6374370
6374370
6374370
6374370
6374370
6374370
6374370
6374370
6374370
6374370
6374370
6374370
6374370
6374370
6374370
6374370
6374370
6374370
6374370
6374370
6374370
6374370
6374370
6374370
3231810
5077160
5933120
6280100
6411050
6459470
6473240
6477500
6478540
6478730
6478790
6478790
6478790
6478790
6478790
6478790
6478790
6478790
6478790
6478790
6478790
6478790
6478790
6478790
6478790
6478790
6478790
6478790
6478790
6478790
6478790
6478790
6478790
6478790
6478790
6478790
6478790
6478790
6478790
6478790
3259440
5098830
5965460
6317430
6451770
6501990
6521660
6527620
6529020
6529150
6529200
6529220
6529220
6529220
6529220
6529220
6529220
6529220
6529220
6529220
6529220
6529220
6529220
6529220
6529220
6529220
6529220
6529220
6529220
6529220
6529220
6529220
6529220
6529220
6529220
6529220
6529220
6529220
6529220
6529220
3263960
5122150
5976170
6322240
6444110
6485770
6498430
6500160
6500950
6501020
6501050
6501050
6501050
6501050
6501050
6501050
6501050
6501050
6501050
6501050
6501050
6501050
6501050
6501050
6501050
6501050
6501050
6501050
6501050
6501050
6501050
6501050
6501050
6501050
6501050
6501050
6501050
6501050
6501050
6501050
3279490
5101690
5914670
6213330
6310840
6341520
6349820
6351500
6352210
6352270
6352320
6352360
6352370
6352370
6352370
6352370
6352370
6352370
6352370
6352370
6352370
6352370
6352370
6352370
6352370
6352370
6352370
6352370
6352370
6352370
6352370
6352370
6352370
6352370
6352370
6352370
6352370
6352370
6352370
6352370
3229750
5063800
5918870
6262160
6397390
6440060
6455240
6459170
6460460
6461080
6461630
6461650
6461670
6461670
6461670
6461670
6461670
6461670
6461670
6461670
6461670
6461670
6461670
6461670
6461670
6461670
6461670
6461670
6461670
6461670
6461670
6461670
6461670
6461670
6461670
6461670
6461670
6461670
6461670
6461670
3212400
5029790
5906530
6271010
6409920
6463750
6482640
6490520
6493560
6495270
6495320
6495330
6495330
6495330
6495330
6495330
6495330
6495330
6495330
6495330
6495330
6495330
6495330
6495330
6495330
6495330
6495330
6495330
6495330
6495330
6495330
6495330
6495330
6495330
6495330
6495330
6495330
6495330
6495330
6495330
