17093
29618
37127
41472
43680
44656
45067
45221
45254
45270
45276
45280
45282
45282
45282
45282
45282
45282
45282
45282
45282
45282
45282
45282
45282
45282
45282
45282
45282
45282
45282
45282
45282
45282
45282
45282
45282
45282
45282
45282
16842
29147
36393
40616
42779
43734
44133
44288
44339
44345
44348
44348
44348
44348
44348
44348
44348
44348
44348
44348
44348
44348
44348
44348
44348
44348
44348
44348
44348
44348
44348
44348
44348
44348
44348
44348
44348
44348
44348
44348
16867
29042
36418
40370
42412
43190
43588
43695
43725
43748
43752
43755
43755
43755
43755
43755
43755
43755
43755
43755
43755
43755
43755
43755
43755
43755
43755
43755
43755
43755
43755
43755
43755
43755
43755
43755
43755
43755
43755
43755
16828
28812
36054
40223
42118
42920
43171
43283
43352
43356
43357
43358
43358
43358
43358
43358
43358
43358
43358
43358
43358
43358
43358
43358
43358
43358
43358
43358
43358
43358
43358
43358
43358
43358
43358
43358
43358
43358
43358
43358
16815
29104
36695
41093
43386
44367
44772
44947
44984
44990
44991
44991
44991
44991
44991
44991
44991
44991
44991
44991
44991
44991
44991
44991
44991
44991
44991
44991
44991
44991
44991
44991
44991
44991
44991
44991
44991
44991
44991
44991
16799
28995
36234
40408
42485
43435
43802
43891
43912
43922
43924
43925
43925
43925
43925
43925
43925
43925
43925
43925
43925
43925
43925
43925
43925
43925
43925
43925
43925
43925
43925
43925
43925
43925
43925
43925
43925
43925
43925
43925
16594
28729
36122
40444
42577
43575
44003
44155
44248
44298
44324
44329
44332
44332
44332
44332
44332
44332
44332
44332
44332
44332
44332
44332
44332
44332
44332
44332
44332
44332
44332
44332
44332
44332
44332
44332
44332
44332
44332
44332
16724
29132
36696
41296
43851
45054
45554
45789
45852
45897
45931
45934
45935
45936
45936
45936
45936
45936
45936
45936
45936
45936
45936
45936
45936
45936
45936
45936
45936
45936
45936
45936
45936
45936
45936
45936
45936
45936
45936
45936
16876
29393
37179
41861
44494
45673
46147
46307
46355
46363
46367
46367
46367
46367
46367
46367
46367
46367
46367
46367
46367
46367
46367
46367
46367
46367
46367
46367
46367
46367
46367
46367
46367
46367
46367
46367
46367
46367
46367
46367
16800
29191
36744
41227
43681
44897
45467
45703
45782
45795
45799
45801
45802
45802
45802
45802
45802
45802
45802
45802
45802
45802
45802
45802
45802
45802
45802
45802
45802
45802
45802
45802
45802
45802
45802
45802
45802
45802
45802
45802
16846
29138
36717
41272
43773
44971
45432
45632
45670
45675
45676
45676
45676
45676
45676
45676
45676
45676
45676
45676
45676
45676
45676
45676
45676
45676
45676
45676
45676
45676
45676
45676
45676
45676
45676
45676
45676
45676
45676
45676
17103
29588
36922
40926
43006
43839
44074
44136
44151
44155
44156
44157
44157
44157
44157
44157
44157
44157
44157
44157
44157
44157
44157
44157
44157
44157
44157
44157
44157
44157
44157
44157
44157
44157
44157
44157
44157
44157
44157
44157
16779
28952
36148
40471
42651
43663
44117
44351
44392
44418
44425
44427
44428
44429
44429
44429
44429
44429
44429
44429
44429
44429
44429
44429
44429
44429
44429
44429
44429
44429
44429
44429
44429
44429
44429
44429
44429
44429
44429
44429
16913
29231
36784
41220
43633
44673
45104
45242
45273
45281
45284
45285
45285
45285
45285
45285
45285
45285
45285
45285
45285
45285
45285
45285
45285
45285
45285
45285
45285
45285
45285
45285
45285
45285
45285
45285
45285
45285
45285
45285
17109
29490
36928
41121
43202
44197
44692
44883
44932
44944
44950
44953
44954
44954
44954
44954
44954
44954
44954
44954
44954
44954
44954
44954
44954
44954
44954
44954
44954
44954
44954
44954
44954
44954
44954
44954
44954
44954
44954
44954
16675
28721
36132
40553
42934
44062
44490
44597
44618
44625
44628
44629
44630
44630
44630
44630
44630
44630
44630
44630
44630
44630
44630
44630
44630
44630
44630
44630
44630
44630
44630
44630
44630
44630
44630
44630
44630
44630
44630
44630
16789
29082
36482
40809
43069
44069
44412
44533
44564
44568
44568
44568
44568
44568
44568
44568
44568
44568
44568
44568
44568
44568
44568
44568
44568
44568
44568
44568
44568
44568
44568
44568
44568
44568
44568
44568
44568
44568
44568
44568
17017
29543
36969
41322
43602
44675
45076
45200
45223
45233
45237
45239
45240
45240
45240
45240
45240
45240
45240
45240
45240
45240
45240
45240
45240
45240
45240
45240
45240
45240
45240
45240
45240
45240
45240
45240
45240
45240
45240
45240
16974
29269
36642
40965
43304
44277
44664
44815
44858
44868
44869
44870
44871
44871
44871
44871
44871
44871
44871
44871
44871
44871
44871
44871
44871
44871
44871
44871
44871
44871
44871
44871
44871
44871
44871
44871
44871
44871
44871
44871
16744
28876
36390
40800
43194
44311
44767
44944
45011
45023
45026
45028
45030
45031
45031
45031
45031
45031
45031
45031
45031
45031
45031
45031
45031
45031
45031
45031
45031
45031
45031
45031
45031
45031
45031
45031
45031
45031
45031
45031
16956
29312
36750
41137
43426
44474
44886
45076
45143
45152
45155
45157
45158
45159
45159
45159
45159
45159
45159
45159
45159
45159
45159
45159
45159
45159
45159
45159
45159
45159
45159
45159
45159
45159
45159
45159
45159
45159
45159
45159
16976
29378
36982
41431
43705
44797
45296
45484
45566
45578
45584
45584
45584
45584
45584
45584
45584
45584
45584
45584
45584
45584
45584
45584
45584
45584
45584
45584
45584
45584
45584
45584
45584
45584
45584
45584
45584
45584
45584
45584
16862
29014
36506
40948
43241
44425
44922
45115
45186
45197
45200
45200
45200
45200
45200
45200
45200
45200
45200
45200
45200
45200
45200
45200
45200
45200
45200
45200
45200
45200
45200
45200
45200
45200
45200
45200
45200
45200
45200
45200
16720
28827
35940
39889
41822
42568
42843
42980
43049
43071
43073
43074
43074
43074
43074
43074
43074
43074
43074
43074
43074
43074
43074
43074
43074
43074
43074
43074
43074
43074
43074
43074
43074
43074
43074
43074
43074
43074
43074
43074
17022
29513
37079
41671
44234
45409
45835
45990
46054
46061
46063
46063
46063
46063
46063
46063
46063
46063
46063
46063
46063
46063
46063
46063
46063
46063
46063
46063
46063
46063
46063
46063
46063
46063
46063
46063
46063
46063
46063
46063
16860
29040
36617
41078
43355
44255
44621
44792
44860
44894
44916
44920
44921
44921
44921
44921
44921
44921
44921
44921
44921
44921
44921
44921
44921
44921
44921
44921
44921
44921
44921
44921
44921
44921
44921
44921
44921
44921
44921
44921
16861
29128
36671
41084
43456
44454
44796
44905
44924
44929
44933
44935
44935
44935
44935
44935
44935
44935
44935
44935
44935
44935
44935
44935
44935
44935
44935
44935
44935
44935
44935
44935
44935
44935
44935
44935
44935
44935
44935
44935
16845
28958
36120
40179
42095
42879
43171
43265
43272
43275
43276
43276
43276
43276
43276
43276
43276
43276
43276
43276
43276
43276
43276
43276
43276
43276
43276
43276
43276
43276
43276
43276
43276
43276
43276
43276
43276
43276
43276
43276
17068
29513
36951
41203
43349
44299
44704
44821
44888
44924
44930
44932
44932
44932
44932
44932
44932
44932
44932
44932
44932
44932
44932
44932
44932
44932
44932
44932
44932
44932
44932
44932
44932
44932
44932
44932
44932
44932
44932
44932
16788
29009
36340
40556
42686
43705
44131
44273
44307
44314
44319
44321
44322
44322
44322
44322
44322
44322
44322
44322
44322
44322
44322
44322
44322
44322
44322
44322
44322
44322
44322
44322
44322
44322
44322
44322
44322
44322
44322
44322
17168
29585
36960
41160
43232
44268
44660
44796
44841
44848
44849
44850
44850
44850
44850
44850
44850
44850
44850
44850
44850
44850
44850
44850
44850
44850
44850
44850
44850
44850
44850
44850
44850
44850
44850
44850
44850
44850
44850
44850
17001
29524
37159
41700
44066
45232
45743
45911
45986
46009
46013
46015
46016
46017
46018
46018
46018
46018
46018
46018
46018
46018
46018
46018
46018
46018
46018
46018
46018
46018
46018
46018
46018
46018
46018
46018
46018
46018
46018
46018
16799
28949
36383
40622
42755
43715
44036
44137
44182
44211
44219
44223
44225
44227
44227
44227
44227
44227
44227
44227
44227
44227
44227
44227
44227
44227
44227
44227
44227
44227
44227
44227
44227
44227
44227
44227
44227
44227
44227
44227
16938
29216
36449
40550
42493
43259
43534
43672
43690
43695
43698
43699
43699
43699
43699
43699
43699
43699
43699
43699
43699
43699
43699
43699
43699
43699
43699
43699
43699
43699
43699
43699
43699
43699
43699
43699
43699
43699
43699
43699
16782
28778
35887
39853
41651
42383
42655
42703
42726
42729
42729
42729
42729
42729
42729
42729
42729
42729
42729
42729
42729
42729
42729
42729
42729
42729
42729
42729
42729
42729
42729
42729
42729
42729
42729
42729
42729
42729
42729
42729
16746
28646
35584
39452
41402
42253
42588
42677
42701
42714
42721
42724
42725
42725
42725
42725
42725
42725
42725
42725
42725
42725
42725
42725
42725
42725
42725
42725
42725
42725
42725
42725
42725
42725
42725
42725
42725
42725
42725
42725
17054
29423
36717
40810
42921
43796
44137
44291
44332
44348
44350
44352
44354
44355
44356
44356
44356
44356
44356
44356
44356
44356
44356
44356
44356
44356
44356
44356
44356
44356
44356
44356
44356
44356
44356
44356
44356
44356
44356
44356
16873
29161
36485
40680
42796
43722
44130
44244
44264
44270
44274
44276
44277
44278
44278
44278
44278
44278
44278
44278
44278
44278
44278
44278
44278
44278
44278
44278
44278
44278
44278
44278
44278
44278
44278
44278
44278
44278
44278
44278
16790
28929
36091
40234
42447
43471
43957
44153
44225
44236
44239
44240
44240
44240
44240
44240
44240
44240
44240
44240
44240
44240
44240
44240
44240
44240
44240
44240
44240
44240
44240
44240
44240
44240
44240
44240
44240
44240
44240
44240
16897
29076
36408
40728
42819
43709
44039
44211
44300
44345
44349
44350
44350
44350
44350
44350
44350
44350
44350
44350
44350
44350
44350
44350
44350
44350
44350
44350
44350
44350
44350
44350
44350
44350
44350
44350
44350
44350
44350
44350
16704
28704
35953
40124
42307
43187
43549
43625
43649
43653
43653
43653
43653
43653
43653
43653
43653
43653
43653
43653
43653
43653
43653
43653
43653
43653
43653
43653
43653
43653
43653
43653
43653
43653
43653
43653
43653
43653
43653
43653
16619
28588
35779
39811
41910
42906
43208
43348
43402
43408
43411
43412
43413
43414
43415
43416
43416
43416
43416
43416
43416
43416
43416
43416
43416
43416
43416
43416
43416
43416
43416
43416
43416
43416
43416
43416
43416
43416
43416
43416
16834
29090
36529
40963
43173
44172
44561
44735
44801
44835
44839
44839
44839
44839
44839
44839
44839
44839
44839
44839
44839
44839
44839
44839
44839
44839
44839
44839
44839
44839
44839
44839
44839
44839
44839
44839
44839
44839
44839
44839
16869
29136
36470
40720
42922
44000
44399
44594
44649
44668
44674
44678
44678
44678
44678
44678
44678
44678
44678
44678
44678
44678
44678
44678
44678
44678
44678
44678
44678
44678
44678
44678
44678
44678
44678
44678
44678
44678
44678
44678
17189
29496
36878
40875
42822
43599
43898
43969
44002
44010
44015
44019
44019
44019
44019
44019
44019
44019
44019
44019
44019
44019
44019
44019
44019
44019
44019
44019
44019
44019
44019
44019
44019
44019
44019
44019
44019
44019
44019
44019
16987
29265
36862
41282
43511
44512
44855
44995
45024
45034
45037
45038
45038
45038
45038
45038
45038
45038
45038
45038
45038
45038
45038
45038
45038
45038
45038
45038
45038
45038
45038
45038
45038
45038
45038
45038
45038
45038
45038
45038
17005
29225
36807
41314
43581
44631
45117
45324
45399
45443
45463
45467
45467
45467
45467
45467
45467
45467
45467
45467
45467
45467
45467
45467
45467
45467
45467
45467
45467
45467
45467
45467
45467
45467
45467
45467
45467
45467
45467
45467
17022
29599
37099
41363
43558
44568
44939
45101
45185
45228
45234
45236
45237
45238
45238
45238
45238
45238
45238
45238
45238
45238
45238
45238
45238
45238
45238
45238
45238
45238
45238
45238
45238
45238
45238
45238
45238
45238
45238
45238
16824
29100
36750
41372
43891
45069
45549
45724
45772
45804
45810
45811
45811
45811
45811
45811
45811
45811
45811
45811
45811
45811
45811
45811
45811
45811
45811
45811
45811
45811
45811
45811
45811
45811
45811
45811
45811
45811
45811
45811
16845
29045
36478
40755
42825
43785
44145
44264
44287
44293
44295
44295
44295
44295
44295
44295
44295
44295
44295
44295
44295
44295
44295
44295
44295
44295
44295
44295
44295
44295
44295
44295
44295
44295
44295
44295
44295
44295
44295
44295
16778
28735
35755
39748
41744
42580
42863
42968
43010
43019
43021
43021
43021
43021
43021
43021
43021
43021
43021
43021
43021
43021
43021
43021
43021
43021
43021
43021
43021
43021
43021
43021
43021
43021
43021
43021
43021
43021
43021
43021
16709
28685
35677
39750
41891
42851
43256
43395
43440
43447
43448
43448
43448
43448
43448
43448
43448
43448
43448
43448
43448
43448
43448
43448
43448
43448
43448
43448
43448
43448
43448
43448
43448
43448
43448
43448
43448
43448
43448
43448
16610
28633
35988
40358
42583
43594
44028
44192
44243
44245
44245
44245
44245
44245
44245
44245
44245
44245
44245
44245
44245
44245
44245
44245
44245
44245
44245
44245
44245
44245
44245
44245
44245
44245
44245
44245
44245
44245
44245
44245
16747
28650
35636
39432
41276
41993
42216
42299
42343
42376
42377
42377
42377
42377
42377
42377
42377
42377
42377
42377
42377
42377
42377
42377
42377
42377
42377
42377
42377
42377
42377
42377
42377
42377
42377
42377
42377
42377
42377
42377
16926
29128
36598
40880
43182
44198
44618
44730
44760
44771
44774
44775
44776
44777
44778
44778
44778
44778
44778
44778
44778
44778
44778
44778
44778
44778
44778
44778
44778
44778
44778
44778
44778
44778
44778
44778
44778
44778
44778
44778
16972
29310
36855
41388
43688
44740
45248
45405
45474
45484
45487
45487
45487
45487
45487
45487
45487
45487
45487
45487
45487
45487
45487
45487
45487
45487
45487
45487
45487
45487
45487
45487
45487
45487
45487
45487
45487
45487
45487
45487
16950
29080
36294
40213
42110
42854
43123
43188
43207
43208
43208
43208
43208
43208
43208
43208
43208
43208
43208
43208
43208
43208
43208
43208
43208
43208
43208
43208
43208
43208
43208
43208
43208
43208
43208
43208
43208
43208
43208
43208
17072
29723
37652
42353
44839
45992
46500
46697
46755
46776
46780
46783
46783
46783
46783
46783
46783
46783
46783
46783
46783
46783
46783
46783
46783
46783
46783
46783
46783
46783
46783
46783
46783
46783
46783
46783
46783
46783
46783
46783
16750
28703
35907
39909
41978
42853
43197
43319
43381
43403
43405
43407
43407
43407
43407
43407
43407
43407
43407
43407
43407
43407
43407
43407
43407
43407
43407
43407
43407
43407
43407
43407
43407
43407
43407
43407
43407
43407
43407
43407
17093
29528
37125
41724
44143
45317
45855
46052
46126
46157
46169
46170
46171
46171
46171
46171
46171
46171
46171
46171
46171
46171
46171
46171
46171
46171
46171
46171
46171
46171
46171
46171
46171
46171
46171
46171
46171
46171
46171
46171
16928
29387
37153
41782
44361
45654
46302
46625
46723
46761
46774
46777
46777
46777
46777
46777
46777
46777
46777
46777
46777
46777
46777
46777
46777
46777
46777
46777
46777
46777
46777
46777
46777
46777
46777
46777
46777
46777
46777
46777
17059
29790
37664
42565
45237
46760
47555
47867
48019
48055
48063
48066
48066
48066
48066
48066
48066
48066
48066
48066
48066
48066
48066
48066
48066
48066
48066
48066
48066
48066
48066
48066
48066
48066
48066
48066
48066
48066
48066
48066
16778
28784
35896
39884
41840
42778
43136
43255
43281
43288
43291
43292
43292
43292
43292
43292
43292
43292
43292
43292
43292
43292
43292
43292
43292
43292
43292
43292
43292
43292
43292
43292
43292
43292
43292
43292
43292
43292
43292
43292
16839
28995
36293
40606
42821
43854
44239
44374
44406
44418
44422
44425
44426
44427
44427
44427
44427
44427
44427
44427
44427
44427
44427
44427
44427
44427
44427
44427
44427
44427
44427
44427
44427
44427
44427
44427
44427
44427
44427
44427
16777
29147
36637
40950
43198
44213
44695
44945
45016
45048
45051
45053
45054
45055
45055
45055
45055
45055
45055
45055
45055
45055
45055
45055
45055
45055
45055
45055
45055
45055
45055
45055
45055
45055
45055
45055
45055
45055
45055
45055
16869
29237
36543
40798
42941
43891
44247
44337
44365
44388
44400
44417
44436
44436
44436
44436
44436
44436
44436
44436
44436
44436
44436
44436
44436
44436
44436
44436
44436
44436
44436
44436
44436
44436
44436
44436
44436
44436
44436
44436
16851
29123
36728
41342
43739
44856
45338
45571
45663
45695
45701
45703
45704
45705
45705
45705
45705
45705
45705
45705
45705
45705
45705
45705
45705
45705
45705
45705
45705
45705
45705
45705
45705
45705
45705
45705
45705
45705
45705
45705
16795
28922
35969
39856
41663
42439
42703
42787
42816
42819
42819
42819
42819
42819
42819
42819
42819
42819
42819
42819
42819
42819
42819
42819
42819
42819
42819
42819
42819
42819
42819
42819
42819
42819
42819
42819
42819
42819
42819
42819
16988
29373
36661
40742
42649
43431
43690
43740
43773
43797
43801
43801
43801
43801
43801
43801
43801
43801
43801
43801
43801
43801
43801
43801
43801
43801
43801
43801
43801
43801
43801
43801
43801
43801
43801
43801
43801
43801
43801
43801
16839
29119
36638
40952
43170
44300
44780
45009
45135
45182
45208
45221
45223
45223
45223
45223
45223
45223
45223
45223
45223
45223
45223
45223
45223
45223
45223
45223
45223
45223
45223
45223
45223
45223
45223
45223
45223
45223
45223
45223
16898
29211
36785
41289
43609
44764
45249
45414
45465
45500
45506
45507
45507
45507
45507
45507
45507
45507
45507
45507
45507
45507
45507
45507
45507
45507
45507
45507
45507
45507
45507
45507
45507
45507
45507
45507
45507
45507
45507
45507
16916
29132
36520
40547
42574
43370
43599
43660
43672
43675
43676
43676
43676
43676
43676
43676
43676
43676
43676
43676
43676
43676
43676
43676
43676
43676
43676
43676
43676
43676
43676
43676
43676
43676
43676
43676
43676
43676
43676
43676
16755
28726
35954
39972
41847
42704
43009
43121
43134
43137
43138
43139
43139
43139
43139
43139
43139
43139
43139
43139
43139
43139
43139
43139
43139
43139
43139
43139
43139
43139
43139
43139
43139
43139
43139
43139
43139
43139
43139
43139
17015
29387
36895
41145
43232
44034
44428
44592
44646
44651
44653
44653
44653
44653
44653
44653
44653
44653
44653
44653
44653
44653
44653
44653
44653
44653
44653
44653
44653
44653
44653
44653
44653
44653
44653
44653
44653
44653
44653
44653
16638
28616
35920
40226
42447
43422
43818
43933
43994
44000
44001
44001
44001
44001
44001
44001
44001
44001
44001
44001
44001
44001
44001
44001
44001
44001
44001
44001
44001
44001
44001
44001
44001
44001
44001
44001
44001
44001
44001
44001
16978
29275
36616
40785
42929
43887
44272
44405
44446
44455
44457
44458
44458
44458
44458
44458
44458
44458
44458
44458
44458
44458
44458
44458
44458
44458
44458
44458
44458
44458
44458
44458
44458
44458
44458
44458
44458
44458
44458
44458
16918
29283
36924
41491
44005
45192
45792
45969
46025
46042
46048
46050
46051
46052
46053
46053
46053
46053
46053
46053
46053
46053
46053
46053
46053
46053
46053
46053
46053
46053
46053
46053
46053
46053
46053
46053
46053
46053
46053
46053
17167
29523
36977
41253
43314
44162
44511
44673
44735
44760
44764
44765
44766
44766
44766
44766
44766
44766
44766
44766
44766
44766
44766
44766
44766
44766
44766
44766
44766
44766
44766
44766
44766
44766
44766
44766
44766
44766
44766
44766
16950
29505
37089
41634
44107
45224
45638
45794
45867
45887
45888
45888
45888
45888
45888
45888
45888
45888
45888
45888
45888
45888
45888
45888
45888
45888
45888
45888
45888
45888
45888
45888
45888
45888
45888
45888
45888
45888
45888
45888
17196
29787
37584
42224
44739
46076
46699
47040
47140
47187
47198
47202
47203
47204
47204
47204
47204
47204
47204
47204
47204
47204
47204
47204
47204
47204
47204
47204
47204
47204
47204
47204
47204
47204
47204
47204
47204
47204
47204
47204
16685
28793
36039
40149
42252
43076
43412
43519
43565
43589
43591
43591
43591
43591
43591
43591
43591
43591
43591
43591
43591
43591
43591
43591
43591
43591
43591
43591
43591
43591
43591
43591
43591
43591
43591
43591
43591
43591
43591
43591
16566
29008
36680
41427
43931
45198
45744
45907
45950
45958
45962
45963
45963
45963
45963
45963
45963
45963
45963
45963
45963
45963
45963
45963
45963
45963
45963
45963
45963
45963
45963
45963
45963
45963
45963
45963
45963
45963
45963
45963
16945
29479
37139
41800
44211
45354
45818
46020
46108
46130
46133
46134
46135
46135
46135
46135
46135
46135
46135
46135
46135
46135
46135
46135
46135
46135
46135
46135
46135
46135
46135
46135
46135
46135
46135
46135
46135
46135
46135
46135
17066
29524
37174
41847
44272
45418
45847
46031
46136
46146
46149
46149
46149
46149
46149
46149
46149
46149
46149
46149
46149
46149
46149
46149
46149
46149
46149
46149
46149
46149
46149
46149
46149
46149
46149
46149
46149
46149
46149
46149
16815
29159
36996
41753
44257
45470
45981
46130
46177
46186
46191
46193
46194
46195
46196
46197
46197
46197
46197
46197
46197
46197
46197
46197
46197
46197
46197
46197
46197
46197
46197
46197
46197
46197
46197
46197
46197
46197
46197
46197
16641
28634
35898
40092
42161
42998
43229
43335
43379
43402
43403
43403
43403
43403
43403
43403
43403
43403
43403
43403
43403
43403
43403
43403
43403
43403
43403
43403
43403
43403
43403
43403
43403
43403
43403
43403
43403
43403
43403
43403
16799
29027
36508
40956
43426
44542
44929
45029
45053
45076
45076
45076
45076
45076
45076
45076
45076
45076
45076
45076
45076
45076
45076
45076
45076
45076
45076
45076
45076
45076
45076
45076
45076
45076
45076
45076
45076
45076
45076
45076
16930
29211
36670
41047
43446
44524
44975
45168
45203
45226
45228
45229
45229
45229
45229
45229
45229
45229
45229
45229
45229
45229
45229
45229
45229
45229
45229
45229
45229
45229
45229
45229
45229
45229
45229
45229
45229
45229
45229
45229
16800
29224
36696
41017
43223
44178
44549
44703
44797
44844
44869
44872
44873
44873
44873
44873
44873
44873
44873
44873
44873
44873
44873
44873
44873
44873
44873
44873
44873
44873
44873
44873
44873
44873
44873
44873
44873
44873
44873
44873
17109
29526
36964
41161
43361
44304
44688
44838
44915
44946
44953
44955
44956
44957
44958
44958
44958
44958
44958
44958
44958
44958
44958
44958
44958
44958
44958
44958
44958
44958
44958
44958
44958
44958
44958
44958
44958
44958
44958
44958
16792
28854
36361
40694
42908
43959
44351
44460
44509
44516
44520
44520
44520
44520
44520
44520
44520
44520
44520
44520
44520
44520
44520
44520
44520
44520
44520
44520
44520
44520
44520
44520
44520
44520
44520
44520
44520
44520
44520
44520
16945
29367
36825
41246
43708
44892
45378
45562
45589
45599
45601
45602
45602
45602
45602
45602
45602
45602
45602
45602
45602
45602
45602
45602
45602
45602
45602
45602
45602
45602
45602
45602
45602
45602
45602
45602
45602
45602
45602
45602
17223
29915
37733
42512
45011
46073
46537
46701
46734
46741
46743
46744
46744
46744
46744
46744
46744
46744
46744
46744
46744
46744
46744
46744
46744
46744
46744
46744
46744
46744
46744
46744
46744
46744
46744
46744
46744
46744
46744
46744
16750
28981
36434
40676
42856
43834
44186
44339
44385
44390
44394
44396
44396
44396
44396
44396
44396
44396
44396
44396
44396
44396
44396
44396
44396
44396
44396
44396
44396
44396
44396
44396
44396
44396
44396
44396
44396
44396
44396
44396
17164
29820
37593
42269
44718
45843
46358
46497
46556
46563
46565
46565
46565
46565
46565
46565
46565
46565
46565
46565
46565
46565
46565
46565
46565
46565
46565
46565
46565
46565
46565
46565
46565
46565
46565
46565
46565
46565
46565
46565
16788
29003
36212
40262
42324
43087
43373
43430
43440
43446
43447
43447
43447
43447
43447
43447
43447
43447
43447
43447
43447
43447
43447
43447
43447
43447
43447
43447
43447
43447
43447
43447
43447
43447
43447
43447
43447
43447
43447
43447
16682
29047
36552
40997
43411
44588
45131
45347
45400
45428
45432
45434
45436
45437
45438
45438
45438
45438
45438
45438
45438
45438
45438
45438
45438
45438
45438
45438
45438
45438
45438
45438
45438
45438
45438
45438
45438
45438
45438
45438
16898
28998
36347
40576
42716
43685
44026
44226
44291
44317
44322
44324
44326
44327
44328
44328
44328
44328
44328
44328
44328
44328
44328
44328
44328
44328
44328
44328
44328
44328
44328
44328
44328
44328
44328
44328
44328
44328
44328
44328
16747
28983
36611
40995
43395
44368
44786
44928
44985
44992
44992
44992
44992
44992
44992
44992
44992
44992
44992
44992
44992
44992
44992
44992
44992
44992
44992
44992
44992
44992
44992
44992
44992
44992
44992
44992
44992
44992
44992
44992
16987
29358
36769
41046
43196
44198
44598
44709
44753
44763
44767
44768
44768
44768
44768
44768
44768
44768
44768
44768
44768
44768
44768
44768
44768
44768
44768
44768
44768
44768
44768
44768
44768
44768
44768
44768
44768
44768
44768
44768
16637
28895
36452
40832
43233
44262
44682
44842
44898
44922
44937
44937
44937
44937
44937
44937
44937
44937
44937
44937
44937
44937
44937
44937
44937
44937
44937
44937
44937
44937
44937
44937
44937
44937
44937
44937
44937
44937
44937
44937
16952
28970
35993
39855
41599
42323
42572
42639
42660
42663
42664
42665
42665
42665
42665
42665
42665
42665
42665
42665
42665
42665
42665
42665
42665
42665
42665
42665
42665
42665
42665
42665
42665
42665
42665
42665
42665
42665
42665
42665
16658
28797
36198
40551
42820
43762
44021
44102
44113
44114
44114
44114
44114
44114
44114
44114
44114
44114
44114
44114
44114
44114
44114
44114
44114
44114
44114
44114
44114
44114
44114
44114
44114
44114
44114
44114
44114
44114
44114
44114
16753
28802
36025
40276
42342
43103
43399
43500
43541
43546
43548
43548
43548
43548
43548
43548
43548
43548
43548
43548
43548
43548
43548
43548
43548
43548
43548
43548
43548
43548
43548
43548
43548
43548
43548
43548
43548
43548
43548
43548
16908
29279
36689
41020
43318
44324
44720
44869
44926
44936
44938
44939
44939
44939
44939
44939
44939
44939
44939
44939
44939
44939
44939
44939
44939
44939
44939
44939
44939
44939
44939
44939
44939
44939
44939
44939
44939
44939
44939
44939
16975
29660
37329
41990
44316
45388
45769
45949
46018
46027
46028
46028
46028
46028
46028
46028
46028
46028
46028
46028
46028
46028
46028
46028
46028
46028
46028
46028
46028
46028
46028
46028
46028
46028
46028
46028
46028
46028
46028
46028
16634
28665
35863
40010
42094
43123
43486
43588
43626
43632
43632
43632
43632
43632
43632
43632
43632
43632
43632
43632
43632
43632
43632
43632
43632
43632
43632
43632
43632
43632
43632
43632
43632
43632
43632
43632
43632
43632
43632
43632
16674
28933
36455
40964
43362
44410
44803
44924
44963
44980
44988
44989
44990
44991
44991
44991
44991
44991
44991
44991
44991
44991
44991
44991
44991
44991
44991
44991
44991
44991
44991
44991
44991
44991
44991
44991
44991
44991
44991
44991
16698
28691
35763
39802
41642
42492
42725
42781
42794
42798
42799
42799
42799
42799
42799
42799
42799
42799
42799
42799
42799
42799
42799
42799
42799
42799
42799
42799
42799
42799
42799
42799
42799
42799
42799
42799
42799
42799
42799
42799
16866
29070
36416
40658
42963
44095
44522
44649
44687
44696
44696
44696
44696
44696
44696
44696
44696
44696
44696
44696
44696
44696
44696
44696
44696
44696
44696
44696
44696
44696
44696
44696
44696
44696
44696
44696
44696
44696
44696
44696
16840
28795
35927
39941
42008
42963
43362
43467
43492
43497
43498
43498
43498
43498
43498
43498
43498
43498
43498
43498
43498
43498
43498
43498
43498
43498
43498
43498
43498
43498
43498
43498
43498
43498
43498
43498
43498
43498
43498
43498
16994
29434
36884
41000
43067
43918
44254
44360
44378
44383
44384
44385
44386
44386
44386
44386
44386
44386
44386
44386
44386
44386
44386
44386
44386
44386
44386
44386
44386
44386
44386
44386
44386
44386
44386
44386
44386
44386
44386
44386
17045
29605
37216
41780
44326
45531
46010
46183
46242
46258
46263
46263
46263
46263
46263
46263
46263
46263
46263
46263
46263
46263
46263
46263
46263
46263
46263
46263
46263
46263
46263
46263
46263
46263
46263
46263
46263
46263
46263
46263
16715
28948
36524
40890
43124
44177
44624
44807
44912
44973
45006
45006
45006
45006
45006
45006
45006
45006
45006
45006
45006
45006
45006
45006
45006
45006
45006
45006
45006
45006
45006
45006
45006
45006
45006
45006
45006
45006
45006
45006
16700
28828
36326
40726
43160
44362
44865
45102
45187
45214
45219
45221
45221
45221
45221
45221
45221
45221
45221
45221
45221
45221
45221
45221
45221
45221
45221
45221
45221
45221
45221
45221
45221
45221
45221
45221
45221
45221
45221
45221
16786
29079
36612
41065
43328
44358
44682
44826
44850
44855
44857
44857
44857
44857
44857
44857
44857
44857
44857
44857
44857
44857
44857
44857
44857
44857
44857
44857
44857
44857
44857
44857
44857
44857
44857
44857
44857
44857
44857
44857
17041
29456
36959
41258
43500
44537
44962
45128
45198
45240
45250
45253
45253
45253
45253
45253
45253
45253
45253
45253
45253
45253
45253
45253
45253
45253
45253
45253
45253
45253
45253
45253
45253
45253
45253
45253
45253
45253
45253
45253
16773
29062
36517
40967
43622
44904
45528
45777
45916
45944
45951
45955
45956
45956
45956
45956
45956
45956
45956
45956
45956
45956
45956
45956
45956
45956
45956
45956
45956
45956
45956
45956
45956
45956
45956
45956
45956
45956
45956
45956
16848
29064
36375
40572
42885
43900
44376
44535
44596
44608
44611
44612
44612
44612
44612
44612
44612
44612
44612
44612
44612
44612
44612
44612
44612
44612
44612
44612
44612
44612
44612
44612
44612
44612
44612
44612
44612
44612
44612
44612
16636
28852
36383
40774
43059
44115
44431
44513
44554
44584
44604
44605
44605
44605
44605
44605
44605
44605
44605
44605
44605
44605
44605
44605
44605
44605
44605
44605
44605
44605
44605
44605
44605
44605
44605
44605
44605
44605
44605
44605
16945
29182
36716
41170
43567
44506
44771
44861
44904
44909
44912
44912
44912
44912
44912
44912
44912
44912
44912
44912
44912
44912
44912
44912
44912
44912
44912
44912
44912
44912
44912
44912
44912
44912
44912
44912
44912
44912
44912
44912
16718
28909
36286
40612
42819
43820
44169
44313
44350
44374
44375
44375
44375
44375
44375
44375
44375
44375
44375
44375
44375
44375
44375
44375
44375
44375
44375
44375
44375
44375
44375
44375
44375
44375
44375
44375
44375
44375
44375
44375
17106
29394
36748
40906
43000
43918
44265
44395
44422
44447
44451
44452
44453
44453
44453
44453
44453
44453
44453
44453
44453
44453
44453
44453
44453
44453
44453
44453
44453
44453
44453
44453
44453
44453
44453
44453
44453
44453
44453
44453
17050
29355
36843
41238
43662
44782
45223
45427
45493
45518
45532
45549
45549
45549
45549
45549
45549
45549
45549
45549
45549
45549
45549
45549
45549
45549
45549
45549
45549
45549
45549
45549
45549
45549
45549
45549
45549
45549
45549
45549
16682
28985
36561
40981
43432
44618
45115
45293
45351
45362
45365
45365
45365
45365
45365
45365
45365
45365
45365
45365
45365
45365
45365
45365
45365
45365
45365
45365
45365
45365
45365
45365
45365
45365
45365
45365
45365
45365
45365
45365
16938
29271
36745
40980
43205
44197
44572
44723
44807
44842
44851
44855
44856
44856
44856
44856
44856
44856
44856
44856
44856
44856
44856
44856
44856
44856
44856
44856
44856
44856
44856
44856
44856
44856
44856
44856
44856
44856
44856
44856
17140
29502
36727
40701
42641
43460
43746
43863
43910
43911
43911
43911
43911
43911
43911
43911
43911
43911
43911
43911
43911
43911
43911
43911
43911
43911
43911
43911
43911
43911
43911
43911
43911
43911
43911
43911
43911
43911
43911
43911
16905
29095
36321
40446
42379
43093
43341
43391
43404
43406
43406
43406
43406
43406
43406
43406
43406
43406
43406
43406
43406
43406
43406
43406
43406
43406
43406
43406
43406
43406
43406
43406
43406
43406
43406
43406
43406
43406
43406
43406
17034
29355
36708
40881
42983
43924
44246
44366
44392
44399
44400
44400
44400
44400
44400
44400
44400
44400
44400
44400
44400
44400
44400
44400
44400
44400
44400
44400
44400
44400
44400
44400
44400
44400
44400
44400
44400
44400
44400
44400
16732
28991
36431
40717
42941
43792
44215
44402
44481
44514
44519
44521
44522
44523
44523
44523
44523
44523
44523
44523
44523
44523
44523
44523
44523
44523
44523
44523
44523
44523
44523
44523
44523
44523
44523
44523
44523
44523
44523
44523
16844
29128
36627
41112
43440
44499
44930
45045
45070
45077
45080
45081
45081
45081
45081
45081
45081
45081
45081
45081
45081
45081
45081
45081
45081
45081
45081
45081
45081
45081
45081
45081
45081
45081
45081
45081
45081
45081
45081
45081
16834
29109
36655
41007
43246
44301
44711
44897
44928
44935
44936
44936
44936
44936
44936
44936
44936
44936
44936
44936
44936
44936
44936
44936
44936
44936
44936
44936
44936
44936
44936
44936
44936
44936
44936
44936
44936
44936
44936
44936
16693
28895
36379
40686
42949
44050
44391
44516
44570
44581
44585
44587
44587
44587
44587
44587
44587
44587
44587
44587
44587
44587
44587
44587
44587
44587
44587
44587
44587
44587
44587
44587
44587
44587
44587
44587
44587
44587
44587
44587
16864
28919
36128
40165
42342
43336
43728
43878
43922
43929
43931
43932
43932
43932
43932
43932
43932
43932
43932
43932
43932
43932
43932
43932
43932
43932
43932
43932
43932
43932
43932
43932
43932
43932
43932
43932
43932
43932
43932
43932
16841
28987
36443
40762
43027
44008
44411
44534
44585
44609
44612
44612
44612
44612
44612
44612
44612
44612
44612
44612
44612
44612
44612
44612
44612
44612
44612
44612
44612
44612
44612
44612
44612
44612
44612
44612
44612
44612
44612
44612
16775
28938
36028
40022
42173
43067
43334
43429
43446
43452
43452
43452
43452
43452
43452
43452
43452
43452
43452
43452
43452
43452
43452
43452
43452
43452
43452
43452
43452
43452
43452
43452
43452
43452
43452
43452
43452
43452
43452
43452
17008
29424
36953
41273
43547
44580
45008
45209
45262
45270
45273
45273
45273
45273
45273
45273
45273
45273
45273
45273
45273
45273
45273
45273
45273
45273
45273
45273
45273
45273
45273
45273
45273
45273
45273
45273
45273
45273
45273
45273
17012
29194
36380
40356
42261
43191
43537
43612
43638
43651
43654
43656
43657
43657
43657
43657
43657
43657
43657
43657
43657
43657
43657
43657
43657
43657
43657
43657
43657
43657
43657
43657
43657
43657
43657
43657
43657
43657
43657
43657
16727
28901
36335
40673
42985
44095
44543
44709
44744
44769
44771
44771
44771
44771
44771
44771
44771
44771
44771
44771
44771
44771
44771
44771
44771
44771
44771
44771
44771
44771
44771
44771
44771
44771
44771
44771
44771
44771
44771
44771
17030
29464
37020
41355
43522
44507
44865
44950
44978
44984
44986
44986
44986
44986
44986
44986
44986
44986
44986
44986
44986
44986
44986
44986
44986
44986
44986
44986
44986
44986
44986
44986
44986
44986
44986
44986
44986
44986
44986
44986
16786
28978
36338
40470
42652
43546
43927
44052
44083
44091
44093
44093
44093
44093
44093
44093
44093
44093
44093
44093
44093
44093
44093
44093
44093
44093
44093
44093
44093
44093
44093
44093
44093
44093
44093
44093
44093
44093
44093
44093
16872
29087
36709
41176
43541
44589
45007
45159
45227
45234
45236
45236
45236
45236
45236
45236
45236
45236
45236
45236
45236
45236
45236
45236
45236
45236
45236
45236
45236
45236
45236
45236
45236
45236
45236
45236
45236
45236
45236
45236
16914
29189
36616
40872
43082
44100
44529
44687
44718
44739
44739
44739
44739
44739
44739
44739
44739
44739
44739
44739
44739
44739
44739
44739
44739
44739
44739
44739
44739
44739
44739
44739
44739
44739
44739
44739
44739
44739
44739
44739
16841
29051
36418
40633
42818
43752
44121
44301
44388
44421
44428
44433
44434
44434
44434
44434
44434
44434
44434
44434
44434
44434
44434
44434
44434
44434
44434
44434
44434
44434
44434
44434
44434
44434
44434
44434
44434
44434
44434
44434
16932
29357
37020
41716
44242
45339
45917
46137
46197
46209
46212
46214
46214
46214
46214
46214
46214
46214
46214
46214
46214
46214
46214
46214
46214
46214
46214
46214
46214
46214
46214
46214
46214
46214
46214
46214
46214
46214
46214
46214
16802
29295
37196
41964
44716
46045
46708
46975
47112
47167
47192
47199
47200
47201
47202
47202
47202
47202
47202
47202
47202
47202
47202
47202
47202
47202
47202
47202
47202
47202
47202
47202
47202
47202
47202
47202
47202
47202
47202
47202
16744
29120
36661
41247
43713
44883
45250
45438
45507
45543
45564
45566
45567
45567
45567
45567
45567
45567
45567
45567
45567
45567
45567
45567
45567
45567
45567
45567
45567
45567
45567
45567
45567
45567
45567
45567
45567
45567
45567
45567
16843
29251
36939
41654
44210
45463
45925
46053
46090
46101
46106
46108
46108
46108
46108
46108
46108
46108
46108
46108
46108
46108
46108
46108
46108
46108
46108
46108
46108
46108
46108
46108
46108
46108
46108
46108
46108
46108
46108
46108
16913
29429
36820
41230
43490
44439
44712
44808
44851
44856
44856
44856
44856
44856
44856
44856
44856
44856
44856
44856
44856
44856
44856
44856
44856
44856
44856
44856
44856
44856
44856
44856
44856
44856
44856
44856
44856
44856
44856
44856
16987
29393
37001
41463
43950
45056
45470
45614
45664
45679
45686
45687
45688
45688
45688
45688
45688
45688
45688
45688
45688
45688
45688
45688
45688
45688
45688
45688
45688
45688
45688
45688
45688
45688
45688
45688
45688
45688
45688
45688
16877
29105
36576
40986
43191
44273
44676
44782
44808
44813
44814
44814
44814
44814
44814
44814
44814
44814
44814
44814
44814
44814
44814
44814
44814
44814
44814
44814
44814
44814
44814
44814
44814
44814
44814
44814
44814
44814
44814
44814
16915
29266
36649
40893
43089
44072
44450
44592
44628
44637
44637
44637
44637
44637
44637
44637
44637
44637
44637
44637
44637
44637
44637
44637
44637
44637
44637
44637
44637
44637
44637
44637
44637
44637
44637
44637
44637
44637
44637
44637
17102
29546
36926
41254
43491
44555
45016
45179
45209
45221
45226
45227
45228
45228
45228
45228
45228
45228
45228
45228
45228
45228
45228
45228
45228
45228
45228
45228
45228
45228
45228
45228
45228
45228
45228
45228
45228
45228
45228
45228
16886
29025
36415
40581
42634
43442
43717
43803
43844
43847
43848
43848
43848
43848
43848
43848
43848
43848
43848
43848
43848
43848
43848
43848
43848
43848
43848
43848
43848
43848
43848
43848
43848
43848
43848
43848
43848
43848
43848
43848
16765
29119
36505
40954
43369
44535
45004
45132
45155
45164
45168
45170
45171
45171
45171
45171
45171
45171
45171
45171
45171
45171
45171
45171
45171
45171
45171
45171
45171
45171
45171
45171
45171
45171
45171
45171
45171
45171
45171
45171
16823
29135
36482
40753
43000
44005
44427
44633
44694
44704
44711
44715
44715
44715
44715
44715
44715
44715
44715
44715
44715
44715
44715
44715
44715
44715
44715
44715
44715
44715
44715
44715
44715
44715
44715
44715
44715
44715
44715
44715
16889
29182
36741
41129
43259
44178
44513
44575
44585
44590
44592
44593
44593
44593
44593
44593
44593
44593
44593
44593
44593
44593
44593
44593
44593
44593
44593
44593
44593
44593
44593
44593
44593
44593
44593
44593
44593
44593
44593
44593
16792
28976
36350
40538
42578
43512
43909
44034
44075
44096
44120
44138
44152
44153
44153
44153
44153
44153
44153
44153
44153
44153
44153
44153
44153
44153
44153
44153
44153
44153
44153
44153
44153
44153
44153
44153
44153
44153
44153
44153
16883
29075
36352
40346
42320
43166
43441
43540
43555
43560
43563
43564
43564
43564
43564
43564
43564
43564
43564
43564
43564
43564
43564
43564
43564
43564
43564
43564
43564
43564
43564
43564
43564
43564
43564
43564
43564
43564
43564
43564
16872
29220
36841
41373
43799
44823
45244
45433
45508
45557
45564
45566
45567
45567
45567
45567
45567
45567
45567
45567
45567
45567
45567
45567
45567
45567
45567
45567
45567
45567
45567
45567
45567
45567
45567
45567
45567
45567
45567
45567
16697
28821
36228
40493
42660
43675
44033
44170
44215
44239
44253
44276
44292
44292
44292
44292
44292
44292
44292
44292
44292
44292
44292
44292
44292
44292
44292
44292
44292
44292
44292
44292
44292
44292
44292
44292
44292
44292
44292
44292
16672
28805
36181
40186
42026
42904
43123
43197
43204
43207
43207
43207
43207
43207
43207
43207
43207
43207
43207
43207
43207
43207
43207
43207
43207
43207
43207
43207
43207
43207
43207
43207
43207
43207
43207
43207
43207
43207
43207
43207
16812
28933
35955
40022
41889
42620
42886
42992
43005
43011
43013
43013
43013
43013
43013
43013
43013
43013
43013
43013
43013
43013
43013
43013
43013
43013
43013
43013
43013
43013
43013
43013
43013
43013
43013
43013
43013
43013
43013
43013
17009
29515
37309
41859
44384
45569
46185
46436
46544
46569
46579
46586
46589
46590
46591
46591
46591
46591
46591
46591
46591
46591
46591
46591
46591
46591
46591
46591
46591
46591
46591
46591
46591
46591
46591
46591
46591
46591
46591
46591
17122
29620
37145
41446
43598
44625
45041
45214
45281
45306
45309
45310
45310
45310
45310
45310
45310
45310
45310
45310
45310
45310
45310
45310
45310
45310
45310
45310
45310
45310
45310
45310
45310
45310
45310
45310
45310
45310
45310
45310
16869
29233
36664
41224
43707
44900
45458
45678
45803
45848
45856
45859
45859
45859
45859
45859
45859
45859
45859
45859
45859
45859
45859
45859
45859
45859
45859
45859
45859
45859
45859
45859
45859
45859
45859
45859
45859
45859
45859
45859
16851
29003
36507
40827
42956
44023
44478
44644
44683
44715
44718
44718
44718
44718
44718
44718
44718
44718
44718
44718
44718
44718
44718
44718
44718
44718
44718
44718
44718
44718
44718
44718
44718
44718
44718
44718
44718
44718
44718
44718
16674
28771
35874
40047
42217
43223
43647
43788
43801
43805
43807
43807
43807
43807
43807
43807
43807
43807
43807
43807
43807
43807
43807
43807
43807
43807
43807
43807
43807
43807
43807
43807
43807
43807
43807
43807
43807
43807
43807
43807
16877
29050
36297
40440
42625
43518
43879
43973
43988
43992
43994
43996
43996
43996
43996
43996
43996
43996
43996
43996
43996
43996
43996
43996
43996
43996
43996
43996
43996
43996
43996
43996
43996
43996
43996
43996
43996
43996
43996
43996
16720
28928
36303
40719
43125
44294
44892
45078
45148
45159
45162
45162
45162
45162
45162
45162
45162
45162
45162
45162
45162
45162
45162
45162
45162
45162
45162
45162
45162
45162
45162
45162
45162
45162
45162
45162
45162
45162
45162
45162
17052
29386
36809
41175
43535
44617
44969
45088
45118
45126
45129
45131
45133
45134
45134
45134
45134
45134
45134
45134
45134
45134
45134
45134
45134
45134
45134
45134
45134
45134
45134
45134
45134
45134
45134
45134
45134
45134
45134
45134
16589
28498
35606
39618
41813
42746
43140
43281
43323
43333
43338
43339
43339
43339
43339
43339
43339
43339
43339
43339
43339
43339
43339
43339
43339
43339
43339
43339
43339
43339
43339
43339
43339
43339
43339
43339
43339
43339
43339
43339
17189
29657
36978
41077
43101
44026
44310
44386
44405
44407
44407
44407
44407
44407
44407
44407
44407
44407
44407
44407
44407
44407
44407
44407
44407
44407
44407
44407
44407
44407
44407
44407
44407
44407
44407
44407
44407
44407
44407
44407
17059
29618
37146
41478
43672
44665
45115
45258
45283
45296
45299
45301
45302
45302
45302
45302
45302
45302
45302
45302
45302
45302
45302
45302
45302
45302
45302
45302
45302
45302
45302
45302
45302
45302
45302
45302
45302
45302
45302
45302
16667
28618
35864
40088
42269
43272
43614
43750
43792
43812
43814
43814
43814
43814
43814
43814
43814
43814
43814
43814
43814
43814
43814
43814
43814
43814
43814
43814
43814
43814
43814
43814
43814
43814
43814
43814
43814
43814
43814
43814
16892
28947
36081
40139
42116
42994
43296
43433
43493
43497
43498
43498
43498
43498
43498
43498
43498
43498
43498
43498
43498
43498
43498
43498
43498
43498
43498
43498
43498
43498
43498
43498
43498
43498
43498
43498
43498
43498
43498
43498
16733
28708
35685
39570
41476
42346
42749
42867
42907
42916
42917
42917
42917
42917
42917
42917
42917
42917
42917
42917
42917
42917
42917
42917
42917
42917
42917
42917
42917
42917
42917
42917
42917
42917
42917
42917
42917
42917
42917
42917
16611
28647
35866
40028
42098
42835
43062
43148
43160
43162
43162
43162
43162
43162
43162
43162
43162
43162
43162
43162
43162
43162
43162
43162
43162
43162
43162
43162
43162
43162
43162
43162
43162
43162
43162
43162
43162
43162
43162
43162
16763
28916
36255
40588
42976
44148
44701
44859
44939
44981
44985
44988
44988
44988
44988
44988
44988
44988
44988
44988
44988
44988
44988
44988
44988
44988
44988
44988
44988
44988
44988
44988
44988
44988
44988
44988
44988
44988
44988
44988
16725
29027
36586
41161
43605
44810
45383
45583
45682
45701
45706
45707
45707
45707
45707
45707
45707
45707
45707
45707
45707
45707
45707
45707
45707
45707
45707
45707
45707
45707
45707
45707
45707
45707
45707
45707
45707
45707
45707
45707
16826
29321
37035
41584
43889
44941
45386
45543
45608
45619
45624
45626
45627
45628
45629
45630
45630
45630
45630
45630
45630
45630
45630
45630
45630
45630
45630
45630
45630
45630
45630
45630
45630
45630
45630
45630
45630
45630
45630
45630
17038
29455
37038
41296
43639
44811
45237
45475
45576
45620
45627
45630
45631
45631
45631
45631
45631
45631
45631
45631
45631
45631
45631
45631
45631
45631
45631
45631
45631
45631
45631
45631
45631
45631
45631
45631
45631
45631
45631
45631
16694
29083
36605
40993
43444
44557
45054
45235
45311
45333
45342
45346
45347
45347
45347
45347
45347
45347
45347
45347
45347
45347
45347
45347
45347
45347
45347
45347
45347
45347
45347
45347
45347
45347
45347
45347
45347
45347
45347
45347
16921
29151
36500
40810
42868
43745
44099
44212
44280
44288
44293
44294
44294
44294
44294
44294
44294
44294
44294
44294
44294
44294
44294
44294
44294
44294
44294
44294
44294
44294
44294
44294
44294
44294
44294
44294
44294
44294
44294
44294
16782
29064
36672
41379
43841
45012
45536
45711
45802
45847
45848
45849
45850
45850
45850
45850
45850
45850
45850
45850
45850
45850
45850
45850
45850
45850
45850
45850
45850
45850
45850
45850
45850
45850
45850
45850
45850
45850
45850
45850
16969
29501
37184
41670
44062
45214
45655
45800
45841
45848
45850
45852
45854
45854
45854
45854
45854
45854
45854
45854
45854
45854
45854
45854
45854
45854
45854
45854
45854
45854
45854
45854
45854
45854
45854
45854
45854
45854
45854
45854
16747
29302
37080
41998
44680
46007
46625
46889
46958
47000
47010
47013
47016
47017
47018
47018
47018
47018
47018
47018
47018
47018
47018
47018
47018
47018
47018
47018
47018
47018
47018
47018
47018
47018
47018
47018
47018
47018
47018
47018
16802
29026
36271
40482
42364
43153
43474
43563
43574
43577
43577
43577
43577
43577
43577
43577
43577
43577
43577
43577
43577
43577
43577
43577
43577
43577
43577
43577
43577
43577
43577
43577
43577
43577
43577
43577
43577
43577
43577
43577
16911
29161
36671
41127
43552
44627
45164
45437
45517
45544
45547
45549
45549
45549
45549
45549
45549
45549
45549
45549
45549
45549
45549
45549
45549
45549
45549
45549
45549
45549
45549
45549
45549
45549
45549
45549
45549
45549
45549
45549
17058
29550
36934
41173
43170
44137
44531
44676
44707
44727
44729
44730
44730
44730
44730
44730
44730
44730
44730
44730
44730
44730
44730
44730
44730
44730
44730
44730
44730
44730
44730
44730
44730
44730
44730
44730
44730
44730
44730
44730
16838
29302
37047
41742
44317
45462
45913
46036
46094
46097
46097
46097
46097
46097
46097
46097
46097
46097
46097
46097
46097
46097
46097
46097
46097
46097
46097
46097
46097
46097
46097
46097
46097
46097
46097
46097
46097
46097
46097
46097
16829
29013
36493
40854
43205
44325
44817
45043
45106
45139
45158
45176
45178
45180
45180
45180
45180
45180
45180
45180
45180
45180
45180
45180
45180
45180
45180
45180
45180
45180
45180
45180
45180
45180
45180
45180
45180
45180
45180
45180
16970
29412
37065
41432
43767
44875
45347
45562
45645
45672
45700
45707
45708
45709
45709
45709
45709
45709
45709
45709
45709
45709
45709
45709
45709
45709
45709
45709
45709
45709
45709
45709
45709
45709
45709
45709
45709
45709
45709
45709
16773
28959
36359
40698
42860
43942
44350
44527
44579
44591
44597
44598
44598
44598
44598
44598
44598
44598
44598
44598
44598
44598
44598
44598
44598
44598
44598
44598
44598
44598
44598
44598
44598
44598
44598
44598
44598
44598
44598
44598
16719
29030
36548
41138
43586
44762
45242
45434
45499
45518
45524
45524
45524
45524
45524
45524
45524
45524
45524
45524
45524
45524
45524
45524
45524
45524
45524
45524
45524
45524
45524
45524
45524
45524
45524
45524
45524
45524
45524
45524
16869
29169
36740
41166
43485
44568
45131
45337
45399
45412
45417
45419
45419
45419
45419
45419
45419
45419
45419
45419
45419
45419
45419
45419
45419
45419
45419
45419
45419
45419
45419
45419
45419
45419
45419
45419
45419
45419
45419
45419
16892
29278
36797
41335
43616
44701
45109
45204
45244
45251
45254
45254
45254
45254
45254
45254
45254
45254
45254
45254
45254
45254
45254
45254
45254
45254
45254
45254
45254
45254
45254
45254
45254
45254
45254
45254
45254
45254
45254
45254
17002
29299
36653
40896
43003
43926
44249
44339
44371
44377
44382
44386
44387
44387
44387
44387
44387
44387
44387
44387
44387
44387
44387
44387
44387
44387
44387
44387
44387
44387
44387
44387
44387
44387
44387
44387
44387
44387
44387
44387
16942
29293
36995
41528
44131
45200
45626
45785
45836
45859
45875
45877
45879
45879
45879
45879
45879
45879
45879
45879
45879
45879
45879
45879
45879
45879
45879
45879
45879
45879
45879
45879
45879
45879
45879
45879
45879
45879
45879
45879
16767
28934
36502
40970
43395
44605
45129
45371
45480
45534
45539
45540
45540
45540
45540
45540
45540
45540
45540
45540
45540
45540
45540
45540
45540
45540
45540
45540
45540
45540
45540
45540
45540
45540
45540
45540
45540
45540
45540
45540
