17093.0
24818.0
29845.0
32814.0
34242.0
34862.0
35105.0
35209.0
35242.0
35258.0
35264.0
35268.0
35270.0
35270.0
35270.0
35270.0
35270.0
35270.0
35270.0
35270.0
35270.0
35270.0
35270.0
35270.0
35270.0
35270.0
35270.0
35270.0
35270.0
35270.0
35270.0
35270.0
35270.0
35270.0
35270.0
35270.0
35270.0
35270.0
35270.0
35270.0
16842.0
24393.0
29351.0
32110.0
33519.0
34140.0
34413.0
34504.0
34527.0
34533.0
34536.0
34536.0
34536.0
34536.0
34536.0
34536.0
34536.0
34536.0
34536.0
34536.0
34536.0
34536.0
34536.0
34536.0
34536.0
34536.0
34536.0
34536.0
34536.0
34536.0
34536.0
34536.0
34536.0
34536.0
34536.0
34536.0
34536.0
34536.0
34536.0
34536.0
16867.0
24310.0
29196.0
31818.0
33128.0
33680.0
33904.0
33983.0
34011.0
34022.0
34026.0
34029.0
34029.0
34029.0
34029.0
34029.0
34029.0
34029.0
34029.0
34029.0
34029.0
34029.0
34029.0
34029.0
34029.0
34029.0
34029.0
34029.0
34029.0
34029.0
34029.0
34029.0
34029.0
34029.0
34029.0
34029.0
34029.0
34029.0
34029.0
34029.0
16828.0
24212.0
29106.0
31873.0
33084.0
33584.0
33765.0
33835.0
33866.0
33870.0
33871.0
33872.0
33872.0
33872.0
33872.0
33872.0
33872.0
33872.0
33872.0
33872.0
33872.0
33872.0
33872.0
33872.0
33872.0
33872.0
33872.0
33872.0
33872.0
33872.0
33872.0
33872.0
33872.0
33872.0
33872.0
33872.0
33872.0
33872.0
33872.0
33872.0
16815.0
24562.0
29667.0
32587.0
34048.0
34633.0
34892.0
34979.0
34996.0
35002.0
35003.0
35003.0
35003.0
35003.0
35003.0
35003.0
35003.0
35003.0
35003.0
35003.0
35003.0
35003.0
35003.0
35003.0
35003.0
35003.0
35003.0
35003.0
35003.0
35003.0
35003.0
35003.0
35003.0
35003.0
35003.0
35003.0
35003.0
35003.0
35003.0
35003.0
16799.0
24237.0
29166.0
32052.0
33405.0
33999.0
34230.0
34305.0
34326.0
34336.0
34338.0
34339.0
34339.0
34339.0
34339.0
34339.0
34339.0
34339.0
34339.0
34339.0
34339.0
34339.0
34339.0
34339.0
34339.0
34339.0
34339.0
34339.0
34339.0
34339.0
34339.0
34339.0
34339.0
34339.0
34339.0
34339.0
34339.0
34339.0
34339.0
34339.0
16594.0
24101.0
29100.0
32112.0
33587.0
34259.0
34527.0
34633.0
34704.0
34742.0
34752.0
34757.0
34760.0
34760.0
34760.0
34760.0
34760.0
34760.0
34760.0
34760.0
34760.0
34760.0
34760.0
34760.0
34760.0
34760.0
34760.0
34760.0
34760.0
34760.0
34760.0
34760.0
34760.0
34760.0
34760.0
34760.0
34760.0
34760.0
34760.0
34760.0
16724.0
24468.0
29806.0
32948.0
34697.0
35498.0
35768.0
35931.0
35976.0
36005.0
36021.0
36024.0
36025.0
36026.0
36026.0
36026.0
36026.0
36026.0
36026.0
36026.0
36026.0
36026.0
36026.0
36026.0
36026.0
36026.0
36026.0
36026.0
36026.0
36026.0
36026.0
36026.0
36026.0
36026.0
36026.0
36026.0
36026.0
36026.0
36026.0
36026.0
16876.0
24697.0
30127.0
33463.0
35232.0
35967.0
36283.0
36375.0
36409.0
36417.0
36421.0
36421.0
36421.0
36421.0
36421.0
36421.0
36421.0
36421.0
36421.0
36421.0
36421.0
36421.0
36421.0
36421.0
36421.0
36421.0
36421.0
36421.0
36421.0
36421.0
36421.0
36421.0
36421.0
36421.0
36421.0
36421.0
36421.0
36421.0
36421.0
36421.0
16800.0
24541.0
29912.0
33021.0
34695.0
35451.0
35789.0
35943.0
35996.0
36009.0
36013.0
36015.0
36016.0
36016.0
36016.0
36016.0
36016.0
36016.0
36016.0
36016.0
36016.0
36016.0
36016.0
36016.0
36016.0
36016.0
36016.0
36016.0
36016.0
36016.0
36016.0
36016.0
36016.0
36016.0
36016.0
36016.0
36016.0
36016.0
36016.0
36016.0
16846.0
24506.0
29643.0
32724.0
34295.0
34975.0
35266.0
35386.0
35392.0
35397.0
35398.0
35398.0
35398.0
35398.0
35398.0
35398.0
35398.0
35398.0
35398.0
35398.0
35398.0
35398.0
35398.0
35398.0
35398.0
35398.0
35398.0
35398.0
35398.0
35398.0
35398.0
35398.0
35398.0
35398.0
35398.0
35398.0
35398.0
35398.0
35398.0
35398.0
17103.0
24704.0
29630.0
32300.0
33598.0
34135.0
34290.0
34346.0
34361.0
34365.0
34366.0
34367.0
34367.0
34367.0
34367.0
34367.0
34367.0
34367.0
34367.0
34367.0
34367.0
34367.0
34367.0
34367.0
34367.0
34367.0
34367.0
34367.0
34367.0
34367.0
34367.0
34367.0
34367.0
34367.0
34367.0
34367.0
34367.0
34367.0
34367.0
34367.0
16779.0
24246.0
29262.0
32165.0
33583.0
34249.0
34551.0
34699.0
34730.0
34746.0
34753.0
34755.0
34756.0
34757.0
34757.0
34757.0
34757.0
34757.0
34757.0
34757.0
34757.0
34757.0
34757.0
34757.0
34757.0
34757.0
34757.0
34757.0
34757.0
34757.0
34757.0
34757.0
34757.0
34757.0
34757.0
34757.0
34757.0
34757.0
34757.0
34757.0
16913.0
24503.0
29660.0
32632.0
34263.0
34887.0
35148.0
35232.0
35255.0
35263.0
35266.0
35267.0
35267.0
35267.0
35267.0
35267.0
35267.0
35267.0
35267.0
35267.0
35267.0
35267.0
35267.0
35267.0
35267.0
35267.0
35267.0
35267.0
35267.0
35267.0
35267.0
35267.0
35267.0
35267.0
35267.0
35267.0
35267.0
35267.0
35267.0
35267.0
17109.0
24768.0
29872.0
32787.0
34180.0
34797.0
35074.0
35185.0
35212.0
35224.0
35230.0
35233.0
35234.0
35234.0
35234.0
35234.0
35234.0
35234.0
35234.0
35234.0
35234.0
35234.0
35234.0
35234.0
35234.0
35234.0
35234.0
35234.0
35234.0
35234.0
35234.0
35234.0
35234.0
35234.0
35234.0
35234.0
35234.0
35234.0
35234.0
35234.0
16675.0
24139.0
29278.0
32289.0
33740.0
34454.0
34718.0
34791.0
34812.0
34819.0
34822.0
34823.0
34824.0
34824.0
34824.0
34824.0
34824.0
34824.0
34824.0
34824.0
34824.0
34824.0
34824.0
34824.0
34824.0
34824.0
34824.0
34824.0
34824.0
34824.0
34824.0
34824.0
34824.0
34824.0
34824.0
34824.0
34824.0
34824.0
34824.0
34824.0
16789.0
24488.0
29418.0
32365.0
33835.0
34433.0
34642.0
34717.0
34736.0
34740.0
34740.0
34740.0
34740.0
34740.0
34740.0
34740.0
34740.0
34740.0
34740.0
34740.0
34740.0
34740.0
34740.0
34740.0
34740.0
34740.0
34740.0
34740.0
34740.0
34740.0
34740.0
34740.0
34740.0
34740.0
34740.0
34740.0
34740.0
34740.0
34740.0
34740.0
17017.0
24687.0
29801.0
32768.0
34292.0
34975.0
35228.0
35312.0
35335.0
35345.0
35349.0
35351.0
35352.0
35352.0
35352.0
35352.0
35352.0
35352.0
35352.0
35352.0
35352.0
35352.0
35352.0
35352.0
35352.0
35352.0
35352.0
35352.0
35352.0
35352.0
35352.0
35352.0
35352.0
35352.0
35352.0
35352.0
35352.0
35352.0
35352.0
35352.0
16974.0
24513.0
29602.0
32593.0
34114.0
34735.0
34988.0
35075.0
35106.0
35116.0
35117.0
35118.0
35119.0
35119.0
35119.0
35119.0
35119.0
35119.0
35119.0
35119.0
35119.0
35119.0
35119.0
35119.0
35119.0
35119.0
35119.0
35119.0
35119.0
35119.0
35119.0
35119.0
35119.0
35119.0
35119.0
35119.0
35119.0
35119.0
35119.0
35119.0
16744.0
24302.0
29382.0
32410.0
34006.0
34741.0
35057.0
35186.0
35237.0
35249.0
35252.0
35254.0
35256.0
35257.0
35257.0
35257.0
35257.0
35257.0
35257.0
35257.0
35257.0
35257.0
35257.0
35257.0
35257.0
35257.0
35257.0
35257.0
35257.0
35257.0
35257.0
35257.0
35257.0
35257.0
35257.0
35257.0
35257.0
35257.0
35257.0
35257.0
16956.0
24642.0
29702.0
32661.0
34164.0
34858.0
35112.0
35218.0
35257.0
35266.0
35269.0
35271.0
35272.0
35273.0
35273.0
35273.0
35273.0
35273.0
35273.0
35273.0
35273.0
35273.0
35273.0
35273.0
35273.0
35273.0
35273.0
35273.0
35273.0
35273.0
35273.0
35273.0
35273.0
35273.0
35273.0
35273.0
35273.0
35273.0
35273.0
35273.0
16976.0
24716.0
29958.0
32989.0
34483.0
35187.0
35506.0
35638.0
35700.0
35712.0
35718.0
35718.0
35718.0
35718.0
35718.0
35718.0
35718.0
35718.0
35718.0
35718.0
35718.0
35718.0
35718.0
35718.0
35718.0
35718.0
35718.0
35718.0
35718.0
35718.0
35718.0
35718.0
35718.0
35718.0
35718.0
35718.0
35718.0
35718.0
35718.0
35718.0
16862.0
24418.0
29588.0
32666.0
34161.0
34923.0
35248.0
35363.0
35404.0
35415.0
35418.0
35418.0
35418.0
35418.0
35418.0
35418.0
35418.0
35418.0
35418.0
35418.0
35418.0
35418.0
35418.0
35418.0
35418.0
35418.0
35418.0
35418.0
35418.0
35418.0
35418.0
35418.0
35418.0
35418.0
35418.0
35418.0
35418.0
35418.0
35418.0
35418.0
16720.0
24243.0
29020.0
31725.0
32940.0
33400.0
33581.0
33654.0
33689.0
33697.0
33699.0
33700.0
33700.0
33700.0
33700.0
33700.0
33700.0
33700.0
33700.0
33700.0
33700.0
33700.0
33700.0
33700.0
33700.0
33700.0
33700.0
33700.0
33700.0
33700.0
33700.0
33700.0
33700.0
33700.0
33700.0
33700.0
33700.0
33700.0
33700.0
33700.0
17022.0
24619.0
29791.0
33011.0
34654.0
35399.0
35683.0
35790.0
35836.0
35843.0
35845.0
35845.0
35845.0
35845.0
35845.0
35845.0
35845.0
35845.0
35845.0
35845.0
35845.0
35845.0
35845.0
35845.0
35845.0
35845.0
35845.0
35845.0
35845.0
35845.0
35845.0
35845.0
35845.0
35845.0
35845.0
35845.0
35845.0
35845.0
35845.0
35845.0
16860.0
24428.0
29545.0
32612.0
34095.0
34717.0
34969.0
35076.0
35122.0
35144.0
35156.0
35160.0
35161.0
35161.0
35161.0
35161.0
35161.0
35161.0
35161.0
35161.0
35161.0
35161.0
35161.0
35161.0
35161.0
35161.0
35161.0
35161.0
35161.0
35161.0
35161.0
35161.0
35161.0
35161.0
35161.0
35161.0
35161.0
35161.0
35161.0
35161.0
16861.0
24480.0
29695.0
32698.0
34220.0
34872.0
35090.0
35161.0
35180.0
35185.0
35189.0
35191.0
35191.0
35191.0
35191.0
35191.0
35191.0
35191.0
35191.0
35191.0
35191.0
35191.0
35191.0
35191.0
35191.0
35191.0
35191.0
35191.0
35191.0
35191.0
35191.0
35191.0
35191.0
35191.0
35191.0
35191.0
35191.0
35191.0
35191.0
35191.0
16845.0
24100.0
28898.0
31581.0
32819.0
33341.0
33505.0
33561.0
33568.0
33571.0
33572.0
33572.0
33572.0
33572.0
33572.0
33572.0
33572.0
33572.0
33572.0
33572.0
33572.0
33572.0
33572.0
33572.0
33572.0
33572.0
33572.0
33572.0
33572.0
33572.0
33572.0
33572.0
33572.0
33572.0
33572.0
33572.0
33572.0
33572.0
33572.0
33572.0
17068.0
24507.0
29513.0
32453.0
33885.0
34461.0
34698.0
34767.0
34814.0
34832.0
34838.0
34840.0
34840.0
34840.0
34840.0
34840.0
34840.0
34840.0
34840.0
34840.0
34840.0
34840.0
34840.0
34840.0
34840.0
34840.0
34840.0
34840.0
34840.0
34840.0
34840.0
34840.0
34840.0
34840.0
34840.0
34840.0
34840.0
34840.0
34840.0
34840.0
16788.0
24191.0
29166.0
31974.0
33354.0
34031.0
34315.0
34399.0
34427.0
34434.0
34439.0
34441.0
34442.0
34442.0
34442.0
34442.0
34442.0
34442.0
34442.0
34442.0
34442.0
34442.0
34442.0
34442.0
34442.0
34442.0
34442.0
34442.0
34442.0
34442.0
34442.0
34442.0
34442.0
34442.0
34442.0
34442.0
34442.0
34442.0
34442.0
34442.0
17168.0
24697.0
29678.0
32476.0
33842.0
34504.0
34736.0
34816.0
34847.0
34854.0
34855.0
34856.0
34856.0
34856.0
34856.0
34856.0
34856.0
34856.0
34856.0
34856.0
34856.0
34856.0
34856.0
34856.0
34856.0
34856.0
34856.0
34856.0
34856.0
34856.0
34856.0
34856.0
34856.0
34856.0
34856.0
34856.0
34856.0
34856.0
34856.0
34856.0
17001.0
24784.0
30099.0
33244.0
34816.0
35558.0
35903.0
36015.0
36066.0
36085.0
36089.0
36091.0
36092.0
36093.0
36094.0
36094.0
36094.0
36094.0
36094.0
36094.0
36094.0
36094.0
36094.0
36094.0
36094.0
36094.0
36094.0
36094.0
36094.0
36094.0
36094.0
36094.0
36094.0
36094.0
36094.0
36094.0
36094.0
36094.0
36094.0
36094.0
16799.0
24383.0
29485.0
32328.0
33667.0
34271.0
34514.0
34595.0
34624.0
34645.0
34653.0
34657.0
34659.0
34661.0
34661.0
34661.0
34661.0
34661.0
34661.0
34661.0
34661.0
34661.0
34661.0
34661.0
34661.0
34661.0
34661.0
34661.0
34661.0
34661.0
34661.0
34661.0
34661.0
34661.0
34661.0
34661.0
34661.0
34661.0
34661.0
34661.0
16938.0
24474.0
29315.0
32134.0
33317.0
33793.0
33980.0
34066.0
34084.0
34089.0
34092.0
34093.0
34093.0
34093.0
34093.0
34093.0
34093.0
34093.0
34093.0
34093.0
34093.0
34093.0
34093.0
34093.0
34093.0
34093.0
34093.0
34093.0
34093.0
34093.0
34093.0
34093.0
34093.0
34093.0
34093.0
34093.0
34093.0
34093.0
34093.0
34093.0
16782.0
24236.0
29069.0
31797.0
33025.0
33487.0
33675.0
33717.0
33734.0
33737.0
33737.0
33737.0
33737.0
33737.0
33737.0
33737.0
33737.0
33737.0
33737.0
33737.0
33737.0
33737.0
33737.0
33737.0
33737.0
33737.0
33737.0
33737.0
33737.0
33737.0
33737.0
33737.0
33737.0
33737.0
33737.0
33737.0
33737.0
33737.0
33737.0
33737.0
16746.0
24038.0
28734.0
31332.0
32640.0
33147.0
33350.0
33417.0
33441.0
33454.0
33461.0
33464.0
33465.0
33465.0
33465.0
33465.0
33465.0
33465.0
33465.0
33465.0
33465.0
33465.0
33465.0
33465.0
33465.0
33465.0
33465.0
33465.0
33465.0
33465.0
33465.0
33465.0
33465.0
33465.0
33465.0
33465.0
33465.0
33465.0
33465.0
33465.0
17054.0
24623.0
29571.0
32406.0
33797.0
34402.0
34639.0
34743.0
34780.0
34794.0
34796.0
34798.0
34800.0
34801.0
34802.0
34802.0
34802.0
34802.0
34802.0
34802.0
34802.0
34802.0
34802.0
34802.0
34802.0
34802.0
34802.0
34802.0
34802.0
34802.0
34802.0
34802.0
34802.0
34802.0
34802.0
34802.0
34802.0
34802.0
34802.0
34802.0
16873.0
24493.0
29461.0
32282.0
33676.0
34278.0
34544.0
34634.0
34654.0
34660.0
34664.0
34666.0
34667.0
34668.0
34668.0
34668.0
34668.0
34668.0
34668.0
34668.0
34668.0
34668.0
34668.0
34668.0
34668.0
34668.0
34668.0
34668.0
34668.0
34668.0
34668.0
34668.0
34668.0
34668.0
34668.0
34668.0
34668.0
34668.0
34668.0
34668.0
16790.0
24339.0
29267.0
32086.0
33557.0
34245.0
34559.0
34673.0
34719.0
34730.0
34733.0
34734.0
34734.0
34734.0
34734.0
34734.0
34734.0
34734.0
34734.0
34734.0
34734.0
34734.0
34734.0
34734.0
34734.0
34734.0
34734.0
34734.0
34734.0
34734.0
34734.0
34734.0
34734.0
34734.0
34734.0
34734.0
34734.0
34734.0
34734.0
34734.0
16897.0
24406.0
29454.0
32342.0
33745.0
34321.0
34561.0
34675.0
34734.0
34759.0
34763.0
34764.0
34764.0
34764.0
34764.0
34764.0
34764.0
34764.0
34764.0
34764.0
34764.0
34764.0
34764.0
34764.0
34764.0
34764.0
34764.0
34764.0
34764.0
34764.0
34764.0
34764.0
34764.0
34764.0
34764.0
34764.0
34764.0
34764.0
34764.0
34764.0
16704.0
23874.0
28711.0
31468.0
32821.0
33309.0
33547.0
33601.0
33619.0
33623.0
33623.0
33623.0
33623.0
33623.0
33623.0
33623.0
33623.0
33623.0
33623.0
33623.0
33623.0
33623.0
33623.0
33623.0
33623.0
33623.0
33623.0
33623.0
33623.0
33623.0
33623.0
33623.0
33623.0
33623.0
33623.0
33623.0
33623.0
33623.0
33623.0
33623.0
16619.0
23862.0
28747.0
31399.0
32782.0
33412.0
33618.0
33708.0
33740.0
33746.0
33749.0
33750.0
33751.0
33752.0
33753.0
33754.0
33754.0
33754.0
33754.0
33754.0
33754.0
33754.0
33754.0
33754.0
33754.0
33754.0
33754.0
33754.0
33754.0
33754.0
33754.0
33754.0
33754.0
33754.0
33754.0
33754.0
33754.0
33754.0
33754.0
33754.0
16834.0
24334.0
29375.0
32471.0
33891.0
34514.0
34725.0
34813.0
34849.0
34869.0
34873.0
34873.0
34873.0
34873.0
34873.0
34873.0
34873.0
34873.0
34873.0
34873.0
34873.0
34873.0
34873.0
34873.0
34873.0
34873.0
34873.0
34873.0
34873.0
34873.0
34873.0
34873.0
34873.0
34873.0
34873.0
34873.0
34873.0
34873.0
34873.0
34873.0
16869.0
24346.0
29334.0
32216.0
33626.0
34276.0
34537.0
34662.0
34699.0
34718.0
34724.0
34728.0
34728.0
34728.0
34728.0
34728.0
34728.0
34728.0
34728.0
34728.0
34728.0
34728.0
34728.0
34728.0
34728.0
34728.0
34728.0
34728.0
34728.0
34728.0
34728.0
34728.0
34728.0
34728.0
34728.0
34728.0
34728.0
34728.0
34728.0
34728.0
17189.0
24794.0
29854.0
32523.0
33756.0
34249.0
34438.0
34489.0
34510.0
34518.0
34523.0
34527.0
34527.0
34527.0
34527.0
34527.0
34527.0
34527.0
34527.0
34527.0
34527.0
34527.0
34527.0
34527.0
34527.0
34527.0
34527.0
34527.0
34527.0
34527.0
34527.0
34527.0
34527.0
34527.0
34527.0
34527.0
34527.0
34527.0
34527.0
34527.0
16987.0
24551.0
29818.0
32772.0
34169.0
34772.0
34985.0
35075.0
35104.0
35114.0
35117.0
35118.0
35118.0
35118.0
35118.0
35118.0
35118.0
35118.0
35118.0
35118.0
35118.0
35118.0
35118.0
35118.0
35118.0
35118.0
35118.0
35118.0
35118.0
35118.0
35118.0
35118.0
35118.0
35118.0
35118.0
35118.0
35118.0
35118.0
35118.0
35118.0
17005.0
24655.0
29895.0
32920.0
34499.0
35153.0
35463.0
35582.0
35621.0
35655.0
35665.0
35669.0
35669.0
35669.0
35669.0
35669.0
35669.0
35669.0
35669.0
35669.0
35669.0
35669.0
35669.0
35669.0
35669.0
35669.0
35669.0
35669.0
35669.0
35669.0
35669.0
35669.0
35669.0
35669.0
35669.0
35669.0
35669.0
35669.0
35669.0
35669.0
17022.0
24785.0
29961.0
32829.0
34316.0
34950.0
35171.0
35267.0
35319.0
35340.0
35346.0
35348.0
35349.0
35350.0
35350.0
35350.0
35350.0
35350.0
35350.0
35350.0
35350.0
35350.0
35350.0
35350.0
35350.0
35350.0
35350.0
35350.0
35350.0
35350.0
35350.0
35350.0
35350.0
35350.0
35350.0
35350.0
35350.0
35350.0
35350.0
35350.0
16824.0
24434.0
29566.0
32718.0
34413.0
35093.0
35383.0
35486.0
35520.0
35548.0
35554.0
35555.0
35555.0
35555.0
35555.0
35555.0
35555.0
35555.0
35555.0
35555.0
35555.0
35555.0
35555.0
35555.0
35555.0
35555.0
35555.0
35555.0
35555.0
35555.0
35555.0
35555.0
35555.0
35555.0
35555.0
35555.0
35555.0
35555.0
35555.0
35555.0
16845.0
24449.0
29540.0
32435.0
33825.0
34413.0
34655.0
34744.0
34767.0
34773.0
34775.0
34775.0
34775.0
34775.0
34775.0
34775.0
34775.0
34775.0
34775.0
34775.0
34775.0
34775.0
34775.0
34775.0
34775.0
34775.0
34775.0
34775.0
34775.0
34775.0
34775.0
34775.0
34775.0
34775.0
34775.0
34775.0
34775.0
34775.0
34775.0
34775.0
16778.0
24077.0
28793.0
31494.0
32784.0
33326.0
33533.0
33590.0
33616.0
33625.0
33627.0
33627.0
33627.0
33627.0
33627.0
33627.0
33627.0
33627.0
33627.0
33627.0
33627.0
33627.0
33627.0
33627.0
33627.0
33627.0
33627.0
33627.0
33627.0
33627.0
33627.0
33627.0
33627.0
33627.0
33627.0
33627.0
33627.0
33627.0
33627.0
33627.0
16709.0
24011.0
28759.0
31384.0
32765.0
33397.0
33630.0
33709.0
33738.0
33745.0
33746.0
33746.0
33746.0
33746.0
33746.0
33746.0
33746.0
33746.0
33746.0
33746.0
33746.0
33746.0
33746.0
33746.0
33746.0
33746.0
33746.0
33746.0
33746.0
33746.0
33746.0
33746.0
33746.0
33746.0
33746.0
33746.0
33746.0
33746.0
33746.0
33746.0
16610.0
24047.0
29114.0
32072.0
33565.0
34196.0
34474.0
34572.0
34605.0
34607.0
34607.0
34607.0
34607.0
34607.0
34607.0
34607.0
34607.0
34607.0
34607.0
34607.0
34607.0
34607.0
34607.0
34607.0
34607.0
34607.0
34607.0
34607.0
34607.0
34607.0
34607.0
34607.0
34607.0
34607.0
34607.0
34607.0
34607.0
34607.0
34607.0
34607.0
16747.0
24056.0
28774.0
31306.0
32458.0
32915.0
33068.0
33133.0
33165.0
33188.0
33189.0
33189.0
33189.0
33189.0
33189.0
33189.0
33189.0
33189.0
33189.0
33189.0
33189.0
33189.0
33189.0
33189.0
33189.0
33189.0
33189.0
33189.0
33189.0
33189.0
33189.0
33189.0
33189.0
33189.0
33189.0
33189.0
33189.0
33189.0
33189.0
33189.0
16926.0
24308.0
29414.0
32356.0
33806.0
34476.0
34692.0
34764.0
34794.0
34805.0
34808.0
34809.0
34810.0
34811.0
34812.0
34812.0
34812.0
34812.0
34812.0
34812.0
34812.0
34812.0
34812.0
34812.0
34812.0
34812.0
34812.0
34812.0
34812.0
34812.0
34812.0
34812.0
34812.0
34812.0
34812.0
34812.0
34812.0
34812.0
34812.0
34812.0
16972.0
24478.0
29671.0
32790.0
34242.0
34906.0
35206.0
35311.0
35348.0
35358.0
35361.0
35361.0
35361.0
35361.0
35361.0
35361.0
35361.0
35361.0
35361.0
35361.0
35361.0
35361.0
35361.0
35361.0
35361.0
35361.0
35361.0
35361.0
35361.0
35361.0
35361.0
35361.0
35361.0
35361.0
35361.0
35361.0
35361.0
35361.0
35361.0
35361.0
16950.0
24492.0
29378.0
32005.0
33172.0
33616.0
33793.0
33836.0
33847.0
33848.0
33848.0
33848.0
33848.0
33848.0
33848.0
33848.0
33848.0
33848.0
33848.0
33848.0
33848.0
33848.0
33848.0
33848.0
33848.0
33848.0
33848.0
33848.0
33848.0
33848.0
33848.0
33848.0
33848.0
33848.0
33848.0
33848.0
33848.0
33848.0
33848.0
33848.0
17072.0
24877.0
30302.0
33539.0
35209.0
35924.0
36194.0
36315.0
36349.0
36366.0
36370.0
36373.0
36373.0
36373.0
36373.0
36373.0
36373.0
36373.0
36373.0
36373.0
36373.0
36373.0
36373.0
36373.0
36373.0
36373.0
36373.0
36373.0
36373.0
36373.0
36373.0
36373.0
36373.0
36373.0
36373.0
36373.0
36373.0
36373.0
36373.0
36373.0
16750.0
24053.0
28917.0
31673.0
33046.0
33603.0
33841.0
33929.0
33969.0
33985.0
33987.0
33989.0
33989.0
33989.0
33989.0
33989.0
33989.0
33989.0
33989.0
33989.0
33989.0
33989.0
33989.0
33989.0
33989.0
33989.0
33989.0
33989.0
33989.0
33989.0
33989.0
33989.0
33989.0
33989.0
33989.0
33989.0
33989.0
33989.0
33989.0
33989.0
17093.0
24890.0
30217.0
33342.0
34957.0
35689.0
36025.0
36166.0
36232.0
36253.0
36261.0
36262.0
36263.0
36263.0
36263.0
36263.0
36263.0
36263.0
36263.0
36263.0
36263.0
36263.0
36263.0
36263.0
36263.0
36263.0
36263.0
36263.0
36263.0
36263.0
36263.0
36263.0
36263.0
36263.0
36263.0
36263.0
36263.0
36263.0
36263.0
36263.0
16928.0
24625.0
30001.0
33192.0
34993.0
35842.0
36234.0
36405.0
36467.0
36497.0
36510.0
36513.0
36513.0
36513.0
36513.0
36513.0
36513.0
36513.0
36513.0
36513.0
36513.0
36513.0
36513.0
36513.0
36513.0
36513.0
36513.0
36513.0
36513.0
36513.0
36513.0
36513.0
36513.0
36513.0
36513.0
36513.0
36513.0
36513.0
36513.0
36513.0
17059.0
24938.0
30382.0
33803.0
35593.0
36494.0
36943.0
37119.0
37205.0
37227.0
37235.0
37238.0
37238.0
37238.0
37238.0
37238.0
37238.0
37238.0
37238.0
37238.0
37238.0
37238.0
37238.0
37238.0
37238.0
37238.0
37238.0
37238.0
37238.0
37238.0
37238.0
37238.0
37238.0
37238.0
37238.0
37238.0
37238.0
37238.0
37238.0
37238.0
16778.0
24132.0
28936.0
31664.0
32928.0
33526.0
33760.0
33823.0
33849.0
33856.0
33859.0
33860.0
33860.0
33860.0
33860.0
33860.0
33860.0
33860.0
33860.0
33860.0
33860.0
33860.0
33860.0
33860.0
33860.0
33860.0
33860.0
33860.0
33860.0
33860.0
33860.0
33860.0
33860.0
33860.0
33860.0
33860.0
33860.0
33860.0
33860.0
33860.0
16839.0
24401.0
29377.0
32308.0
33783.0
34426.0
34611.0
34690.0
34718.0
34730.0
34734.0
34737.0
34738.0
34739.0
34739.0
34739.0
34739.0
34739.0
34739.0
34739.0
34739.0
34739.0
34739.0
34739.0
34739.0
34739.0
34739.0
34739.0
34739.0
34739.0
34739.0
34739.0
34739.0
34739.0
34739.0
34739.0
34739.0
34739.0
34739.0
34739.0
16777.0
24359.0
29559.0
32448.0
33950.0
34589.0
34885.0
35039.0
35088.0
35102.0
35105.0
35107.0
35108.0
35109.0
35109.0
35109.0
35109.0
35109.0
35109.0
35109.0
35109.0
35109.0
35109.0
35109.0
35109.0
35109.0
35109.0
35109.0
35109.0
35109.0
35109.0
35109.0
35109.0
35109.0
35109.0
35109.0
35109.0
35109.0
35109.0
35109.0
16869.0
24533.0
29603.0
32464.0
33851.0
34409.0
34617.0
34681.0
34695.0
34712.0
34716.0
34725.0
34734.0
34734.0
34734.0
34734.0
34734.0
34734.0
34734.0
34734.0
34734.0
34734.0
34734.0
34734.0
34734.0
34734.0
34734.0
34734.0
34734.0
34734.0
34734.0
34734.0
34734.0
34734.0
34734.0
34734.0
34734.0
34734.0
34734.0
34734.0
16851.0
24587.0
29796.0
32932.0
34505.0
35252.0
35548.0
35699.0
35755.0
35777.0
35783.0
35785.0
35786.0
35787.0
35787.0
35787.0
35787.0
35787.0
35787.0
35787.0
35787.0
35787.0
35787.0
35787.0
35787.0
35787.0
35787.0
35787.0
35787.0
35787.0
35787.0
35787.0
35787.0
35787.0
35787.0
35787.0
35787.0
35787.0
35787.0
35787.0
16795.0
24220.0
28945.0
31526.0
32707.0
33219.0
33393.0
33453.0
33474.0
33477.0
33477.0
33477.0
33477.0
33477.0
33477.0
33477.0
33477.0
33477.0
33477.0
33477.0
33477.0
33477.0
33477.0
33477.0
33477.0
33477.0
33477.0
33477.0
33477.0
33477.0
33477.0
33477.0
33477.0
33477.0
33477.0
33477.0
33477.0
33477.0
33477.0
33477.0
16988.0
24505.0
29537.0
32308.0
33613.0
34103.0
34284.0
34326.0
34345.0
34359.0
34363.0
34363.0
34363.0
34363.0
34363.0
34363.0
34363.0
34363.0
34363.0
34363.0
34363.0
34363.0
34363.0
34363.0
34363.0
34363.0
34363.0
34363.0
34363.0
34363.0
34363.0
34363.0
34363.0
34363.0
34363.0
34363.0
34363.0
34363.0
34363.0
34363.0
16839.0
24479.0
29648.0
32600.0
34142.0
34854.0
35158.0
35305.0
35371.0
35402.0
35416.0
35417.0
35419.0
35419.0
35419.0
35419.0
35419.0
35419.0
35419.0
35419.0
35419.0
35419.0
35419.0
35419.0
35419.0
35419.0
35419.0
35419.0
35419.0
35419.0
35419.0
35419.0
35419.0
35419.0
35419.0
35419.0
35419.0
35419.0
35419.0
35419.0
16898.0
24469.0
29603.0
32723.0
34315.0
35038.0
35351.0
35466.0
35509.0
35528.0
35534.0
35535.0
35535.0
35535.0
35535.0
35535.0
35535.0
35535.0
35535.0
35535.0
35535.0
35535.0
35535.0
35535.0
35535.0
35535.0
35535.0
35535.0
35535.0
35535.0
35535.0
35535.0
35535.0
35535.0
35535.0
35535.0
35535.0
35535.0
35535.0
35535.0
16916.0
24270.0
29232.0
31919.0
33184.0
33650.0
33807.0
33848.0
33860.0
33863.0
33864.0
33864.0
33864.0
33864.0
33864.0
33864.0
33864.0
33864.0
33864.0
33864.0
33864.0
33864.0
33864.0
33864.0
33864.0
33864.0
33864.0
33864.0
33864.0
33864.0
33864.0
33864.0
33864.0
33864.0
33864.0
33864.0
33864.0
33864.0
33864.0
33864.0
16755.0
24102.0
29040.0
31782.0
33027.0
33564.0
33753.0
33811.0
33824.0
33827.0
33828.0
33829.0
33829.0
33829.0
33829.0
33829.0
33829.0
33829.0
33829.0
33829.0
33829.0
33829.0
33829.0
33829.0
33829.0
33829.0
33829.0
33829.0
33829.0
33829.0
33829.0
33829.0
33829.0
33829.0
33829.0
33829.0
33829.0
33829.0
33829.0
33829.0
17015.0
24715.0
30007.0
32823.0
34198.0
34686.0
34930.0
35032.0
35062.0
35067.0
35069.0
35069.0
35069.0
35069.0
35069.0
35069.0
35069.0
35069.0
35069.0
35069.0
35069.0
35069.0
35069.0
35069.0
35069.0
35069.0
35069.0
35069.0
35069.0
35069.0
35069.0
35069.0
35069.0
35069.0
35069.0
35069.0
35069.0
35069.0
35069.0
35069.0
16638.0
24102.0
29142.0
32012.0
33485.0
34074.0
34312.0
34383.0
34422.0
34428.0
34429.0
34429.0
34429.0
34429.0
34429.0
34429.0
34429.0
34429.0
34429.0
34429.0
34429.0
34429.0
34429.0
34429.0
34429.0
34429.0
34429.0
34429.0
34429.0
34429.0
34429.0
34429.0
34429.0
34429.0
34429.0
34429.0
34429.0
34429.0
34429.0
34429.0
16978.0
24549.0
29526.0
32351.0
33711.0
34323.0
34584.0
34655.0
34678.0
34687.0
34689.0
34690.0
34690.0
34690.0
34690.0
34690.0
34690.0
34690.0
34690.0
34690.0
34690.0
34690.0
34690.0
34690.0
34690.0
34690.0
34690.0
34690.0
34690.0
34690.0
34690.0
34690.0
34690.0
34690.0
34690.0
34690.0
34690.0
34690.0
34690.0
34690.0
16918.0
24467.0
29690.0
32811.0
34517.0
35250.0
35594.0
35723.0
35775.0
35792.0
35798.0
35800.0
35801.0
35802.0
35803.0
35803.0
35803.0
35803.0
35803.0
35803.0
35803.0
35803.0
35803.0
35803.0
35803.0
35803.0
35803.0
35803.0
35803.0
35803.0
35803.0
35803.0
35803.0
35803.0
35803.0
35803.0
35803.0
35803.0
35803.0
35803.0
17167.0
24879.0
29977.0
32793.0
34160.0
34702.0
34915.0
35021.0
35063.0
35078.0
35082.0
35083.0
35084.0
35084.0
35084.0
35084.0
35084.0
35084.0
35084.0
35084.0
35084.0
35084.0
35084.0
35084.0
35084.0
35084.0
35084.0
35084.0
35084.0
35084.0
35084.0
35084.0
35084.0
35084.0
35084.0
35084.0
35084.0
35084.0
35084.0
35084.0
16950.0
24747.0
29923.0
33086.0
34735.0
35472.0
35764.0
35850.0
35899.0
35911.0
35912.0
35912.0
35912.0
35912.0
35912.0
35912.0
35912.0
35912.0
35912.0
35912.0
35912.0
35912.0
35912.0
35912.0
35912.0
35912.0
35912.0
35912.0
35912.0
35912.0
35912.0
35912.0
35912.0
35912.0
35912.0
35912.0
35912.0
35912.0
35912.0
35912.0
17196.0
24841.0
30168.0
33394.0
35087.0
35982.0
36389.0
36578.0
36640.0
36663.0
36674.0
36678.0
36679.0
36680.0
36680.0
36680.0
36680.0
36680.0
36680.0
36680.0
36680.0
36680.0
36680.0
36680.0
36680.0
36680.0
36680.0
36680.0
36680.0
36680.0
36680.0
36680.0
36680.0
36680.0
36680.0
36680.0
36680.0
36680.0
36680.0
36680.0
16685.0
24133.0
29171.0
31917.0
33270.0
33818.0
34024.0
34095.0
34117.0
34129.0
34131.0
34131.0
34131.0
34131.0
34131.0
34131.0
34131.0
34131.0
34131.0
34131.0
34131.0
34131.0
34131.0
34131.0
34131.0
34131.0
34131.0
34131.0
34131.0
34131.0
34131.0
34131.0
34131.0
34131.0
34131.0
34131.0
34131.0
34131.0
34131.0
34131.0
16566.0
24052.0
29254.0
32419.0
34081.0
34822.0
35164.0
35263.0
35302.0
35310.0
35314.0
35315.0
35315.0
35315.0
35315.0
35315.0
35315.0
35315.0
35315.0
35315.0
35315.0
35315.0
35315.0
35315.0
35315.0
35315.0
35315.0
35315.0
35315.0
35315.0
35315.0
35315.0
35315.0
35315.0
35315.0
35315.0
35315.0
35315.0
35315.0
35315.0
16945.0
24827.0
30101.0
33298.0
34855.0
35576.0
35882.0
36004.0
36042.0
36054.0
36057.0
36058.0
36059.0
36059.0
36059.0
36059.0
36059.0
36059.0
36059.0
36059.0
36059.0
36059.0
36059.0
36059.0
36059.0
36059.0
36059.0
36059.0
36059.0
36059.0
36059.0
36059.0
36059.0
36059.0
36059.0
36059.0
36059.0
36059.0
36059.0
36059.0
17066.0
24678.0
30014.0
33303.0
34908.0
35626.0
35899.0
36025.0
36086.0
36096.0
36099.0
36099.0
36099.0
36099.0
36099.0
36099.0
36099.0
36099.0
36099.0
36099.0
36099.0
36099.0
36099.0
36099.0
36099.0
36099.0
36099.0
36099.0
36099.0
36099.0
36099.0
36099.0
36099.0
36099.0
36099.0
36099.0
36099.0
36099.0
36099.0
36099.0
16815.0
24347.0
29716.0
32989.0
34687.0
35512.0
35863.0
35968.0
36011.0
36020.0
36025.0
36027.0
36028.0
36029.0
36030.0
36031.0
36031.0
36031.0
36031.0
36031.0
36031.0
36031.0
36031.0
36031.0
36031.0
36031.0
36031.0
36031.0
36031.0
36031.0
36031.0
36031.0
36031.0
36031.0
36031.0
36031.0
36031.0
36031.0
36031.0
36031.0
16641.0
24082.0
29014.0
31778.0
33083.0
33586.0
33757.0
33831.0
33855.0
33866.0
33867.0
33867.0
33867.0
33867.0
33867.0
33867.0
33867.0
33867.0
33867.0
33867.0
33867.0
33867.0
33867.0
33867.0
33867.0
33867.0
33867.0
33867.0
33867.0
33867.0
33867.0
33867.0
33867.0
33867.0
33867.0
33867.0
33867.0
33867.0
33867.0
33867.0
16799.0
24419.0
29396.0
32402.0
33978.0
34656.0
34871.0
34933.0
34943.0
34942.0
34942.0
34942.0
34942.0
34942.0
34942.0
34942.0
34942.0
34942.0
34942.0
34942.0
34942.0
34942.0
34942.0
34942.0
34942.0
34942.0
34942.0
34942.0
34942.0
34942.0
34942.0
34942.0
34942.0
34942.0
34942.0
34942.0
34942.0
34942.0
34942.0
34942.0
16930.0
24517.0
29626.0
32667.0
34250.0
34986.0
35279.0
35398.0
35425.0
35440.0
35442.0
35443.0
35443.0
35443.0
35443.0
35443.0
35443.0
35443.0
35443.0
35443.0
35443.0
35443.0
35443.0
35443.0
35443.0
35443.0
35443.0
35443.0
35443.0
35443.0
35443.0
35443.0
35443.0
35443.0
35443.0
35443.0
35443.0
35443.0
35443.0
35443.0
16800.0
24408.0
29546.0
32409.0
33871.0
34522.0
34775.0
34865.0
34923.0
34944.0
34955.0
34958.0
34959.0
34959.0
34959.0
34959.0
34959.0
34959.0
34959.0
34959.0
34959.0
34959.0
34959.0
34959.0
34959.0
34959.0
34959.0
34959.0
34959.0
34959.0
34959.0
34959.0
34959.0
34959.0
34959.0
34959.0
34959.0
34959.0
34959.0
34959.0
17109.0
24750.0
29774.0
32603.0
34033.0
34636.0
34890.0
34990.0
35035.0
35058.0
35065.0
35067.0
35068.0
35069.0
35070.0
35070.0
35070.0
35070.0
35070.0
35070.0
35070.0
35070.0
35070.0
35070.0
35070.0
35070.0
35070.0
35070.0
35070.0
35070.0
35070.0
35070.0
35070.0
35070.0
35070.0
35070.0
35070.0
35070.0
35070.0
35070.0
16792.0
24410.0
29479.0
32314.0
33728.0
34339.0
34583.0
34668.0
34701.0
34708.0
34712.0
34712.0
34712.0
34712.0
34712.0
34712.0
34712.0
34712.0
34712.0
34712.0
34712.0
34712.0
34712.0
34712.0
34712.0
34712.0
34712.0
34712.0
34712.0
34712.0
34712.0
34712.0
34712.0
34712.0
34712.0
34712.0
34712.0
34712.0
34712.0
34712.0
16945.0
24397.0
29549.0
32586.0
34206.0
34932.0
35258.0
35368.0
35395.0
35405.0
35407.0
35408.0
35408.0
35408.0
35408.0
35408.0
35408.0
35408.0
35408.0
35408.0
35408.0
35408.0
35408.0
35408.0
35408.0
35408.0
35408.0
35408.0
35408.0
35408.0
35408.0
35408.0
35408.0
35408.0
35408.0
35408.0
35408.0
35408.0
35408.0
35408.0
17223.0
25097.0
30517.0
33806.0
35407.0
36107.0
36417.0
36509.0
36528.0
36535.0
36537.0
36538.0
36538.0
36538.0
36538.0
36538.0
36538.0
36538.0
36538.0
36538.0
36538.0
36538.0
36538.0
36538.0
36538.0
36538.0
36538.0
36538.0
36538.0
36538.0
36538.0
36538.0
36538.0
36538.0
36538.0
36538.0
36538.0
36538.0
36538.0
36538.0
16750.0
24285.0
29398.0
32272.0
33762.0
34368.0
34604.0
34695.0
34721.0
34726.0
34730.0
34732.0
34732.0
34732.0
34732.0
34732.0
34732.0
34732.0
34732.0
34732.0
34732.0
34732.0
34732.0
34732.0
34732.0
34732.0
34732.0
34732.0
34732.0
34732.0
34732.0
34732.0
34732.0
34732.0
34732.0
34732.0
34732.0
34732.0
34732.0
34732.0
17164.0
24912.0
30257.0
33483.0
35060.0
35759.0
36078.0
36173.0
36212.0
36219.0
36221.0
36221.0
36221.0
36221.0
36221.0
36221.0
36221.0
36221.0
36221.0
36221.0
36221.0
36221.0
36221.0
36221.0
36221.0
36221.0
36221.0
36221.0
36221.0
36221.0
36221.0
36221.0
36221.0
36221.0
36221.0
36221.0
36221.0
36221.0
36221.0
36221.0
16788.0
24157.0
29086.0
31862.0
33208.0
33713.0
33911.0
33958.0
33968.0
33974.0
33975.0
33975.0
33975.0
33975.0
33975.0
33975.0
33975.0
33975.0
33975.0
33975.0
33975.0
33975.0
33975.0
33975.0
33975.0
33975.0
33975.0
33975.0
33975.0
33975.0
33975.0
33975.0
33975.0
33975.0
33975.0
33975.0
33975.0
33975.0
33975.0
33975.0
16682.0
24189.0
29322.0
32389.0
33979.0
34734.0
35049.0
35185.0
35212.0
35224.0
35228.0
35230.0
35232.0
35233.0
35234.0
35234.0
35234.0
35234.0
35234.0
35234.0
35234.0
35234.0
35234.0
35234.0
35234.0
35234.0
35234.0
35234.0
35234.0
35234.0
35234.0
35234.0
35234.0
35234.0
35234.0
35234.0
35234.0
35234.0
35234.0
35234.0
16898.0
24504.0
29447.0
32296.0
33712.0
34323.0
34580.0
34694.0
34731.0
34753.0
34758.0
34760.0
34762.0
34763.0
34764.0
34764.0
34764.0
34764.0
34764.0
34764.0
34764.0
34764.0
34764.0
34764.0
34764.0
34764.0
34764.0
34764.0
34764.0
34764.0
34764.0
34764.0
34764.0
34764.0
34764.0
34764.0
34764.0
34764.0
34764.0
34764.0
16747.0
24357.0
29657.0
32743.0
34305.0
34960.0
35220.0
35314.0
35353.0
35360.0
35360.0
35360.0
35360.0
35360.0
35360.0
35360.0
35360.0
35360.0
35360.0
35360.0
35360.0
35360.0
35360.0
35360.0
35360.0
35360.0
35360.0
35360.0
35360.0
35360.0
35360.0
35360.0
35360.0
35360.0
35360.0
35360.0
35360.0
35360.0
35360.0
35360.0
16987.0
24752.0
29847.0
32702.0
34066.0
34644.0
34894.0
34971.0
35001.0
35011.0
35015.0
35016.0
35016.0
35016.0
35016.0
35016.0
35016.0
35016.0
35016.0
35016.0
35016.0
35016.0
35016.0
35016.0
35016.0
35016.0
35016.0
35016.0
35016.0
35016.0
35016.0
35016.0
35016.0
35016.0
35016.0
35016.0
35016.0
35016.0
35016.0
35016.0
16637.0
24187.0
29426.0
32382.0
33867.0
34500.0
34776.0
34876.0
34912.0
34920.0
34929.0
34929.0
34929.0
34929.0
34929.0
34929.0
34929.0
34929.0
34929.0
34929.0
34929.0
34929.0
34929.0
34929.0
34929.0
34929.0
34929.0
34929.0
34929.0
34929.0
34929.0
34929.0
34929.0
34929.0
34929.0
34929.0
34929.0
34929.0
34929.0
34929.0
16952.0
24518.0
29197.0
31781.0
32951.0
33391.0
33544.0
33593.0
33606.0
33609.0
33610.0
33611.0
33611.0
33611.0
33611.0
33611.0
33611.0
33611.0
33611.0
33611.0
33611.0
33611.0
33611.0
33611.0
33611.0
33611.0
33611.0
33611.0
33611.0
33611.0
33611.0
33611.0
33611.0
33611.0
33611.0
33611.0
33611.0
33611.0
33611.0
33611.0
16658.0
24315.0
29276.0
32205.0
33618.0
34188.0
34361.0
34410.0
34421.0
34422.0
34422.0
34422.0
34422.0
34422.0
34422.0
34422.0
34422.0
34422.0
34422.0
34422.0
34422.0
34422.0
34422.0
34422.0
34422.0
34422.0
34422.0
34422.0
34422.0
34422.0
34422.0
34422.0
34422.0
34422.0
34422.0
34422.0
34422.0
34422.0
34422.0
34422.0
16753.0
24098.0
29001.0
31884.0
33240.0
33763.0
33955.0
34018.0
34045.0
34050.0
34052.0
34052.0
34052.0
34052.0
34052.0
34052.0
34052.0
34052.0
34052.0
34052.0
34052.0
34052.0
34052.0
34052.0
34052.0
34052.0
34052.0
34052.0
34052.0
34052.0
34052.0
34052.0
34052.0
34052.0
34052.0
34052.0
34052.0
34052.0
34052.0
34052.0
16908.0
24497.0
29551.0
32468.0
33962.0
34614.0
34884.0
34989.0
35022.0
35032.0
35034.0
35035.0
35035.0
35035.0
35035.0
35035.0
35035.0
35035.0
35035.0
35035.0
35035.0
35035.0
35035.0
35035.0
35035.0
35035.0
35035.0
35035.0
35035.0
35035.0
35035.0
35035.0
35035.0
35035.0
35035.0
35035.0
35035.0
35035.0
35035.0
35035.0
16975.0
24576.0
29849.0
33078.0
34604.0
35252.0
35533.0
35643.0
35682.0
35691.0
35692.0
35692.0
35692.0
35692.0
35692.0
35692.0
35692.0
35692.0
35692.0
35692.0
35692.0
35692.0
35692.0
35692.0
35692.0
35692.0
35692.0
35692.0
35692.0
35692.0
35692.0
35692.0
35692.0
35692.0
35692.0
35692.0
35692.0
35692.0
35692.0
35692.0
16634.0
24149.0
28861.0
31666.0
32938.0
33547.0
33754.0
33822.0
33854.0
33860.0
33860.0
33860.0
33860.0
33860.0
33860.0
33860.0
33860.0
33860.0
33860.0
33860.0
33860.0
33860.0
33860.0
33860.0
33860.0
33860.0
33860.0
33860.0
33860.0
33860.0
33860.0
33860.0
33860.0
33860.0
33860.0
33860.0
33860.0
33860.0
33860.0
33860.0
16674.0
24387.0
29671.0
32736.0
34308.0
34948.0
35241.0
35340.0
35379.0
35396.0
35404.0
35405.0
35406.0
35407.0
35407.0
35407.0
35407.0
35407.0
35407.0
35407.0
35407.0
35407.0
35407.0
35407.0
35407.0
35407.0
35407.0
35407.0
35407.0
35407.0
35407.0
35407.0
35407.0
35407.0
35407.0
35407.0
35407.0
35407.0
35407.0
35407.0
16698.0
24241.0
28991.0
31652.0
32798.0
33306.0
33465.0
33505.0
33518.0
33522.0
33523.0
33523.0
33523.0
33523.0
33523.0
33523.0
33523.0
33523.0
33523.0
33523.0
33523.0
33523.0
33523.0
33523.0
33523.0
33523.0
33523.0
33523.0
33523.0
33523.0
33523.0
33523.0
33523.0
33523.0
33523.0
33523.0
33523.0
33523.0
33523.0
33523.0
16866.0
24212.0
29144.0
32088.0
33645.0
34325.0
34596.0
34687.0
34715.0
34724.0
34724.0
34724.0
34724.0
34724.0
34724.0
34724.0
34724.0
34724.0
34724.0
34724.0
34724.0
34724.0
34724.0
34724.0
34724.0
34724.0
34724.0
34724.0
34724.0
34724.0
34724.0
34724.0
34724.0
34724.0
34724.0
34724.0
34724.0
34724.0
34724.0
34724.0
16840.0
24141.0
28965.0
31675.0
33064.0
33683.0
33928.0
33979.0
34000.0
34005.0
34006.0
34006.0
34006.0
34006.0
34006.0
34006.0
34006.0
34006.0
34006.0
34006.0
34006.0
34006.0
34006.0
34006.0
34006.0
34006.0
34006.0
34006.0
34006.0
34006.0
34006.0
34006.0
34006.0
34006.0
34006.0
34006.0
34006.0
34006.0
34006.0
34006.0
16994.0
24634.0
29728.0
32588.0
33943.0
34480.0
34690.0
34762.0
34780.0
34785.0
34786.0
34787.0
34788.0
34788.0
34788.0
34788.0
34788.0
34788.0
34788.0
34788.0
34788.0
34788.0
34788.0
34788.0
34788.0
34788.0
34788.0
34788.0
34788.0
34788.0
34788.0
34788.0
34788.0
34788.0
34788.0
34788.0
34788.0
34788.0
34788.0
34788.0
17045.0
24835.0
30198.0
33366.0
35056.0
35851.0
36146.0
36255.0
36308.0
36324.0
36329.0
36329.0
36329.0
36329.0
36329.0
36329.0
36329.0
36329.0
36329.0
36329.0
36329.0
36329.0
36329.0
36329.0
36329.0
36329.0
36329.0
36329.0
36329.0
36329.0
36329.0
36329.0
36329.0
36329.0
36329.0
36329.0
36329.0
36329.0
36329.0
36329.0
16715.0
24238.0
29478.0
32462.0
33992.0
34649.0
34934.0
35071.0
35126.0
35165.0
35182.0
35182.0
35182.0
35182.0
35182.0
35182.0
35182.0
35182.0
35182.0
35182.0
35182.0
35182.0
35182.0
35182.0
35182.0
35182.0
35182.0
35182.0
35182.0
35182.0
35182.0
35182.0
35182.0
35182.0
35182.0
35182.0
35182.0
35182.0
35182.0
35182.0
16700.0
24154.0
29272.0
32332.0
33982.0
34734.0
35053.0
35194.0
35239.0
35256.0
35261.0
35263.0
35263.0
35263.0
35263.0
35263.0
35263.0
35263.0
35263.0
35263.0
35263.0
35263.0
35263.0
35263.0
35263.0
35263.0
35263.0
35263.0
35263.0
35263.0
35263.0
35263.0
35263.0
35263.0
35263.0
35263.0
35263.0
35263.0
35263.0
35263.0
16786.0
24399.0
29544.0
32555.0
34050.0
34714.0
34916.0
34980.0
34994.0
34999.0
35001.0
35001.0
35001.0
35001.0
35001.0
35001.0
35001.0
35001.0
35001.0
35001.0
35001.0
35001.0
35001.0
35001.0
35001.0
35001.0
35001.0
35001.0
35001.0
35001.0
35001.0
35001.0
35001.0
35001.0
35001.0
35001.0
35001.0
35001.0
35001.0
35001.0
17041.0
24664.0
29801.0
32808.0
34318.0
34973.0
35222.0
35330.0
35370.0
35388.0
35398.0
35401.0
35401.0
35401.0
35401.0
35401.0
35401.0
35401.0
35401.0
35401.0
35401.0
35401.0
35401.0
35401.0
35401.0
35401.0
35401.0
35401.0
35401.0
35401.0
35401.0
35401.0
35401.0
35401.0
35401.0
35401.0
35401.0
35401.0
35401.0
35401.0
16773.0
24262.0
29299.0
32353.0
34156.0
34936.0
35306.0
35443.0
35524.0
35542.0
35549.0
35553.0
35554.0
35554.0
35554.0
35554.0
35554.0
35554.0
35554.0
35554.0
35554.0
35554.0
35554.0
35554.0
35554.0
35554.0
35554.0
35554.0
35554.0
35554.0
35554.0
35554.0
35554.0
35554.0
35554.0
35554.0
35554.0
35554.0
35554.0
35554.0
16848.0
24248.0
29271.0
32130.0
33575.0
34236.0
34510.0
34609.0
34642.0
34654.0
34657.0
34658.0
34658.0
34658.0
34658.0
34658.0
34658.0
34658.0
34658.0
34658.0
34658.0
34658.0
34658.0
34658.0
34658.0
34658.0
34658.0
34658.0
34658.0
34658.0
34658.0
34658.0
34658.0
34658.0
34658.0
34658.0
34658.0
34658.0
34658.0
34658.0
16636.0
24120.0
29181.0
32162.0
33651.0
34273.0
34459.0
34525.0
34552.0
34568.0
34582.0
34583.0
34583.0
34583.0
34583.0
34583.0
34583.0
34583.0
34583.0
34583.0
34583.0
34583.0
34583.0
34583.0
34583.0
34583.0
34583.0
34583.0
34583.0
34583.0
34583.0
34583.0
34583.0
34583.0
34583.0
34583.0
34583.0
34583.0
34583.0
34583.0
16945.0
24470.0
29662.0
32716.0
34285.0
34886.0
35075.0
35145.0
35176.0
35181.0
35184.0
35184.0
35184.0
35184.0
35184.0
35184.0
35184.0
35184.0
35184.0
35184.0
35184.0
35184.0
35184.0
35184.0
35184.0
35184.0
35184.0
35184.0
35184.0
35184.0
35184.0
35184.0
35184.0
35184.0
35184.0
35184.0
35184.0
35184.0
35184.0
35184.0
16718.0
24155.0
29292.0
32264.0
33721.0
34288.0
34489.0
34579.0
34606.0
34614.0
34615.0
34615.0
34615.0
34615.0
34615.0
34615.0
34615.0
34615.0
34615.0
34615.0
34615.0
34615.0
34615.0
34615.0
34615.0
34615.0
34615.0
34615.0
34615.0
34615.0
34615.0
34615.0
34615.0
34615.0
34615.0
34615.0
34615.0
34615.0
34615.0
34615.0
17106.0
24514.0
29482.0
32296.0
33638.0
34240.0
34455.0
34537.0
34556.0
34565.0
34569.0
34570.0
34571.0
34571.0
34571.0
34571.0
34571.0
34571.0
34571.0
34571.0
34571.0
34571.0
34571.0
34571.0
34571.0
34571.0
34571.0
34571.0
34571.0
34571.0
34571.0
34571.0
34571.0
34571.0
34571.0
34571.0
34571.0
34571.0
34571.0
34571.0
17050.0
24531.0
29553.0
32446.0
33960.0
34680.0
34971.0
35117.0
35157.0
35170.0
35178.0
35189.0
35189.0
35189.0
35189.0
35189.0
35189.0
35189.0
35189.0
35189.0
35189.0
35189.0
35189.0
35189.0
35189.0
35189.0
35189.0
35189.0
35189.0
35189.0
35189.0
35189.0
35189.0
35189.0
35189.0
35189.0
35189.0
35189.0
35189.0
35189.0
16682.0
24269.0
29409.0
32455.0
34034.0
34802.0
35143.0
35261.0
35303.0
35314.0
35317.0
35317.0
35317.0
35317.0
35317.0
35317.0
35317.0
35317.0
35317.0
35317.0
35317.0
35317.0
35317.0
35317.0
35317.0
35317.0
35317.0
35317.0
35317.0
35317.0
35317.0
35317.0
35317.0
35317.0
35317.0
35317.0
35317.0
35317.0
35317.0
35317.0
16938.0
24513.0
29645.0
32564.0
33999.0
34625.0
34846.0
34963.0
35011.0
35034.0
35043.0
35047.0
35048.0
35048.0
35048.0
35048.0
35048.0
35048.0
35048.0
35048.0
35048.0
35048.0
35048.0
35048.0
35048.0
35048.0
35048.0
35048.0
35048.0
35048.0
35048.0
35048.0
35048.0
35048.0
35048.0
35048.0
35048.0
35048.0
35048.0
35048.0
17140.0
24564.0
29357.0
32033.0
33251.0
33762.0
33952.0
34021.0
34036.0
34037.0
34037.0
34037.0
34037.0
34037.0
34037.0
34037.0
34037.0
34037.0
34037.0
34037.0
34037.0
34037.0
34037.0
34037.0
34037.0
34037.0
34037.0
34037.0
34037.0
34037.0
34037.0
34037.0
34037.0
34037.0
34037.0
34037.0
34037.0
34037.0
34037.0
34037.0
16905.0
24419.0
29215.0
31972.0
33201.0
33649.0
33823.0
33867.0
33880.0
33882.0
33882.0
33882.0
33882.0
33882.0
33882.0
33882.0
33882.0
33882.0
33882.0
33882.0
33882.0
33882.0
33882.0
33882.0
33882.0
33882.0
33882.0
33882.0
33882.0
33882.0
33882.0
33882.0
33882.0
33882.0
33882.0
33882.0
33882.0
33882.0
33882.0
33882.0
17034.0
24611.0
29666.0
32445.0
33735.0
34302.0
34504.0
34590.0
34610.0
34617.0
34618.0
34618.0
34618.0
34618.0
34618.0
34618.0
34618.0
34618.0
34618.0
34618.0
34618.0
34618.0
34618.0
34618.0
34618.0
34618.0
34618.0
34618.0
34618.0
34618.0
34618.0
34618.0
34618.0
34618.0
34618.0
34618.0
34618.0
34618.0
34618.0
34618.0
16732.0
24285.0
29363.0
32415.0
33889.0
34434.0
34687.0
34810.0
34857.0
34880.0
34885.0
34887.0
34888.0
34889.0
34889.0
34889.0
34889.0
34889.0
34889.0
34889.0
34889.0
34889.0
34889.0
34889.0
34889.0
34889.0
34889.0
34889.0
34889.0
34889.0
34889.0
34889.0
34889.0
34889.0
34889.0
34889.0
34889.0
34889.0
34889.0
34889.0
16844.0
24498.0
29685.0
32782.0
34334.0
34949.0
35216.0
35291.0
35316.0
35323.0
35326.0
35327.0
35327.0
35327.0
35327.0
35327.0
35327.0
35327.0
35327.0
35327.0
35327.0
35327.0
35327.0
35327.0
35327.0
35327.0
35327.0
35327.0
35327.0
35327.0
35327.0
35327.0
35327.0
35327.0
35327.0
35327.0
35327.0
35327.0
35327.0
35327.0
16834.0
24441.0
29609.0
32577.0
33996.0
34593.0
34847.0
34927.0
34956.0
34963.0
34964.0
34964.0
34964.0
34964.0
34964.0
34964.0
34964.0
34964.0
34964.0
34964.0
34964.0
34964.0
34964.0
34964.0
34964.0
34964.0
34964.0
34964.0
34964.0
34964.0
34964.0
34964.0
34964.0
34964.0
34964.0
34964.0
34964.0
34964.0
34964.0
34964.0
16693.0
24219.0
29481.0
32444.0
33927.0
34600.0
34855.0
34956.0
35002.0
35013.0
35017.0
35019.0
35019.0
35019.0
35019.0
35019.0
35019.0
35019.0
35019.0
35019.0
35019.0
35019.0
35019.0
35019.0
35019.0
35019.0
35019.0
35019.0
35019.0
35019.0
35019.0
35019.0
35019.0
35019.0
35019.0
35019.0
35019.0
35019.0
35019.0
35019.0
16864.0
24233.0
29078.0
31793.0
33166.0
33760.0
33986.0
34070.0
34098.0
34105.0
34107.0
34108.0
34108.0
34108.0
34108.0
34108.0
34108.0
34108.0
34108.0
34108.0
34108.0
34108.0
34108.0
34108.0
34108.0
34108.0
34108.0
34108.0
34108.0
34108.0
34108.0
34108.0
34108.0
34108.0
34108.0
34108.0
34108.0
34108.0
34108.0
34108.0
16841.0
24433.0
29531.0
32428.0
33943.0
34594.0
34831.0
34928.0
34963.0
34973.0
34976.0
34976.0
34976.0
34976.0
34976.0
34976.0
34976.0
34976.0
34976.0
34976.0
34976.0
34976.0
34976.0
34976.0
34976.0
34976.0
34976.0
34976.0
34976.0
34976.0
34976.0
34976.0
34976.0
34976.0
34976.0
34976.0
34976.0
34976.0
34976.0
34976.0
16775.0
24136.0
28862.0
31572.0
32931.0
33495.0
33672.0
33739.0
33756.0
33762.0
33762.0
33762.0
33762.0
33762.0
33762.0
33762.0
33762.0
33762.0
33762.0
33762.0
33762.0
33762.0
33762.0
33762.0
33762.0
33762.0
33762.0
33762.0
33762.0
33762.0
33762.0
33762.0
33762.0
33762.0
33762.0
33762.0
33762.0
33762.0
33762.0
33762.0
17008.0
24766.0
30069.0
33077.0
34559.0
35238.0
35502.0
35599.0
35634.0
35642.0
35645.0
35645.0
35645.0
35645.0
35645.0
35645.0
35645.0
35645.0
35645.0
35645.0
35645.0
35645.0
35645.0
35645.0
35645.0
35645.0
35645.0
35645.0
35645.0
35645.0
35645.0
35645.0
35645.0
35645.0
35645.0
35645.0
35645.0
35645.0
35645.0
35645.0
17012.0
24660.0
29498.0
32286.0
33501.0
34083.0
34297.0
34352.0
34378.0
34391.0
34394.0
34396.0
34397.0
34397.0
34397.0
34397.0
34397.0
34397.0
34397.0
34397.0
34397.0
34397.0
34397.0
34397.0
34397.0
34397.0
34397.0
34397.0
34397.0
34397.0
34397.0
34397.0
34397.0
34397.0
34397.0
34397.0
34397.0
34397.0
34397.0
34397.0
16727.0
24271.0
29373.0
32353.0
33851.0
34581.0
34871.0
34969.0
34992.0
35009.0
35011.0
35011.0
35011.0
35011.0
35011.0
35011.0
35011.0
35011.0
35011.0
35011.0
35011.0
35011.0
35011.0
35011.0
35011.0
35011.0
35011.0
35011.0
35011.0
35011.0
35011.0
35011.0
35011.0
35011.0
35011.0
35011.0
35011.0
35011.0
35011.0
35011.0
17030.0
24568.0
29826.0
32689.0
34114.0
34719.0
34919.0
34976.0
34996.0
35002.0
35004.0
35004.0
35004.0
35004.0
35004.0
35004.0
35004.0
35004.0
35004.0
35004.0
35004.0
35004.0
35004.0
35004.0
35004.0
35004.0
35004.0
35004.0
35004.0
35004.0
35004.0
35004.0
35004.0
35004.0
35004.0
35004.0
35004.0
35004.0
35004.0
35004.0
16786.0
24208.0
29244.0
32090.0
33496.0
34062.0
34287.0
34376.0
34389.0
34397.0
34399.0
34399.0
34399.0
34399.0
34399.0
34399.0
34399.0
34399.0
34399.0
34399.0
34399.0
34399.0
34399.0
34399.0
34399.0
34399.0
34399.0
34399.0
34399.0
34399.0
34399.0
34399.0
34399.0
34399.0
34399.0
34399.0
34399.0
34399.0
34399.0
34399.0
16872.0
24423.0
29665.0
32748.0
34257.0
34907.0
35169.0
35257.0
35301.0
35308.0
35310.0
35310.0
35310.0
35310.0
35310.0
35310.0
35310.0
35310.0
35310.0
35310.0
35310.0
35310.0
35310.0
35310.0
35310.0
35310.0
35310.0
35310.0
35310.0
35310.0
35310.0
35310.0
35310.0
35310.0
35310.0
35310.0
35310.0
35310.0
35310.0
35310.0
16914.0
24461.0
29612.0
32452.0
33906.0
34584.0
34839.0
34947.0
34966.0
34977.0
34977.0
34977.0
34977.0
34977.0
34977.0
34977.0
34977.0
34977.0
34977.0
34977.0
34977.0
34977.0
34977.0
34977.0
34977.0
34977.0
34977.0
34977.0
34977.0
34977.0
34977.0
34977.0
34977.0
34977.0
34977.0
34977.0
34977.0
34977.0
34977.0
34977.0
16841.0
24349.0
29436.0
32209.0
33588.0
34152.0
34395.0
34513.0
34554.0
34571.0
34578.0
34583.0
34584.0
34584.0
34584.0
34584.0
34584.0
34584.0
34584.0
34584.0
34584.0
34584.0
34584.0
34584.0
34584.0
34584.0
34584.0
34584.0
34584.0
34584.0
34584.0
34584.0
34584.0
34584.0
34584.0
34584.0
34584.0
34584.0
34584.0
34584.0
16932.0
24623.0
29930.0
33124.0
34800.0
35519.0
35839.0
35963.0
36007.0
36019.0
36022.0
36024.0
36024.0
36024.0
36024.0
36024.0
36024.0
36024.0
36024.0
36024.0
36024.0
36024.0
36024.0
36024.0
36024.0
36024.0
36024.0
36024.0
36024.0
36024.0
36024.0
36024.0
36024.0
36024.0
36024.0
36024.0
36024.0
36024.0
36024.0
36024.0
16802.0
24595.0
30112.0
33502.0
35360.0
36197.0
36624.0
36823.0
36906.0
36937.0
36958.0
36965.0
36966.0
36967.0
36968.0
36968.0
36968.0
36968.0
36968.0
36968.0
36968.0
36968.0
36968.0
36968.0
36968.0
36968.0
36968.0
36968.0
36968.0
36968.0
36968.0
36968.0
36968.0
36968.0
36968.0
36968.0
36968.0
36968.0
36968.0
36968.0
16744.0
24340.0
29493.0
32675.0
34275.0
35001.0
35260.0
35376.0
35425.0
35441.0
35452.0
35454.0
35455.0
35455.0
35455.0
35455.0
35455.0
35455.0
35455.0
35455.0
35455.0
35455.0
35455.0
35455.0
35455.0
35455.0
35455.0
35455.0
35455.0
35455.0
35455.0
35455.0
35455.0
35455.0
35455.0
35455.0
35455.0
35455.0
35455.0
35455.0
16843.0
24483.0
29765.0
32894.0
34450.0
35185.0
35501.0
35589.0
35622.0
35633.0
35638.0
35640.0
35640.0
35640.0
35640.0
35640.0
35640.0
35640.0
35640.0
35640.0
35640.0
35640.0
35640.0
35640.0
35640.0
35640.0
35640.0
35640.0
35640.0
35640.0
35640.0
35640.0
35640.0
35640.0
35640.0
35640.0
35640.0
35640.0
35640.0
35640.0
16913.0
24595.0
29726.0
32764.0
34236.0
34819.0
35004.0
35080.0
35115.0
35120.0
35120.0
35120.0
35120.0
35120.0
35120.0
35120.0
35120.0
35120.0
35120.0
35120.0
35120.0
35120.0
35120.0
35120.0
35120.0
35120.0
35120.0
35120.0
35120.0
35120.0
35120.0
35120.0
35120.0
35120.0
35120.0
35120.0
35120.0
35120.0
35120.0
35120.0
16987.0
24719.0
29959.0
32967.0
34566.0
35242.0
35478.0
35578.0
35610.0
35625.0
35632.0
35633.0
35634.0
35634.0
35634.0
35634.0
35634.0
35634.0
35634.0
35634.0
35634.0
35634.0
35634.0
35634.0
35634.0
35634.0
35634.0
35634.0
35634.0
35634.0
35634.0
35634.0
35634.0
35634.0
35634.0
35634.0
35634.0
35634.0
35634.0
35634.0
16877.0
24343.0
29408.0
32354.0
33763.0
34455.0
34670.0
34740.0
34756.0
34761.0
34762.0
34762.0
34762.0
34762.0
34762.0
34762.0
34762.0
34762.0
34762.0
34762.0
34762.0
34762.0
34762.0
34762.0
34762.0
34762.0
34762.0
34762.0
34762.0
34762.0
34762.0
34762.0
34762.0
34762.0
34762.0
34762.0
34762.0
34762.0
34762.0
34762.0
16915.0
24582.0
29569.0
32489.0
33817.0
34444.0
34708.0
34796.0
34820.0
34829.0
34829.0
34829.0
34829.0
34829.0
34829.0
34829.0
34829.0
34829.0
34829.0
34829.0
34829.0
34829.0
34829.0
34829.0
34829.0
34829.0
34829.0
34829.0
34829.0
34829.0
34829.0
34829.0
34829.0
34829.0
34829.0
34829.0
34829.0
34829.0
34829.0
34829.0
17102.0
24910.0
29922.0
32912.0
34349.0
35019.0
35316.0
35423.0
35453.0
35465.0
35470.0
35471.0
35472.0
35472.0
35472.0
35472.0
35472.0
35472.0
35472.0
35472.0
35472.0
35472.0
35472.0
35472.0
35472.0
35472.0
35472.0
35472.0
35472.0
35472.0
35472.0
35472.0
35472.0
35472.0
35472.0
35472.0
35472.0
35472.0
35472.0
35472.0
16886.0
24387.0
29313.0
32187.0
33508.0
34010.0
34177.0
34241.0
34272.0
34275.0
34276.0
34276.0
34276.0
34276.0
34276.0
34276.0
34276.0
34276.0
34276.0
34276.0
34276.0
34276.0
34276.0
34276.0
34276.0
34276.0
34276.0
34276.0
34276.0
34276.0
34276.0
34276.0
34276.0
34276.0
34276.0
34276.0
34276.0
34276.0
34276.0
34276.0
16765.0
24307.0
29353.0
32418.0
34043.0
34727.0
35010.0
35100.0
35123.0
35132.0
35136.0
35138.0
35139.0
35139.0
35139.0
35139.0
35139.0
35139.0
35139.0
35139.0
35139.0
35139.0
35139.0
35139.0
35139.0
35139.0
35139.0
35139.0
35139.0
35139.0
35139.0
35139.0
35139.0
35139.0
35139.0
35139.0
35139.0
35139.0
35139.0
35139.0
16823.0
24415.0
29492.0
32451.0
33948.0
34647.0
34915.0
35025.0
35064.0
35074.0
35081.0
35085.0
35085.0
35085.0
35085.0
35085.0
35085.0
35085.0
35085.0
35085.0
35085.0
35085.0
35085.0
35085.0
35085.0
35085.0
35085.0
35085.0
35085.0
35085.0
35085.0
35085.0
35085.0
35085.0
35085.0
35085.0
35085.0
35085.0
35085.0
35085.0
16889.0
24524.0
29797.0
32809.0
34175.0
34764.0
34961.0
35003.0
35013.0
35018.0
35020.0
35021.0
35021.0
35021.0
35021.0
35021.0
35021.0
35021.0
35021.0
35021.0
35021.0
35021.0
35021.0
35021.0
35021.0
35021.0
35021.0
35021.0
35021.0
35021.0
35021.0
35021.0
35021.0
35021.0
35021.0
35021.0
35021.0
35021.0
35021.0
35021.0
16792.0
24498.0
29406.0
32184.0
33462.0
34006.0
34251.0
34332.0
34353.0
34366.0
34374.0
34386.0
34396.0
34397.0
34397.0
34397.0
34397.0
34397.0
34397.0
34397.0
34397.0
34397.0
34397.0
34397.0
34397.0
34397.0
34397.0
34397.0
34397.0
34397.0
34397.0
34397.0
34397.0
34397.0
34397.0
34397.0
34397.0
34397.0
34397.0
34397.0
16883.0
24421.0
29254.0
31916.0
33210.0
33698.0
33901.0
33966.0
33981.0
33986.0
33989.0
33990.0
33990.0
33990.0
33990.0
33990.0
33990.0
33990.0
33990.0
33990.0
33990.0
33990.0
33990.0
33990.0
33990.0
33990.0
33990.0
33990.0
33990.0
33990.0
33990.0
33990.0
33990.0
33990.0
33990.0
33990.0
33990.0
33990.0
33990.0
33990.0
16872.0
24470.0
29673.0
32829.0
34413.0
35103.0
35346.0
35469.0
35514.0
35547.0
35554.0
35556.0
35557.0
35557.0
35557.0
35557.0
35557.0
35557.0
35557.0
35557.0
35557.0
35557.0
35557.0
35557.0
35557.0
35557.0
35557.0
35557.0
35557.0
35557.0
35557.0
35557.0
35557.0
35557.0
35557.0
35557.0
35557.0
35557.0
35557.0
35557.0
16697.0
24243.0
29312.0
32161.0
33572.0
34201.0
34439.0
34526.0
34557.0
34569.0
34577.0
34588.0
34600.0
34600.0
34600.0
34600.0
34600.0
34600.0
34600.0
34600.0
34600.0
34600.0
34600.0
34600.0
34600.0
34600.0
34600.0
34600.0
34600.0
34600.0
34600.0
34600.0
34600.0
34600.0
34600.0
34600.0
34600.0
34600.0
34600.0
34600.0
16672.0
24241.0
29111.0
31828.0
33028.0
33542.0
33691.0
33743.0
33750.0
33753.0
33753.0
33753.0
33753.0
33753.0
33753.0
33753.0
33753.0
33753.0
33753.0
33753.0
33753.0
33753.0
33753.0
33753.0
33753.0
33753.0
33753.0
33753.0
33753.0
33753.0
33753.0
33753.0
33753.0
33753.0
33753.0
33753.0
33753.0
33753.0
33753.0
33753.0
16812.0
24301.0
29147.0
31798.0
33019.0
33510.0
33672.0
33726.0
33739.0
33745.0
33747.0
33747.0
33747.0
33747.0
33747.0
33747.0
33747.0
33747.0
33747.0
33747.0
33747.0
33747.0
33747.0
33747.0
33747.0
33747.0
33747.0
33747.0
33747.0
33747.0
33747.0
33747.0
33747.0
33747.0
33747.0
33747.0
33747.0
33747.0
33747.0
33747.0
17009.0
24727.0
30085.0
33217.0
34870.0
35595.0
35971.0
36128.0
36198.0
36223.0
36233.0
36240.0
36243.0
36244.0
36245.0
36245.0
36245.0
36245.0
36245.0
36245.0
36245.0
36245.0
36245.0
36245.0
36245.0
36245.0
36245.0
36245.0
36245.0
36245.0
36245.0
36245.0
36245.0
36245.0
36245.0
36245.0
36245.0
36245.0
36245.0
36245.0
17122.0
24830.0
30015.0
32998.0
34412.0
35093.0
35355.0
35470.0
35507.0
35520.0
35523.0
35524.0
35524.0
35524.0
35524.0
35524.0
35524.0
35524.0
35524.0
35524.0
35524.0
35524.0
35524.0
35524.0
35524.0
35524.0
35524.0
35524.0
35524.0
35524.0
35524.0
35524.0
35524.0
35524.0
35524.0
35524.0
35524.0
35524.0
35524.0
35524.0
16869.0
24457.0
29502.0
32602.0
34305.0
35114.0
35456.0
35582.0
35653.0
35680.0
35688.0
35691.0
35691.0
35691.0
35691.0
35691.0
35691.0
35691.0
35691.0
35691.0
35691.0
35691.0
35691.0
35691.0
35691.0
35691.0
35691.0
35691.0
35691.0
35691.0
35691.0
35691.0
35691.0
35691.0
35691.0
35691.0
35691.0
35691.0
35691.0
35691.0
16851.0
24317.0
29421.0
32461.0
33948.0
34589.0
34852.0
34970.0
34997.0
35007.0
35010.0
35010.0
35010.0
35010.0
35010.0
35010.0
35010.0
35010.0
35010.0
35010.0
35010.0
35010.0
35010.0
35010.0
35010.0
35010.0
35010.0
35010.0
35010.0
35010.0
35010.0
35010.0
35010.0
35010.0
35010.0
35010.0
35010.0
35010.0
35010.0
35010.0
16674.0
24035.0
28952.0
31839.0
33237.0
33851.0
34099.0
34176.0
34189.0
34193.0
34195.0
34195.0
34195.0
34195.0
34195.0
34195.0
34195.0
34195.0
34195.0
34195.0
34195.0
34195.0
34195.0
34195.0
34195.0
34195.0
34195.0
34195.0
34195.0
34195.0
34195.0
34195.0
34195.0
34195.0
34195.0
34195.0
34195.0
34195.0
34195.0
34195.0
16877.0
24416.0
29485.0
32250.0
33609.0
34150.0
34357.0
34419.0
34434.0
34438.0
34440.0
34442.0
34442.0
34442.0
34442.0
34442.0
34442.0
34442.0
34442.0
34442.0
34442.0
34442.0
34442.0
34442.0
34442.0
34442.0
34442.0
34442.0
34442.0
34442.0
34442.0
34442.0
34442.0
34442.0
34442.0
34442.0
34442.0
34442.0
34442.0
34442.0
16720.0
24210.0
29283.0
32363.0
33929.0
34706.0
35042.0
35176.0
35230.0
35241.0
35244.0
35244.0
35244.0
35244.0
35244.0
35244.0
35244.0
35244.0
35244.0
35244.0
35244.0
35244.0
35244.0
35244.0
35244.0
35244.0
35244.0
35244.0
35244.0
35244.0
35244.0
35244.0
35244.0
35244.0
35244.0
35244.0
35244.0
35244.0
35244.0
35244.0
17052.0
24578.0
29761.0
32749.0
34265.0
34883.0
35147.0
35232.0
35262.0
35270.0
35273.0
35275.0
35277.0
35278.0
35278.0
35278.0
35278.0
35278.0
35278.0
35278.0
35278.0
35278.0
35278.0
35278.0
35278.0
35278.0
35278.0
35278.0
35278.0
35278.0
35278.0
35278.0
35278.0
35278.0
35278.0
35278.0
35278.0
35278.0
35278.0
35278.0
16589.0
23874.0
28720.0
31472.0
32867.0
33420.0
33660.0
33755.0
33781.0
33791.0
33796.0
33797.0
33797.0
33797.0
33797.0
33797.0
33797.0
33797.0
33797.0
33797.0
33797.0
33797.0
33797.0
33797.0
33797.0
33797.0
33797.0
33797.0
33797.0
33797.0
33797.0
33797.0
33797.0
33797.0
33797.0
33797.0
33797.0
33797.0
33797.0
33797.0
17189.0
24741.0
29708.0
32443.0
33711.0
34310.0
34480.0
34516.0
34529.0
34531.0
34531.0
34531.0
34531.0
34531.0
34531.0
34531.0
34531.0
34531.0
34531.0
34531.0
34531.0
34531.0
34531.0
34531.0
34531.0
34531.0
34531.0
34531.0
34531.0
34531.0
34531.0
34531.0
34531.0
34531.0
34531.0
34531.0
34531.0
34531.0
34531.0
34531.0
17059.0
24678.0
29966.0
32906.0
34368.0
35003.0
35271.0
35356.0
35381.0
35394.0
35397.0
35399.0
35400.0
35400.0
35400.0
35400.0
35400.0
35400.0
35400.0
35400.0
35400.0
35400.0
35400.0
35400.0
35400.0
35400.0
35400.0
35400.0
35400.0
35400.0
35400.0
35400.0
35400.0
35400.0
35400.0
35400.0
35400.0
35400.0
35400.0
35400.0
16667.0
24072.0
29004.0
31798.0
33251.0
33840.0
34064.0
34148.0
34174.0
34190.0
34192.0
34192.0
34192.0
34192.0
34192.0
34192.0
34192.0
34192.0
34192.0
34192.0
34192.0
34192.0
34192.0
34192.0
34192.0
34192.0
34192.0
34192.0
34192.0
34192.0
34192.0
34192.0
34192.0
34192.0
34192.0
34192.0
34192.0
34192.0
34192.0
34192.0
16892.0
24243.0
29111.0
31799.0
33066.0
33644.0
33820.0
33901.0
33933.0
33937.0
33938.0
33938.0
33938.0
33938.0
33938.0
33938.0
33938.0
33938.0
33938.0
33938.0
33938.0
33938.0
33938.0
33938.0
33938.0
33938.0
33938.0
33938.0
33938.0
33938.0
33938.0
33938.0
33938.0
33938.0
33938.0
33938.0
33938.0
33938.0
33938.0
33938.0
16733.0
24100.0
28671.0
31274.0
32568.0
33152.0
33381.0
33459.0
33489.0
33498.0
33499.0
33499.0
33499.0
33499.0
33499.0
33499.0
33499.0
33499.0
33499.0
33499.0
33499.0
33499.0
33499.0
33499.0
33499.0
33499.0
33499.0
33499.0
33499.0
33499.0
33499.0
33499.0
33499.0
33499.0
33499.0
33499.0
33499.0
33499.0
33499.0
33499.0
16611.0
23981.0
28866.0
31578.0
32828.0
33319.0
33472.0
33508.0
33520.0
33522.0
33522.0
33522.0
33522.0
33522.0
33522.0
33522.0
33522.0
33522.0
33522.0
33522.0
33522.0
33522.0
33522.0
33522.0
33522.0
33522.0
33522.0
33522.0
33522.0
33522.0
33522.0
33522.0
33522.0
33522.0
33522.0
33522.0
33522.0
33522.0
33522.0
33522.0
16763.0
24248.0
29365.0
32342.0
33930.0
34704.0
35045.0
35157.0
35215.0
35245.0
35249.0
35252.0
35252.0
35252.0
35252.0
35252.0
35252.0
35252.0
35252.0
35252.0
35252.0
35252.0
35252.0
35252.0
35252.0
35252.0
35252.0
35252.0
35252.0
35252.0
35252.0
35252.0
35252.0
35252.0
35252.0
35252.0
35252.0
35252.0
35252.0
35252.0
16725.0
24369.0
29692.0
32847.0
34465.0
35212.0
35591.0
35721.0
35778.0
35797.0
35802.0
35803.0
35803.0
35803.0
35803.0
35803.0
35803.0
35803.0
35803.0
35803.0
35803.0
35803.0
35803.0
35803.0
35803.0
35803.0
35803.0
35803.0
35803.0
35803.0
35803.0
35803.0
35803.0
35803.0
35803.0
35803.0
35803.0
35803.0
35803.0
35803.0
16826.0
24569.0
29845.0
32980.0
34519.0
35181.0
35488.0
35599.0
35638.0
35649.0
35654.0
35656.0
35657.0
35658.0
35659.0
35660.0
35660.0
35660.0
35660.0
35660.0
35660.0
35660.0
35660.0
35660.0
35660.0
35660.0
35660.0
35660.0
35660.0
35660.0
35660.0
35660.0
35660.0
35660.0
35660.0
35660.0
35660.0
35660.0
35660.0
35660.0
17038.0
24715.0
29962.0
32954.0
34519.0
35253.0
35517.0
35651.0
35712.0
35742.0
35749.0
35752.0
35753.0
35753.0
35753.0
35753.0
35753.0
35753.0
35753.0
35753.0
35753.0
35753.0
35753.0
35753.0
35753.0
35753.0
35753.0
35753.0
35753.0
35753.0
35753.0
35753.0
35753.0
35753.0
35753.0
35753.0
35753.0
35753.0
35753.0
35753.0
16694.0
24223.0
29341.0
32339.0
33938.0
34725.0
35070.0
35195.0
35239.0
35253.0
35262.0
35266.0
35267.0
35267.0
35267.0
35267.0
35267.0
35267.0
35267.0
35267.0
35267.0
35267.0
35267.0
35267.0
35267.0
35267.0
35267.0
35267.0
35267.0
35267.0
35267.0
35267.0
35267.0
35267.0
35267.0
35267.0
35267.0
35267.0
35267.0
35267.0
16921.0
24563.0
29570.0
32432.0
33726.0
34263.0
34503.0
34582.0
34612.0
34620.0
34625.0
34626.0
34626.0
34626.0
34626.0
34626.0
34626.0
34626.0
34626.0
34626.0
34626.0
34626.0
34626.0
34626.0
34626.0
34626.0
34626.0
34626.0
34626.0
34626.0
34626.0
34626.0
34626.0
34626.0
34626.0
34626.0
34626.0
34626.0
34626.0
34626.0
16782.0
24406.0
29574.0
32651.0
34233.0
34940.0
35256.0
35361.0
35408.0
35435.0
35436.0
35437.0
35438.0
35438.0
35438.0
35438.0
35438.0
35438.0
35438.0
35438.0
35438.0
35438.0
35438.0
35438.0
35438.0
35438.0
35438.0
35438.0
35438.0
35438.0
35438.0
35438.0
35438.0
35438.0
35438.0
35438.0
35438.0
35438.0
35438.0
35438.0
16969.0
24799.0
29996.0
33122.0
34698.0
35482.0
35777.0
35884.0
35917.0
35924.0
35926.0
35928.0
35930.0
35930.0
35930.0
35930.0
35930.0
35930.0
35930.0
35930.0
35930.0
35930.0
35930.0
35930.0
35930.0
35930.0
35930.0
35930.0
35930.0
35930.0
35930.0
35930.0
35930.0
35930.0
35930.0
35930.0
35930.0
35930.0
35930.0
35930.0
16747.0
24430.0
29736.0
33130.0
34864.0
35671.0
36051.0
36205.0
36262.0
36286.0
36296.0
36299.0
36302.0
36303.0
36304.0
36304.0
36304.0
36304.0
36304.0
36304.0
36304.0
36304.0
36304.0
36304.0
36304.0
36304.0
36304.0
36304.0
36304.0
36304.0
36304.0
36304.0
36304.0
36304.0
36304.0
36304.0
36304.0
36304.0
36304.0
36304.0
16802.0
24454.0
29439.0
32274.0
33522.0
34013.0
34234.0
34291.0
34302.0
34305.0
34305.0
34305.0
34305.0
34305.0
34305.0
34305.0
34305.0
34305.0
34305.0
34305.0
34305.0
34305.0
34305.0
34305.0
34305.0
34305.0
34305.0
34305.0
34305.0
34305.0
34305.0
34305.0
34305.0
34305.0
34305.0
34305.0
34305.0
34305.0
34305.0
34305.0
16911.0
24467.0
29595.0
32597.0
34162.0
34853.0
35160.0
35315.0
35357.0
35378.0
35381.0
35383.0
35383.0
35383.0
35383.0
35383.0
35383.0
35383.0
35383.0
35383.0
35383.0
35383.0
35383.0
35383.0
35383.0
35383.0
35383.0
35383.0
35383.0
35383.0
35383.0
35383.0
35383.0
35383.0
35383.0
35383.0
35383.0
35383.0
35383.0
35383.0
17058.0
24770.0
29844.0
32727.0
34130.0
34701.0
34963.0
35052.0
35075.0
35083.0
35085.0
35086.0
35086.0
35086.0
35086.0
35086.0
35086.0
35086.0
35086.0
35086.0
35086.0
35086.0
35086.0
35086.0
35086.0
35086.0
35086.0
35086.0
35086.0
35086.0
35086.0
35086.0
35086.0
35086.0
35086.0
35086.0
35086.0
35086.0
35086.0
35086.0
16838.0
24522.0
29787.0
33020.0
34653.0
35416.0
35717.0
35812.0
35848.0
35851.0
35851.0
35851.0
35851.0
35851.0
35851.0
35851.0
35851.0
35851.0
35851.0
35851.0
35851.0
35851.0
35851.0
35851.0
35851.0
35851.0
35851.0
35851.0
35851.0
35851.0
35851.0
35851.0
35851.0
35851.0
35851.0
35851.0
35851.0
35851.0
35851.0
35851.0
16829.0
24227.0
29333.0
32280.0
33837.0
34587.0
34903.0
35047.0
35088.0
35109.0
35124.0
35132.0
35134.0
35136.0
35136.0
35136.0
35136.0
35136.0
35136.0
35136.0
35136.0
35136.0
35136.0
35136.0
35136.0
35136.0
35136.0
35136.0
35136.0
35136.0
35136.0
35136.0
35136.0
35136.0
35136.0
35136.0
35136.0
35136.0
35136.0
35136.0
16970.0
24676.0
29897.0
32902.0
34445.0
35187.0
35453.0
35574.0
35629.0
35648.0
35668.0
35675.0
35676.0
35677.0
35677.0
35677.0
35677.0
35677.0
35677.0
35677.0
35677.0
35677.0
35677.0
35677.0
35677.0
35677.0
35677.0
35677.0
35677.0
35677.0
35677.0
35677.0
35677.0
35677.0
35677.0
35677.0
35677.0
35677.0
35677.0
35677.0
16773.0
24437.0
29523.0
32518.0
33944.0
34600.0
34880.0
34977.0
35007.0
35019.0
35025.0
35026.0
35026.0
35026.0
35026.0
35026.0
35026.0
35026.0
35026.0
35026.0
35026.0
35026.0
35026.0
35026.0
35026.0
35026.0
35026.0
35026.0
35026.0
35026.0
35026.0
35026.0
35026.0
35026.0
35026.0
35026.0
35026.0
35026.0
35026.0
35026.0
16719.0
24316.0
29638.0
32876.0
34526.0
35284.0
35610.0
35756.0
35815.0
35834.0
35840.0
35840.0
35840.0
35840.0
35840.0
35840.0
35840.0
35840.0
35840.0
35840.0
35840.0
35840.0
35840.0
35840.0
35840.0
35840.0
35840.0
35840.0
35840.0
35840.0
35840.0
35840.0
35840.0
35840.0
35840.0
35840.0
35840.0
35840.0
35840.0
35840.0
16869.0
24581.0
29824.0
32942.0
34469.0
35184.0
35525.0
35667.0
35707.0
35720.0
35725.0
35727.0
35727.0
35727.0
35727.0
35727.0
35727.0
35727.0
35727.0
35727.0
35727.0
35727.0
35727.0
35727.0
35727.0
35727.0
35727.0
35727.0
35727.0
35727.0
35727.0
35727.0
35727.0
35727.0
35727.0
35727.0
35727.0
35727.0
35727.0
35727.0
16892.0
24558.0
29779.0
32859.0
34382.0
35075.0
35345.0
35420.0
35446.0
35453.0
35456.0
35456.0
35456.0
35456.0
35456.0
35456.0
35456.0
35456.0
35456.0
35456.0
35456.0
35456.0
35456.0
35456.0
35456.0
35456.0
35456.0
35456.0
35456.0
35456.0
35456.0
35456.0
35456.0
35456.0
35456.0
35456.0
35456.0
35456.0
35456.0
35456.0
17002.0
24499.0
29487.0
32314.0
33653.0
34246.0
34455.0
34523.0
34551.0
34557.0
34562.0
34566.0
34567.0
34567.0
34567.0
34567.0
34567.0
34567.0
34567.0
34567.0
34567.0
34567.0
34567.0
34567.0
34567.0
34567.0
34567.0
34567.0
34567.0
34567.0
34567.0
34567.0
34567.0
34567.0
34567.0
34567.0
34567.0
34567.0
34567.0
34567.0
16942.0
24573.0
29831.0
32896.0
34561.0
35278.0
35564.0
35681.0
35718.0
35733.0
35743.0
35745.0
35747.0
35747.0
35747.0
35747.0
35747.0
35747.0
35747.0
35747.0
35747.0
35747.0
35747.0
35747.0
35747.0
35747.0
35747.0
35747.0
35747.0
35747.0
35747.0
35747.0
35747.0
35747.0
35747.0
35747.0
35747.0
35747.0
35747.0
35747.0
16767.0
24282.0
29454.0
32526.0
34133.0
34949.0
35281.0
35413.0
35490.0
35514.0
35519.0
35520.0
35520.0
35520.0
35520.0
35520.0
35520.0
35520.0
35520.0
35520.0
35520.0
35520.0
35520.0
35520.0
35520.0
35520.0
35520.0
35520.0
35520.0
35520.0
35520.0
35520.0
35520.0
35520.0
35520.0
35520.0
35520.0
35520.0
35520.0
35520.0
