126887768
242666612
345977926
429594504
490502218
540320308
579892432
613201600
641264402
664527856
684018118
700125834
713079060
723527158
731642672
737899058
742526952
745709190
747909568
749332436
126993528
243667562
346829240
429928650
490827290
538858494
576361442
607211576
633063264
654521374
672178108
687041022
699216468
708869646
716163662
721710274
725898208
728982692
731231706
732572374
126774078
242797920
345942826
429281162
489833266
538424768
576660228
608311256
634744920
656714790
675184386
690357426
702832632
712787248
720513938
726438046
730482076
733571560
735741018
737183508
127208590
243569218
346730688
428983500
489770100
538722066
577508204
609804574
637158920
659962910
679020774
694651720
707438226
717608182
725819508
731947512
736525518
739513638
741412510
742845996
126711766
241869106
343955524
426201304
487296942
535930880
574091100
605940198
632493800
654693182
673030830
687716230
699888248
709492968
716725466
722333738
726425134
729074206
731156310
732446310
126776042
242690450
346242946
430225492
492663598
542824842
582594940
616048570
644131410
667126382
686627520
702545396
715195726
725706618
734193606
740591756
745634544
749363398
751970818
753593002
127068754
243400946
346884616
430363020
491470884
540522514
579661796
612251550
639622096
662602114
681703320
697747482
710748886
721325836
729568246
735981840
740798102
744206502
746570510
748285172
127274168
243160470
344443678
426129968
486128026
534046322
572351510
604031408
630650672
652929840
671452446
686867508
699502790
709386406
717038460
722900468
727448284
730765608
733077420
734793932
127266070
243331062
346100470
429113966
490685638
539685904
579270982
612429772
640357042
663418124
682781802
698546050
711231906
721717706
729838080
736205420
740849564
744154558
746600914
748402270
126928896
242498298
345455574
428688222
490774324
541100478
581376418
614822854
642592000
665462612
684616166
699850142
712373520
722184586
729955076
735828330
739980884
742929796
744824330
746266122
127262472
243485822
346626444
429903130
492324634
542661092
582836056
616409904
644973242
668830458
688752284
704973848
718382238
729152300
737665214
744008394
748738672
752180346
754690426
756368732
126529860
242018256
344513832
426733986
486842596
534942720
573090770
604529908
630497510
652195004
670184006
684697472
696720380
706015834
713143400
718436268
721814618
724065416
725812636
726896398
126985148
242000186
343273512
424163294
482677506
529739022
567125418
598204714
624258418
646087396
663943314
678806246
690740956
700476096
708150986
713987016
718373160
721561320
723823770
725463032
127188250
243338724
344990768
425495564
484620294
531079076
567504854
597447568
622180144
642491210
659161110
673044224
683991358
692513928
699108346
704038770
707465404
710029202
711957876
713302130
126491846
241256740
343914552
426610396
487420478
536445310
575747270
608268488
635036892
657103392
675422454
690342536
702186298
711753480
719210372
724796334
728984856
732204928
734319316
735695586
127265984
244219954
348177676
432346228
494821410
544720678
583999642
617260242
644902900
667936788
687469530
703343234
716371022
726906578
735167950
741645728
746361274
749898706
752300428
753916312
127073552
243159808
347378968
432007302
494887012
546492634
587460250
621542034
649887810
673640242
693383944
709704896
722974390
733312332
741148848
747286010
751831288
755086232
757572336
759079900
126624028
242860668
348200964
433514180
496399174
547783030
588762918
623344726
652595244
677268700
698116140
715402976
729950856
741737958
751115974
758293766
764012854
768120156
770981186
772816290
126943532
242686110
345490090
427311032
488042462
536707210
575130976
607060780
633742456
656279834
675293976
690730110
703266058
713546562
721472092
727903954
732775364
736491784
739261834
741194060
127080914
243349326
345946738
428432766
488960214
536233588
574249466
605770512
632063034
654120798
672506344
687510462
699582934
709215272
716694996
722396062
726639022
729489858
731517784
732917246
126656890
241495984
343087406
424387234
483954990
531771458
569794918
601400260
627712000
649676764
667762382
682524506
694489196
704164066
711753230
717445054
721775878
724942672
727065786
728800582
127151448
242649202
345345224
427717616
487919426
536360262
575038184
607196600
633655396
655954786
674423106
689447086
701596706
711032674
718225052
723479980
727571818
730261622
731960134
733117020
126748882
241641690
343340102
425159456
485376164
533501220
571781602
603280816
629309856
650812432
668585318
683073954
694820640
704050324
711286902
716640518
720644896
723637608
725589518
726946062
127109424
243069706
345921206
428506738
489071928
537282402
574874108
605937272
631582874
652531830
670016138
684338566
695881970
705049696
712166474
717336944
720917152
723280000
724833800
725764616
126953344
242863666
345452402
427280944
487174064
534491572
571337460
601763894
627019824
648050750
665528096
679737162
691206538
700556972
708072994
713951848
718316506
721628844
723893396
725321540
127176138
243025554
345415392
427214084
487654356
536025768
574416780
606333980
633252676
655688690
674301058
689518078
701658758
711224010
718903248
724792546
729159598
732274524
734529064
736111782
127357262
243070630
345281252
427630504
488709624
536796012
574884146
606144460
632148812
653053940
670296356
684166662
695177526
703692774
710237964
714778448
718061848
720267500
721777670
722520662
127033230
244277862
348063734
430615038
491592756
540386358
577850214
608770960
634576422
656174552
674113936
688507626
700094632
709054126
715842100
721099270
724877692
727604970
729420862
730588580
126310926
242549726
346924182
431445456
492423988
541639256
580458792
612973154
640183428
663037566
682162916
697633284
710123760
720208264
727916656
734016382
738559354
742014416
744564850
746267076
127014056
244111516
347728540
431125772
492129874
540806628
579215704
611226630
637876928
660160288
678951084
694457914
707164446
717573482
725626070
732071866
736761694
740032814
742526250
744182482
126620210
242328514
345944440
429052390
490224248
539528044
578297128
610440452
637153048
659259504
677874276
692844330
705223190
714897060
722190738
727844888
731903706
734677244
736409482
737423770
126853396
241877182
343276234
425293594
485617408
534411252
573585908
606589198
634242800
657650426
677018534
693128980
706072076
716451394
724661798
731062246
736198462
740078190
742961418
745053942
126825008
242862886
345329376
427197636
487208976
535346522
573175250
604983510
631037752
652698636
670422118
685348594
697249670
706643826
713801260
719214856
723148154
725917788
727744914
729011396
126990150
243242418
346160320
428584568
488602272
536794926
574557642
605577776
631332654
652698574
670452896
685111848
696456224
705754002
713014082
718636616
722733784
725702712
727520164
728942870
126762078
241811860
341542796
418617626
474136246
517017500
550443480
577727678
600004246
617904890
632660846
644530216
653697320
660712156
666018656
669671120
672396402
674196430
675370410
676051942
126294998
241454926
345170912
428388518
488841194
537548566
575929630
607643592
633867032
656032772
674164804
689121448
701085630
711015710
718745712
724462914
728805416
731773886
733893638
735427672
127026464
242825182
345689244
428608610
489396738
538037192
576397394
608343828
634654460
656405682
674432322
688893416
700211768
709266784
716003892
721530620
725443102
728411484
730380786
731713510
127028164
242963278
346363256
429808574
491997244
541896872
582116120
615735704
644302284
668234640
687955658
704433722
717666904
728098422
736475726
742807952
747342456
750722056
753125404
754713854
126892938
242888016
345279454
428073970
489613972
538572902
576790208
608200818
633994050
655369680
673053400
687643616
699403148
708663884
715722342
720985668
724797164
727477330
729165340
730302896
126832444
243077124
346394534
429979312
491762600
541404920
580820744
613817844
641414280
664845268
684589284
700808658
714168130
724537792
732827118
738844176
743344672
746526182
748746044
750250194
127332710
244528686
348680070
432869782
494811218
544390816
583234564
615935908
643077392
665780948
684731154
700357884
713135524
722957582
730983266
737017114
741858188
745405136
748045112
749705818
127032086
242629308
346676590
430747776
493377802
544004302
584469356
618587038
647310274
671277368
691271786
707648866
721085908
732022174
740607356
746946130
751507788
754889346
757309034
758880958
126753970
242737110
345610846
428948310
490144630
539406266
577554058
609343724
636041200
658106278
676626794
691679064
703865576
713276570
720489978
725949300
729889800
732600656
734546838
735927344
126521300
242765390
346923172
431750836
494505086
545554940
585928290
619710144
647993442
671522470
691513710
707950910
721372686
731903818
740320506
746547150
751257504
754681286
756927272
758429204
126171708
241144900
343966806
426753554
486521302
535259966
573368910
605057056
631377036
653154030
671006822
685451260
696991206
706152038
713254394
718761356
722593312
725351032
727239092
728566658
126729936
243108428
345737528
427457078
488158992
536188378
574311438
605899702
632463334
654767378
673395420
688808842
701305378
711432700
719735984
726055098
730602984
733922836
736451604
738140502
126914260
242203322
344619126
427324548
488616624
537421650
576206508
608261730
634996546
657137854
675382740
690378710
702555432
712554926
720409650
726643560
731559810
735137896
737641302
739320854
126350550
241602932
342902480
423064094
481415220
527989420
564867674
595423372
621030222
642405468
660141366
674647106
686513398
696152578
703758548
709739056
714345948
717692686
720037174
721674028
127402178
244724314
348914128
432819490
494314058
543796996
582844538
615783050
643839532
667219230
686982576
703320072
716759478
727505122
735894930
742472940
747433492
750900200
753360074
755150120
126980434
242904854
346220220
428764890
489871632
537710720
575063400
605761182
631509056
652954478
671096366
685835174
697863644
707595012
714855002
720527552
724825272
727740758
730019724
731608248
126426812
241729606
343776890
426015472
485552018
533329120
570737918
601820438
627637494
649118370
666945940
681254524
692888836
702169176
709500560
714994960
719125270
722186560
724175524
725414540
126872494
243041850
346401964
430329882
493053468
544124214
584698808
618708126
647695686
671951694
692418308
709480842
723614128
734639160
743441654
750504692
755851644
759837300
762561158
764414954
127530160
244816646
347116122
429371052
489782106
537202952
573977416
604567018
630000646
651525314
669495042
684080072
695911560
705149082
712236846
717948762
721821012
724419320
726144862
727286596
127398088
243126170
344611642
425488302
483891116
530172646
566461140
595981980
620394766
639926678
655825960
668571964
678551848
686376300
692256076
696807236
700199184
702477564
704360588
705634058
126921784
242091602
343810856
425195662
484234316
530646962
567094270
597608196
622783014
643792680
661166780
675295342
686739330
695844328
703000846
708701970
712632196
715771416
717823996
719287270
127296272
243817782
346415638
428879962
489563686
537924504
575785304
607274358
633489114
655380104
673489754
688585926
700899208
711046810
718827668
724367510
728620552
731619116
733841960
735216366
126839492
241775404
343876086
425926234
485337872
532499864
569942012
601007286
626704522
647860754
665545780
679599700
690769404
699845940
706351148
711260950
714430004
716552390
717923164
718757012
127251570
243447164
346486934
429551556
491267714
541136604
581360652
614623296
642561924
666019202
685581816
701718766
714768120
725257390
733532486
739984394
745063540
748621448
751132082
752518578
127096586
242921036
344646906
425784964
485470780
532506450
569457004
599690558
624215314
644929554
661729868
675231492
686175832
694581216
701182354
705779122
709196266
711815836
713466840
714541264
126905476
241723874
344011964
426787656
488424940
537894852
577744514
610349314
637457022
659728800
678141440
692780952
704348792
713709200
721045870
726513698
730361194
733139886
735008520
736355280
126644812
242038712
345026118
428381976
490775712
541982994
583556060
618391590
647485328
672038824
692838126
709799606
723616810
734650910
743550150
750400898
755635262
759467898
762230676
764001678
126597066
241768214
345451960
429822358
491700068
542345872
583054606
617289874
646110912
670707526
691176606
707982516
721962592
733115660
741764894
748725528
753923870
757391464
759978436
761865720
126966220
242591770
344809880
426486230
486580126
534755252
573002390
604481534
630578042
652710340
670703042
685483924
697665660
707046830
714769234
720535414
724836580
728048244
730396646
731994334
126713362
241753196
342893238
423811202
483428502
530962322
568386864
599800210
626286208
647942062
666072356
680592684
692539906
702136680
709525922
715257194
719393606
722864330
725355564
727214090
126794778
242456974
345548226
428110176
488545228
536552340
574666426
606288270
632545990
654771044
673220620
688418002
701100082
711031128
718953548
724788966
729528420
732844834
735125292
736774424
127158838
243236872
344800524
426034962
485602296
533444778
571086372
602320002
628156168
649786718
667944772
682430082
694236306
703589564
710909792
716313056
720487768
723396424
725307686
726422354
127101696
242784042
345582778
428176152
490418746
540655840
581054374
614877900
643013500
666418070
685923790
702255748
715593918
726540328
734830380
741009962
745908056
749585988
752349472
754412570
126359432
241732454
344340344
426799344
486499876
534093658
571479686
602635696
628660328
650103844
668124358
682824796
694794218
704013106
711502266
717094100
721059002
723965464
725763652
726920868
126639616
241929836
345155666
428520858
489106984
536764524
573765730
604358890
629649374
650475350
667470836
681457462
692693080
701522706
708304068
713336708
717123474
719649882
721347462
722471128
126943678
241773486
343417142
425676824
487050360
536382834
575203652
607488690
634488374
656951560
675769014
691346558
703870520
713862372
721935098
728302776
733188642
736885774
739616754
741601702
126618918
242837470
346938802
431012230
492056218
540867068
579211382
611064208
637508588
659831280
678438942
693708184
705920166
715725714
723379936
729033958
733161696
735876700
737770554
738939166
126741702
242640868
346966576
431378908
493169750
543102034
583138294
616344980
644469470
667952598
687632002
703855902
717022912
727617162
735936488
742150466
746506218
749762540
752202804
753687874
127224930
242641756
344531638
427066362
487145464
534622854
571965970
602931220
628912336
650220430
667956710
682325662
693754006
702709816
709706582
714872966
718631534
721422982
723228488
724386186
126516750
241873992
345567624
428833968
489406582
537686350
575947438
607450786
633630312
655688758
673792934
688628616
700274144
709598764
716779040
722248238
726354856
729297750
731186818
732432176
127035146
242626218
344798030
426085206
486105046
533818754
571906476
603653160
629921874
651997800
669970534
684529222
696461912
705858508
713017192
718084358
721914794
724723854
726568778
727804468
127120648
242406370
343241638
423876696
482858370
530002768
567699302
598791002
624749258
646182586
663919496
678401948
690107114
699560882
706752770
712174140
715901466
718593348
720347276
721459398
127184274
243415348
347022626
430986914
494036260
545257790
585488590
619299968
648025418
672226960
692318800
708652176
721766462
732396648
740563650
747104788
751740644
755435540
758141270
759786498
126555684
241634386
344907534
428158294
488635786
537608656
576338522
608691452
634993112
657004668
675017718
689698112
701510634
710954746
718275538
723742862
727753880
730619432
732615900
733930294
127499952
244245714
348046256
431171206
492485280
541648484
580066652
612121990
639028824
661219918
679453170
694345648
706635590
716394120
724050982
729921396
734049346
736834876
739021618
740297078
127037446
243298566
347325276
431803854
494063768
544126624
583917154
616935494
644492336
667261950
686309434
702270574
715060890
725665330
734124682
740799786
746127260
749862806
752443554
754348602
126814286
243228816
346947058
430769394
493563694
544170832
584309338
617737044
645589300
668961830
688524992
704448908
717405940
727984310
736009176
742418382
747239428
750864108
753204494
754688310
127306924
244520610
348513962
433012952
496540250
546952502
587135336
621491484
650290168
674466560
694697952
711532560
725227114
736142490
744819430
751341938
756114214
759801100
762305388
764104932
127313262
243303034
345568580
427581070
488729134
537757192
576590854
608550778
635034912
657109702
675403008
690552442
702791538
712483858
720074766
725976866
730389170
733757018
736299196
738003536
126945356
242983404
346613278
430334056
491349360
540622910
580173720
612939924
640417164
663638196
682986180
698839658
711399932
721295010
729015200
734990640
739455216
742668764
745001460
746672334
127270338
243927264
345813738
427799502
488832296
538113084
577296852
610351994
638491694
661983032
681912076
698099370
711446258
722495832
731124812
738091526
743270920
747313528
750153856
752210562
127029364
242578268
344593564
426376574
486646898
534749310
573121894
605510850
632482104
655683866
674541190
690049550
702897172
713236892
721495458
727891216
732381082
735541324
737628802
739027920
126942150
242958392
346624730
430212008
492242716
542046544
582176580
615696912
643934180
667385324
687207044
703858536
717083166
727831366
736441136
743083344
748182428
752033648
754741940
756858232
126467454
242162950
345455154
429418760
491346990
541439546
581525342
614514998
642107516
665245106
684648014
700588566
713688592
724079304
732036130
738246804
742679544
746017398
748243002
749762702
127087366
243434234
346188006
428651098
488854626
537087308
575188370
607018170
633535630
655768660
674347264
689872778
702237238
711933320
719207718
725016958
729188732
732164320
734122602
735426778
126498898
241576982
345022598
427698600
488455954
537456496
576393200
608664358
635853894
657997872
676742914
692061946
704513958
714619648
722715296
728746394
733269192
736474794
738467254
739844208
126994418
242858022
345442084
427945030
489154298
538177164
577613580
610263140
637374354
660040456
678626492
693499076
705787542
715528542
723082512
728563456
732594500
735524626
737398128
738787096
126784852
243501388
347471522
430882558
492082760
540454472
578790726
610880466
637534188
659788960
678460592
693845758
706145056
715733930
723311710
729280984
733774192
736994534
739239374
740767580
126553078
241680586
344631492
428228766
490178184
540293888
579900064
612736096
640149326
662585912
681321122
696476334
708517670
718179412
725491854
731416292
735848606
738848048
741011972
742729416
126824756
242592092
345109914
427543538
488038540
536811680
575691988
608022312
634654434
657026100
675470688
690422268
702515214
712066402
719074886
724458874
728219890
731008698
732777680
734105978
126557224
242131816
345568814
428640936
489994058
539120704
578473336
611157312
638389374
661294706
680339808
696173214
708955278
719305610
727436198
733808194
738505572
741956224
744498966
746075816
127053456
242905362
345818316
428379218
489026608
537080066
574873140
605990844
631978000
653348670
670898040
685045438
696625206
705553400
712439956
717787846
721711706
724532022
726515752
728021650
127137804
243737250
347188490
430680410
492837206
543484586
583216068
617080486
645076090
668762324
688528538
705030724
718330884
729380912
738024470
744930678
750157442
753937468
756615906
758437770
126515686
243273362
347742524
433060664
495657136
545780226
585300212
618213092
645562800
668923656
688081774
703750858
716605500
727130374
735518842
742136622
746937690
749981380
752151440
753369626
126995784
243278796
345892770
428264832
488454880
536799506
574989018
606667486
632916340
654626322
672893562
687624412
699809272
709314776
716737042
722539568
726676532
730008578
732024294
733417824
126894808
242225952
344720224
426879818
486851192
534991740
572578568
603841636
629593162
651002482
668552206
682915698
694767074
704157664
711422704
716652476
720361334
722981342
724777918
726070328
127280138
244373020
348016244
431484982
492856724
541998280
580902000
613545758
640894090
664084052
683532428
699687304
712686592
723398918
731795636
738463114
743600598
747387974
750237220
752345092
126175046
240386008
342576270
425178370
485469588
533705716
572211952
603775796
629840416
651359544
668956588
683222682
694667264
703761492
710833140
716116248
720108666
723020768
725199940
726642064
127050094
243939094
345850820
427236012
487561162
535220962
573269280
605221494
632180928
654910928
673813510
689605462
702338614
712498014
720443016
726309646
730721832
733702076
735908062
737309956
127015244
242728864
344681084
425929080
484397664
530635202
567238674
597698604
622930860
643776534
660810104
674560934
685603118
694345142
701204614
706322000
710428140
713206258
714995632
716345806
126566976
242259108
345900040
430008302
492240566
542519798
582397022
615842376
643630134
666994704
686615858
702808606
716251628
727324130
736222648
742732930
747867824
751681130
754198160
756164446
127310898
243022226
345553068
426959608
487021568
535691088
573984704
606115608
633080532
655590984
674095664
689322102
701781500
711788690
719327718
725160116
729574614
732933666
735361158
737072462
126751896
242668336
347020770
431512672
493814224
543677832
582937532
615739410
643134836
666330886
685298440
701048880
713411574
723456320
731321586
737123238
741313582
744432772
746246610
747505626
127040234
242076496
344720806
427629802
488723030
537386726
575835358
607864146
634588090
657242752
676171710
691775206
704457536
714432854
721942484
727763364
731990644
735004180
737184736
738730314
126568970
242829636
346030124
429323410
490359288
538985108
576385922
607695488
633985676
655988786
674129610
689176412
701207084
711173958
718776966
724330260
728755246
731802306
733975520
735469898
127232434
243653782
345689798
428284610
488862426
536639756
574457258
605733646
631796284
653281626
671033560
685848418
697611320
706911836
713988872
719431186
723311632
726092918
727788138
729082556
126989196
242470204
345284210
427402876
487715282
536142336
574954548
606585502
633072570
654811852
672640680
687181930
698770008
707947860
715305014
720653422
724541352
727268048
729233694
730503662
126801202
242364158
345379384
428344754
489209420
537934574
576451818
608413114
634793658
656907436
675046540
689807412
701866754
711174118
718627578
724334816
728486694
731467352
733711088
735115416
126987236
243063390
346261208
429628012
491064624
540817614
580220676
613067458
640709618
663713146
683012824
699239454
712271052
722905912
731433734
738259238
743245516
746850884
749276614
751077312
127369372
243798784
346953018
429756168
491462564
540406934
579147816
611461190
638663682
661296532
680044896
695619436
708068702
717907840
725738272
731560838
735893486
738790778
740900922
742134480
126881734
244405650
348832096
433256406
495413502
544939614
583683848
616020022
643450656
666427708
685534216
701232680
714020090
724185886
732297668
738545936
743332210
746743236
749009826
750455482
126715472
242269472
344621604
426794564
486681486
534750780
572477620
603361958
629405402
651226366
669067380
683548128
695280170
704537398
711731206
717137214
721105956
723710018
725558054
726777326
126919004
242460358
344452102
426489558
487745820
537060546
575810720
608451308
635660536
658161134
677016604
692364518
704724682
715018096
722942584
728985428
733419572
736572980
738665222
740226864
126347260
242810332
347753548
433859994
497733648
550074536
591987462
627910254
658199050
684080568
706086632
724712534
739854426
752081478
761941200
769689718
775501102
779636246
782357496
784344464
126910810
243514886
347465552
431961796
494613984
545583350
586589678
620864272
650167182
675077992
696084198
713252718
727172784
738692904
747915918
754955310
759991410
763581498
766145486
767756904
127132620
243060930
345899584
428792262
489927642
539429054
577708038
610110328
636826990
659402992
677842418
693447442
705828732
715552586
723452976
729277512
733449740
736561464
738417154
739619950
127387664
243696392
346474872
429496136
491266526
541138394
580817888
614074860
641807592
665304922
684672112
701079976
714191628
724591766
732776710
739186152
743738558
747146572
749539282
751177976
126960140
242258400
344750770
427970936
489392956
539097396
578472680
611643162
639215960
662550108
682116668
698062072
711454112
722216462
730570158
737089816
742192820
745951182
748514046
750216824
126714778
242323848
345863946
430041354
491619752
541422412
580953206
613668402
640820202
663842116
682448444
697768630
710060866
720033940
727583382
733319388
737627970
740584372
742774520
744128644
126506376
242327386
346207514
430300822
492252296
542065350
581993212
615967000
644366492
668319478
688351138
704837278
718074598
728544922
736648802
742830448
747160442
750048624
752318926
753864428
127648352
244230834
346482218
429300278
491327756
540659758
580411226
613916214
642080008
665900736
685768374
701994288
715330306
725937220
734039374
740533108
745119670
748568270
751257562
753347794
126933588
242838112
345675052
428332980
489147538
538469806
577075948
609178102
636095444
658587136
677362406
693047220
705788626
715919998
723952658
730267446
734980154
738550952
741100328
742973830
126305932
241933564
344673520
427111826
487094184
535405554
573598174
605509768
631861108
653775242
672044702
686851850
698967224
708671048
716100068
721784836
725973334
728911186
730952144
732335128
126540520
241559756
344879022
427762230
488162680
536347186
574226428
605261818
630773398
651976854
669429122
683603854
695142678
704050324
710998816
716402096
720333826
723033580
724936466
726232584
126932428
243274772
346779398
429774524
490544066
539269988
577228254
608386024
634184190
655479510
673106666
687400078
698886344
707921298
714888334
720266444
724115140
726678408
728232506
729329576
126992960
243295182
347466934
432106854
494969922
545436584
585791036
619476620
647417166
671137102
690895488
707001880
720034964
730799904
739180222
745747336
750585992
754390896
757011982
759011458
127500056
243781862
346260096
429388088
491472668
541562450
581255788
614207014
641718836
664552156
683564612
699213728
711828010
721537022
729272072
735362932
739585484
742619428
744668650
746060604
126865938
242651400
344370658
425309650
485232866
533277548
571186520
603091702
629298696
651231584
669572518
684675930
696949160
706744224
714441660
720055856
724194116
727103812
729173510
730605138
126846230
242359464
344895360
427621966
488073148
535748368
573058948
603836432
629070742
649942424
667189048
681420286
692696564
701652844
708615220
713593500
717266504
719826580
721604274
722687762
126554026
240928940
342854102
424891434
484444336
532481274
570151720
601135164
626906120
648335408
665674770
680119672
691603572
700728010
707778730
713286190
717186618
720242206
722328134
723789490
126548620
241780236
344233716
427213652
488404970
537600958
576792534
609380242
636460446
658916754
677437212
692622976
704865472
714674310
722427874
728443686
733189554
736487616
738865554
740608624
126279292
242410104
346701188
430866644
492155298
541679180
581064878
613920534
641629218
664902154
684381692
699939214
712985706
723462328
731705366
738171534
743106102
746458584
748913540
750468210
126739114
241284294
342518624
423512110
482992570
529957852
566887244
597259724
622179532
642784132
659732544
673582336
684453272
692626478
699026286
703805220
707527972
710272716
712104804
713388240
126200332
240063280
341234734
422933182
483075352
531600414
570349420
602457258
629094040
650984908
669258054
684260906
696318682
705945884
713513104
719173298
723399348
726268416
728427538
729924736
127064690
243219786
346431612
429402824
490921710
540153658
578733058
610627610
637228526
659226792
677274110
692391588
704445344
713814916
721464862
727023532
731018010
733833810
735893862
737169536
126750448
242361082
346060186
430239382
491905444
541382498
580794380
613629824
640823142
663914688
683298996
699106488
711941458
722323182
730742992
737316008
742301724
746184666
748904922
750950144
126924890
243564990
347235806
431707398
493806098
543732770
582487092
614599360
641233650
663192476
681562414
696654058
709046966
718941496
726568240
732501320
736681606
739886648
741783998
743277178
126986972
242828030
345315140
427649528
488164750
536293002
574668362
606538874
632993718
654786676
672922150
687963892
699919742
709353070
716705770
721947656
725740518
728676356
730577748
732025674
127053142
242572252
346040696
429127588
490290780
539551106
578499636
610831624
638215048
660991978
680171676
695883614
708622768
718866136
726994204
733126652
737770998
741339336
743802492
745717988
127056542
244281800
348746922
433036940
494841716
543868800
582368138
614642302
641534052
663891348
682496046
697731302
710150964
719927010
727759906
733562732
737990990
740931626
743083124
744652350
126707572
242623540
346145642
429434112
490924646
540782190
580474176
613565364
641098830
664035550
682927526
698252756
711041060
721040650
728872032
734672532
738811972
741853598
744039580
745536738
126941490
243584284
347496718
431893346
495016692
545807430
586134688
620398404
649469330
673660084
694279514
711319452
725073934
736142774
745174628
751911988
756827926
760419212
763062330
765042864
127142970
242845522
344769568
426524060
487033470
535323692
573656956
605581698
632037266
654094526
672215374
686936820
698580784
708132958
715351694
720731034
724657024
727611722
729599576
730965904
126759358
242428744
344656840
426881000
487101912
535093016
572721080
604050722
630113308
652091904
670380062
685383550
697419568
706789018
714257278
719893010
724019952
727067034
729174156
730600588
127307196
243691108
346244706
428621674
488897698
536624464
574473444
605588666
631623632
652932520
670543836
684594768
695877346
704653190
711155802
716118102
719977932
722564068
724437620
725622154
126626584
241234862
343375928
424960732
484710590
533576554
572602492
605748782
633513916
656670792
676221406
692152110
705123164
715550018
723736470
729890096
734452434
737970120
740453490
742006910
126949048
242815158
346171766
429699226
491497598
541623806
581669230
615266716
643448468
667128988
687178278
703981996
717690888
728641294
737247894
743993110
748950888
752995092
755669780
757632474
126687030
241905964
343634040
424075374
482838332
529336382
565728768
595807858
620681234
641045878
657588034
670883682
681449272
689558506
695779496
700173328
703136358
705295898
706691948
707386152
126483890
241447424
344083412
426088244
486365348
534591202
572781176
604130302
630122460
651720330
669482844
684000204
695451628
704614966
711793752
717065692
720915690
723596924
725304946
726264678
126563768
242232340
344190654
426214284
485561762
532947380
570248478
601154540
627148810
648803696
666664012
681196680
693045212
702466322
709718156
715184044
719102358
721744894
723537798
724953156
126574552
242274492
346036754
430162480
491935468
541894142
581214678
614393374
642046664
665361588
685170934
701850302
715328152
726075120
734552110
741082270
745994390
749514444
752016966
753879608
126872734
243594258
347878110
432194596
493716690
542970524
581399350
613483130
640495604
662963280
681789090
697205832
709820522
719516232
727576838
733546020
737810090
740862934
743010834
744369578
126935108
242784714
344883118
426285910
486234766
533600244
570892044
601999740
627712330
649373502
667187036
681831152
693669116
702820158
710124836
715529240
719397708
722025836
723718398
724979802
126906790
242686984
345889846
429326600
490328614
539374942
578180386
610238030
636946366
659168738
677668048
692742834
704468500
713973156
721210466
726845604
731061966
734094006
736069924
737420202
127104854
242526116
345052662
427479742
488279592
537424374
576418192
608880234
635597990
657973210
675988096
690658350
702240542
711443114
718563904
723664788
727395494
730057680
732192490
733532808
127251934
242793830
344656034
426792116
487013370
535362562
573554988
604942314
630576388
652133446
669586230
684001780
695470936
704668132
711924200
717448044
721441842
724190994
726004280
727266154
126665268
243013446
346781646
430247342
491643456
540853538
579566784
612254670
639858186
663163342
682805692
699138740
712724078
723529702
732127910
738465978
743397952
747158966
749771814
751656612
126944086
242881762
344450238
425138950
483642674
529346026
565695736
595569722
620322816
640763356
657945008
671444932
682332642
691056906
697574098
702572808
706173802
708793942
710430376
711637260
126642664
241519276
343530166
425475590
485064306
532164986
569392928
599484778
624326642
644825170
661753856
675227178
685764370
694059146
700143444
704737214
708098088
710697038
712269182
713119488
126305512
241343018
344185484
427372356
488200062
537290050
576160342
608472238
635481908
658086344
677128834
693267332
706237194
716394994
724290952
730308404
734605326
737700440
740048428
741616058
126760200
241478002
343842416
426581128
487296906
535975742
574621262
606704524
633339140
655206574
673161426
688040916
700147054
709504164
716744522
722633230
726867690
729938916
732145106
733721300
127340880
242899448
345606432
429109488
490887552
541194498
581440788
614843886
642674216
666020706
685388296
701293814
714093858
724516720
732558574
738691778
743099312
746361654
748584360
750055224
126957390
243094314
346112160
429283630
490702426
539833410
578197848
609944028
636851056
659271346
677991706
693274916
705686510
715641202
723313418
729479236
733800866
737272304
739319930
740621910
126704578
242990782
346813650
430735194
492554840
541736750
580525390
612368880
639194714
661556042
680006644
695083798
707176106
716936370
724452378
730129214
734262732
737441798
739643798
741177422
127051340
242454670
344674268
426721016
486452464
533797732
571134870
601831272
627642424
648991992
666594112
680877070
692359928
701731926
709216584
714553882
718488866
721330596
723197226
724581468
126805440
242121776
344051014
425905444
486872054
535551522
574460492
606949884
634321944
657257020
676297334
692361694
705323234
715597900
723386200
729266544
733660556
736906340
739228028
740675710
126846606
242151238
344945020
427563152
488773794
538557436
577788068
610394524
637539312
660340080
679403722
695106132
707596556
717607362
725360732
731454662
735867620
739100144
741326592
742800094
127020454
243437908
346201974
428362640
489339538
537770648
576143856
608097992
634789910
656749676
674934502
689884904
702147656
711844538
719371882
724826880
728908852
731485604
733344408
734661320
126043814
240576508
343502790
426863856
487762182
536273668
574203874
605421856
631264228
652360416
669940728
684178984
695346868
704027172
710910474
715925978
719593900
721999630
723590942
724787630
126825908
242605240
345422316
427901072
488698386
537849884
576473788
608538012
635486286
657934322
676715570
692421674
705179312
715631014
723826236
730172884
734835718
738333774
740826408
742437352
127351916
243690828
347241314
430757008
492599964
542402320
581957638
615306646
643106122
666662094
686184856
702366936
715512524
726011382
734538312
741060890
745887524
749469360
751960806
753430584
126738250
242340092
344137614
425561380
485071710
532675178
569862182
600353264
625662712
646468506
663778804
677629420
688776162
697622696
704382522
709600214
713167820
715872600
717770548
718983944
126676716
242041018
344540904
426091880
485696846
532691760
569704326
600477182
625958370
647375120
664481134
678587068
690202910
699288474
706154554
711445966
715011234
717392940
718992932
720114174
127374842
244177618
347878542
430643634
491400458
539708586
578675730
611203524
638610134
661566098
680391998
696019154
708700534
718729966
726613562
733060526
737771196
741028230
743311930
744851222
127130450
243562940
347776586
431204704
492670124
541167634
579115650
610703402
637126744
659153094
677405764
692327980
704453904
714239312
721808470
727516176
731759372
734995418
737387160
738977510
126817250
242255666
345752992
429846586
492869450
544402722
585435412
619821678
648788586
672663236
692217266
708279584
721248938
731522240
739293804
745209928
749627154
752776746
755045388
756641002
127022456
244204296
347598872
431706862
493555674
543093788
582599352
615958398
643807730
667744758
687810508
704524260
718322702
729566676
738605580
745695728
750707180
754492218
757337880
758987830
126900636
241463970
342807216
423997364
484163306
532496904
570658390
601866572
627792626
649165026
666826494
681244422
693045322
702399072
709777374
715545558
720177114
723682620
726126678
727772732
126984796
243185740
346854336
430485962
492952156
543510246
583478314
616749678
644562640
667864482
687021434
703102036
716325144
726910920
735529738
742204540
747179264
750934536
753471276
755343078
126921122
242153236
343556780
425032000
484714678
532302104
569797730
600797340
626264216
646902858
664189270
678043278
689116844
697783706
704510858
709294674
712595110
714735184
716160042
717045906
126769848
242718882
345010966
426094980
484952212
531317770
567746128
597504038
622112678
642307406
658793364
672308776
682817126
691168270
697623326
702523686
706216946
708873170
710585342
711933750
126571920
241571574
343198368
424624244
484267872
531917766
569650340
600516286
626116906
647244614
664835418
679221226
690715426
699862914
707127040
712423582
716723844
719589512
721571292
723034272
127470238
243972590
346505408
429242588
490629176
539663950
578626760
611293632
638959458
662091284
681485254
697450660
710274388
720570180
728786904
735323880
739996396
743491688
746026294
747604378
126444344
241722804
344458128
426991280
486752374
534368000
571817742
602704546
628236802
649638006
667492884
682086718
694168066
703845040
710893570
716139952
719946706
722589808
724088848
725163516
126841654
242667494
346029884
429722896
491400890
541088900
580397324
613258830
640705922
663929780
683043876
699255242
712141994
722429200
730530742
736786342
741433192
744459208
746602016
748035010
126554520
240814542
342779034
424515724
484349116
532558108
571186950
603127742
629461638
651165598
669135590
683518672
695501286
704557538
711509604
716651436
720413854
722958780
724820942
726143732
127346018
243519128
346441876
429459016
491519826
541470732
581475800
615155882
643526780
667185252
687009504
703353952
717099252
728127684
736658996
743531832
748465106
751965944
754601354
756397930
126824630
243422128
347248708
431085524
492480784
541658696
580949008
613743630
641040330
663708276
682642850
697994348
710474100
720343536
728026146
733688414
737837736
740991470
743151642
744555078
126980218
242940882
345214410
427030128
487558114
535796912
574073572
605665206
632530006
654853786
673319064
688402600
700614504
710525922
718300502
724179724
728623076
731690024
733617518
734737948
127008984
243634414
346460564
428429564
488691218
537197406
575625178
607817492
634156982
656801974
675172934
690233180
702510268
711965224
719411070
724659068
728711954
731367684
733288082
734594412
127130442
243037658
344725830
426630940
487099108
535798720
574789986
607323700
634506440
657060244
675953140
691545860
704228836
714258610
722248178
728264162
732590564
735478496
737523940
738983014
126750986
243134298
346329818
429278738
490947728
540149570
579381414
612269564
639812658
662703010
681770298
697397656
709773474
719902316
727528714
733116352
737234466
739975394
741912926
743366736
126726344
241972920
345604234
429159708
491240682
541283828
581148098
613966626
641385746
664144840
683194298
699005726
711863662
722449096
730686650
736574912
740981206
744098050
746270500
747598416
126657538
242547210
346725418
429800804
490389012
539175022
577619818
609154156
635753910
657709080
675723782
690260922
702408916
711968930
719382224
725236250
729140160
731903872
733983766
735242474
127243878
242876954
345930374
429000526
490333726
539644778
579061614
611711004
639131476
661922446
680922338
697061728
709718706
719797548
727850102
733784824
738107886
741069960
743155760
744690344
127062932
243045312
346268850
429450220
491192540
540998976
580475686
613555624
641457120
664514788
683922950
700037992
713250376
723979028
732668232
739314316
744149312
747768930
750290068
751942250
