713536.0
1233344.0
1569846.0
1758324.0
1888795.0
1989159.0
2063671.0
2121895.0
2167309.0
2200960.0
2225745.0
2243959.0
2256690.0
2265528.0
2271315.0
2275306.0
2277900.0
2279128.0
2280240.0
2280812.0
706720.0
1221144.0
1549570.0
1738750.0
1871974.0
1973061.0
2048254.0
2106618.0
2151353.0
2185103.0
2210173.0
2228409.0
2241369.0
2250381.0
2256346.0
2260172.0
2262783.0
2264576.0
2265512.0
2266015.0
705271.0
1218194.0
1546749.0
1734755.0
1867449.0
1967852.0
2042496.0
2100203.0
2143941.0
2176816.0
2200946.0
2218359.0
2230845.0
2239763.0
2245513.0
2249513.0
2252033.0
2253784.0
2254958.0
2255656.0
708841.0
1225845.0
1555437.0
1743248.0
1874910.0
1976175.0
2052577.0
2112410.0
2158389.0
2192734.0
2218550.0
2237010.0
2250673.0
2259795.0
2265837.0
2269997.0
2272531.0
2274045.0
2275097.0
2275708.0
706348.0
1218556.0
1545273.0
1734267.0
1867982.0
1969509.0
2045373.0
2104482.0
2149200.0
2182569.0
2207225.0
2225390.0
2237849.0
2246905.0
2253200.0
2257612.0
2260203.0
2261972.0
2263043.0
2263536.0
710128.0
1227735.0
1562328.0
1750660.0
1881546.0
1982403.0
2057801.0
2117227.0
2162812.0
2196286.0
2221663.0
2239396.0
2252425.0
2261758.0
2267390.0
2271864.0
2274695.0
2276288.0
2277326.0
2277905.0
711838.0
1229030.0
1561317.0
1750122.0
1883956.0
1985990.0
2062225.0
2122632.0
2168818.0
2204541.0
2230815.0
2250636.0
2264403.0
2274140.0
2281103.0
2285483.0
2288339.0
2290186.0
2291226.0
2292041.0
697524.0
1201455.0
1523747.0
1715059.0
1851825.0
1956404.0
2035130.0
2095992.0
2142040.0
2177598.0
2203764.0
2222962.0
2236827.0
2246205.0
2252687.0
2257024.0
2260287.0
2262273.0
2263486.0
2264322.0
706301.0
1220401.0
1550869.0
1742317.0
1877588.0
1979399.0
2056331.0
2116062.0
2162251.0
2196697.0
2222724.0
2240879.0
2253596.0
2262676.0
2268590.0
2272310.0
2274962.0
2276388.0
2277265.0
2277810.0
705233.0
1217456.0
1546706.0
1738821.0
1875359.0
1978581.0
2056068.0
2116018.0
2161432.0
2195771.0
2221164.0
2238913.0
2251829.0
2260414.0
2266210.0
2269915.0
2272435.0
2273876.0
2274698.0
2275345.0
706045.0
1220235.0
1548109.0
1740056.0
1875746.0
1979157.0
2058171.0
2120450.0
2168495.0
2205653.0
2233156.0
2253440.0
2268287.0
2279058.0
2285531.0
2290018.0
2293205.0
2295210.0
2296222.0
2296835.0
714237.0
1230258.0
1562234.0
1744858.0
1871007.0
1965716.0
2036792.0
2091288.0
2132785.0
2163540.0
2185809.0
2201959.0
2212952.0
2220739.0
2225395.0
2228664.0
2230609.0
2231660.0
2232592.0
2233082.0
700502.0
1206961.0
1526968.0
1713256.0
1844006.0
1942600.0
2017372.0
2074952.0
2119093.0
2152004.0
2176300.0
2194165.0
2206813.0
2214977.0
2220812.0
2224541.0
2226769.0
2228197.0
2229287.0
2229910.0
707359.0
1216137.0
1537049.0
1722655.0
1852026.0
1948778.0
2021639.0
2076944.0
2118299.0
2149067.0
2171159.0
2187099.0
2198328.0
2205745.0
2210630.0
2213998.0
2215937.0
2216882.0
2217630.0
2218204.0
714059.0
1229329.0
1560698.0
1745501.0
1872953.0
1969025.0
2040668.0
2095205.0
2136236.0
2167185.0
2189709.0
2205633.0
2216992.0
2224257.0
2229147.0
2232729.0
2234618.0
2235927.0
2236702.0
2237152.0
707302.0
1225036.0
1559574.0
1753964.0
1891693.0
1997098.0
2076874.0
2139250.0
2186877.0
2222921.0
2249851.0
2269659.0
2283908.0
2293448.0
2299727.0
2304155.0
2307244.0
2308986.0
2310316.0
2310825.0
711689.0
1232752.0
1572827.0
1765072.0
1900074.0
2004991.0
2084130.0
2145557.0
2192642.0
2227906.0
2253370.0
2272420.0
2286004.0
2295536.0
2301739.0
2305540.0
2308372.0
2310138.0
2311438.0
2312123.0
719489.0
1249140.0
1598363.0
1792053.0
1927397.0
2032969.0
2113882.0
2177265.0
2226910.0
2265808.0
2294781.0
2316994.0
2332854.0
2344214.0
2352421.0
2357616.0
2361479.0
2363885.0
2365227.0
2366085.0
711877.0
1229155.0
1560833.0
1748297.0
1880303.0
1980444.0
2055479.0
2114641.0
2160339.0
2195100.0
2221535.0
2239728.0
2253395.0
2263071.0
2269885.0
2274265.0
2277356.0
2279283.0
2280823.0
2281529.0
702537.0
1212593.0
1538586.0
1728185.0
1861404.0
1960658.0
2035408.0
2093730.0
2138093.0
2171720.0
2196423.0
2214482.0
2226966.0
2235770.0
2241648.0
2245404.0
2247542.0
2248863.0
2249511.0
2250017.0
709616.0
1221398.0
1547567.0
1730517.0
1857710.0
1954590.0
2027281.0
2083273.0
2126762.0
2158744.0
2182476.0
2200392.0
2212789.0
2221645.0
2227498.0
2231399.0
2233980.0
2235617.0
2236738.0
2237479.0
705111.0
1217125.0
1547689.0
1735333.0
1867034.0
1967086.0
2042640.0
2100785.0
2144969.0
2177582.0
2201413.0
2218445.0
2230431.0
2238698.0
2244115.0
2247339.0
2249425.0
2250858.0
2251618.0
2252176.0
704930.0
1212707.0
1536731.0
1724708.0
1856625.0
1956903.0
2031592.0
2089604.0
2133810.0
2167253.0
2191295.0
2209034.0
2221721.0
2230132.0
2236245.0
2239870.0
2242430.0
2244393.0
2245373.0
2246044.0
707728.0
1222215.0
1550763.0
1737167.0
1868008.0
1967445.0
2041291.0
2098117.0
2140859.0
2172742.0
2196444.0
2213349.0
2224734.0
2232264.0
2237514.0
2240741.0
2242719.0
2244086.0
2244997.0
2245153.0
711611.0
1226423.0
1554273.0
1740750.0
1869953.0
1967381.0
2040386.0
2096715.0
2139765.0
2172216.0
2196605.0
2214537.0
2227580.0
2236813.0
2243282.0
2247856.0
2250769.0
2252730.0
2253971.0
2254577.0
705357.0
1215277.0
1541286.0
1730123.0
1864039.0
1964834.0
2041188.0
2099656.0
2144432.0
2178614.0
2203665.0
2221852.0
2234748.0
2243205.0
2249260.0
2252943.0
2255594.0
2256995.0
2258056.0
2258594.0
702465.0
1210534.0
1534860.0
1722366.0
1853659.0
1951889.0
2024532.0
2079572.0
2120788.0
2150519.0
2172414.0
2187610.0
2197777.0
2204293.0
2208421.0
2211153.0
2212647.0
2213676.0
2214102.0
2214371.0
706663.0
1224411.0
1554304.0
1742685.0
1875672.0
1977780.0
2053463.0
2111904.0
2156991.0
2190561.0
2214788.0
2232098.0
2245020.0
2253309.0
2258639.0
2262369.0
2264559.0
2265971.0
2267007.0
2267520.0
716104.0
1240435.0
1581397.0
1769751.0
1901001.0
2001778.0
2077516.0
2136984.0
2182648.0
2217565.0
2243192.0
2261918.0
2275458.0
2284955.0
2291535.0
2295640.0
2298068.0
2300284.0
2301475.0
2302298.0
710449.0
1229415.0
1562769.0
1752715.0
1887010.0
1988439.0
2064751.0
2123789.0
2169696.0
2204351.0
2230419.0
2249360.0
2263275.0
2272358.0
2279529.0
2284036.0
2287107.0
2288845.0
2290140.0
2290841.0
715101.0
1234577.0
1570284.0
1755727.0
1883360.0
1980402.0
2051603.0
2106888.0
2149049.0
2181041.0
2204468.0
2220965.0
2233188.0
2240868.0
2246343.0
2250319.0
2252612.0
2254072.0
2254724.0
2255147.0
709646.0
1222007.0
1549077.0
1735271.0
1866616.0
1967159.0
2044524.0
2104264.0
2150544.0
2185881.0
2212310.0
2231907.0
2246119.0
2255893.0
2262725.0
2267649.0
2271095.0
2273489.0
2275131.0
2276414.0
711634.0
1226601.0
1555789.0
1739541.0
1866206.0
1961791.0
2033699.0
2088512.0
2129854.0
2160901.0
2182903.0
2199074.0
2210702.0
2218662.0
2223577.0
2227157.0
2229193.0
2230525.0
2231423.0
2231701.0
711534.0
1228459.0
1559576.0
1745354.0
1875122.0
1973663.0
2048100.0
2104373.0
2147340.0
2179512.0
2203135.0
2220663.0
2232551.0
2241154.0
2246704.0
2250154.0
2252480.0
2253915.0
2254822.0
2255254.0
700744.0
1198900.0
1503826.0
1678713.0
1799558.0
1888751.0
1954280.0
2004453.0
2041745.0
2068535.0
2088338.0
2102172.0
2111488.0
2117455.0
2121593.0
2123761.0
2125087.0
2125917.0
2126484.0
2126807.0
713658.0
1234253.0
1570343.0
1755172.0
1884358.0
1983319.0
2056742.0
2112238.0
2154879.0
2186868.0
2210625.0
2227591.0
2239435.0
2248306.0
2254132.0
2257961.0
2260223.0
2261865.0
2263023.0
2263659.0
708886.0
1224046.0
1556900.0
1741252.0
1869290.0
1966494.0
2039492.0
2095466.0
2137558.0
2169263.0
2192225.0
2208489.0
2219811.0
2227524.0
2232769.0
2236478.0
2238294.0
2239549.0
2240566.0
2241161.0
707715.0
1223391.0
1557870.0
1749402.0
1884260.0
1987753.0
2065721.0
2127417.0
2174877.0
2211245.0
2237573.0
2256857.0
2270727.0
2280489.0
2287123.0
2291753.0
2294602.0
2296634.0
2298030.0
2298607.0
706547.0
1219892.0
1547418.0
1737363.0
1871435.0
1972679.0
2048061.0
2106106.0
2150148.0
2182458.0
2206050.0
2223745.0
2236317.0
2244250.0
2249464.0
2253057.0
2255167.0
2256745.0
2257429.0
2258049.0
708218.0
1223551.0
1558296.0
1747443.0
1880039.0
1981098.0
2057385.0
2116111.0
2162039.0
2197494.0
2223372.0
2242302.0
2255920.0
2265637.0
2271959.0
2276346.0
2279118.0
2280586.0
2281730.0
2282496.0
706525.0
1224736.0
1561278.0
1751916.0
1885977.0
1989333.0
2066554.0
2126884.0
2173776.0
2208809.0
2235419.0
2254188.0
2267773.0
2276801.0
2283213.0
2287614.0
2290425.0
2292184.0
2293431.0
2294276.0
711317.0
1229649.0
1564530.0
1755232.0
1889935.0
1993373.0
2072142.0
2133563.0
2180753.0
2217032.0
2243550.0
2262625.0
2276329.0
2285839.0
2292429.0
2296805.0
2299858.0
2301567.0
2302690.0
2303400.0
708055.0
1223957.0
1554435.0
1743204.0
1875899.0
1975980.0
2050331.0
2107787.0
2151432.0
2184613.0
2209476.0
2226841.0
2239121.0
2247494.0
2253138.0
2256655.0
2258578.0
2259989.0
2260844.0
2261314.0
715532.0
1240500.0
1583680.0
1773135.0
1904590.0
2006974.0
2083465.0
2143369.0
2189949.0
2224942.0
2251907.0
2270815.0
2284878.0
2294237.0
2300424.0
2304488.0
2307277.0
2308951.0
2309879.0
2310158.0
716775.0
1236471.0
1571717.0
1753904.0
1879235.0
1975092.0
2046111.0
2101806.0
2143721.0
2174998.0
2198018.0
2214065.0
2225726.0
2233630.0
2239111.0
2242287.0
2244398.0
2245612.0
2246434.0
2247041.0
707196.0
1220437.0
1549254.0
1740157.0
1875770.0
1978194.0
2056176.0
2116792.0
2163212.0
2198960.0
2225367.0
2245008.0
2259083.0
2268698.0
2275739.0
2280266.0
2283293.0
2285467.0
2286739.0
2287559.0
709461.0
1222863.0
1551828.0
1741881.0
1876500.0
1977214.0
2053526.0
2112483.0
2156930.0
2190661.0
2215937.0
2233621.0
2247024.0
2256442.0
2262824.0
2267062.0
2270061.0
2272041.0
2273331.0
2274175.0
714717.0
1229199.0
1553570.0
1733102.0
1857860.0
1953344.0
2024822.0
2080035.0
2123273.0
2156327.0
2180715.0
2198699.0
2211578.0
2220963.0
2227137.0
2231719.0
2234844.0
2236746.0
2238049.0
2238859.0
707338.0
1224745.0
1559342.0
1751418.0
1887395.0
1990869.0
2068713.0
2130598.0
2178555.0
2215806.0
2243275.0
2263939.0
2278194.0
2288919.0
2296010.0
2301224.0
2304669.0
2306512.0
2307859.0
2308762.0
706054.0
1219727.0
1549526.0
1736383.0
1867185.0
1965857.0
2038972.0
2095416.0
2138083.0
2170755.0
2195082.0
2212331.0
2225004.0
2234075.0
2240059.0
2244084.0
2246481.0
2248128.0
2248969.0
2249519.0
710824.0
1225231.0
1550870.0
1733931.0
1861870.0
1959448.0
2032132.0
2088678.0
2132239.0
2165373.0
2190153.0
2208133.0
2220961.0
2229569.0
2235623.0
2239668.0
2242310.0
2244056.0
2244888.0
2245500.0
712528.0
1232699.0
1569182.0
1761618.0
1897050.0
2002137.0
2082141.0
2144872.0
2194191.0
2232831.0
2261964.0
2283524.0
2298763.0
2309973.0
2317595.0
2322334.0
2325736.0
2327714.0
2328980.0
2330169.0
698326.0
1206372.0
1530958.0
1719701.0
1852227.0
1951852.0
2025106.0
2081797.0
2125218.0
2157880.0
2181749.0
2199021.0
2211228.0
2219628.0
2225362.0
2229383.0
2231530.0
2232825.0
2233635.0
2234146.0
700328.0
1204293.0
1522282.0
1704148.0
1828161.0
1920756.0
1988484.0
2039994.0
2078264.0
2106184.0
2125716.0
2139742.0
2149366.0
2156392.0
2160783.0
2163956.0
2166277.0
2167512.0
2168523.0
2169198.0
702383.0
1207297.0
1527663.0
1709725.0
1836901.0
1932040.0
2003245.0
2058660.0
2100068.0
2131454.0
2154686.0
2171215.0
2183483.0
2191592.0
2197300.0
2201377.0
2203757.0
2205189.0
2205948.0
2206513.0
706384.0
1219013.0
1548541.0
1736355.0
1868364.0
1968638.0
2043145.0
2101103.0
2145539.0
2178746.0
2202998.0
2220832.0
2233148.0
2241815.0
2247799.0
2251126.0
2253705.0
2255420.0
2256365.0
2257071.0
706579.0
1215149.0
1541476.0
1723945.0
1849789.0
1944244.0
2014616.0
2067834.0
2108626.0
2138410.0
2160018.0
2175244.0
2185522.0
2192616.0
2196999.0
2199832.0
2201627.0
2202526.0
2203291.0
2203753.0
710573.0
1227306.0
1556049.0
1748428.0
1885831.0
1991360.0
2071716.0
2134345.0
2182195.0
2218422.0
2245633.0
2265194.0
2279082.0
2288789.0
2295474.0
2299883.0
2302884.0
2304697.0
2305842.0
2306622.0
705639.0
1213887.0
1535425.0
1720195.0
1850168.0
1946669.0
2017338.0
2071414.0
2111430.0
2140589.0
2162055.0
2177085.0
2187958.0
2195325.0
2200358.0
2203359.0
2205582.0
2206690.0
2207669.0
2208117.0
706935.0
1218820.0
1543981.0
1733170.0
1866345.0
1966961.0
2042272.0
2100143.0
2144023.0
2176508.0
2199772.0
2216293.0
2228194.0
2235853.0
2241330.0
2245189.0
2247760.0
2249047.0
2250041.0
2250637.0
708653.0
1225183.0
1560079.0
1756269.0
1896800.0
2005248.0
2087445.0
2151547.0
2201163.0
2238563.0
2266903.0
2287866.0
2301997.0
2312569.0
2320210.0
2325144.0
2328459.0
2330588.0
2331922.0
2332909.0
713270.0
1234623.0
1572473.0
1764065.0
1899278.0
2003016.0
2083098.0
2145906.0
2194371.0
2231854.0
2259481.0
2280181.0
2294501.0
2305041.0
2312226.0
2316264.0
2319237.0
2320953.0
2322231.0
2323086.0
710824.0
1225312.0
1552395.0
1736234.0
1863355.0
1959509.0
2030882.0
2085672.0
2127485.0
2159099.0
2182961.0
2199696.0
2212121.0
2220519.0
2226423.0
2230622.0
2232993.0
2234727.0
2235495.0
2236316.0
706469.0
1215073.0
1539199.0
1723850.0
1852490.0
1950498.0
2024000.0
2080781.0
2124834.0
2157751.0
2182544.0
2200624.0
2213248.0
2222563.0
2228575.0
2232982.0
2236040.0
2237864.0
2239036.0
2239923.0
710457.0
1227912.0
1558100.0
1743364.0
1873817.0
1972608.0
2046974.0
2104262.0
2148361.0
2182213.0
2207218.0
2225566.0
2238343.0
2247823.0
2254082.0
2258280.0
2261095.0
2262777.0
2263921.0
2264587.0
703369.0
1209884.0
1531918.0
1718170.0
1849233.0
1948596.0
2021571.0
2077866.0
2120719.0
2152957.0
2176858.0
2194276.0
2205764.0
2214089.0
2220130.0
2223710.0
2226141.0
2227718.0
2228832.0
2229336.0
705698.0
1216779.0
1548095.0
1741472.0
1879907.0
1984544.0
2065130.0
2127570.0
2176260.0
2213429.0
2240384.0
2261108.0
2275653.0
2286516.0
2293632.0
2298424.0
2301484.0
2303594.0
2305088.0
2306190.0
713511.0
1229855.0
1559861.0
1742648.0
1868802.0
1962980.0
2032734.0
2086961.0
2128268.0
2158461.0
2181237.0
2197302.0
2208165.0
2215798.0
2221382.0
2224641.0
2226664.0
2227606.0
2228506.0
2228919.0
717880.0
1241133.0
1576512.0
1760566.0
1887217.0
1981260.0
2051317.0
2104515.0
2144615.0
2173905.0
2194799.0
2209701.0
2220256.0
2226681.0
2231130.0
2234323.0
2236147.0
2237134.0
2237945.0
2238454.0
703240.0
1211054.0
1536559.0
1726892.0
1861591.0
1965021.0
2041842.0
2101363.0
2146893.0
2181418.0
2207093.0
2226530.0
2240224.0
2249887.0
2256787.0
2261852.0
2265411.0
2267641.0
2269163.0
2270231.0
709998.0
1229190.0
1566064.0
1755404.0
1888986.0
1990905.0
2068196.0
2128134.0
2174155.0
2209831.0
2235180.0
2254334.0
2267424.0
2276964.0
2283283.0
2287095.0
2290041.0
2291443.0
2292355.0
2292932.0
714509.0
1235229.0
1574358.0
1763547.0
1896527.0
1998303.0
2075375.0
2135318.0
2181102.0
2215770.0
2241786.0
2260987.0
2274130.0
2282683.0
2289350.0
2293489.0
2295569.0
2297594.0
2298688.0
2299109.0
700463.0
1207339.0
1529859.0
1716022.0
1847886.0
1947895.0
2022450.0
2079847.0
2123275.0
2154948.0
2178524.0
2195279.0
2207130.0
2214638.0
2219845.0
2223185.0
2225202.0
2226382.0
2227049.0
2227588.0
716569.0
1238520.0
1575003.0
1759539.0
1887303.0
1983697.0
2056243.0
2112387.0
2155827.0
2188116.0
2212010.0
2229334.0
2241206.0
2249798.0
2255339.0
2259116.0
2261427.0
2262943.0
2263839.0
2264388.0
706346.0
1217580.0
1543869.0
1730510.0
1862167.0
1962194.0
2038009.0
2096355.0
2140660.0
2174248.0
2198690.0
2216418.0
2228474.0
2236826.0
2242377.0
2246074.0
2248484.0
2249623.0
2250458.0
2250863.0
703351.0
1208311.0
1527077.0
1711648.0
1840765.0
1938462.0
2011946.0
2068126.0
2110667.0
2141788.0
2164977.0
2181267.0
2192443.0
2200007.0
2205014.0
2208313.0
2210277.0
2211157.0
2212120.0
2212413.0
710153.0
1229717.0
1566767.0
1759924.0
1896461.0
2000675.0
2079678.0
2141907.0
2190065.0
2226594.0
2253934.0
2274012.0
2288032.0
2298122.0
2304934.0
2309258.0
2312412.0
2314569.0
2315822.0
2316594.0
713870.0
1231745.0
1565208.0
1749721.0
1876831.0
1973317.0
2045293.0
2100314.0
2141822.0
2172652.0
2195217.0
2211465.0
2222433.0
2230141.0
2235119.0
2238694.0
2240759.0
2242292.0
2242835.0
2243226.0
708194.0
1226595.0
1560257.0
1748899.0
1879610.0
1979595.0
2054216.0
2112590.0
2156803.0
2190117.0
2214488.0
2231826.0
2243885.0
2252506.0
2258235.0
2261823.0
2264096.0
2265389.0
2266305.0
2266866.0
713118.0
1234582.0
1571742.0
1765514.0
1901877.0
2006558.0
2086394.0
2147836.0
2195454.0
2230784.0
2257686.0
2277114.0
2290993.0
2301226.0
2308140.0
2312852.0
2316262.0
2317838.0
2318961.0
2319887.0
706332.0
1224154.0
1560085.0
1754422.0
1892839.0
1999939.0
2081009.0
2144552.0
2193829.0
2231493.0
2259352.0
2279535.0
2294366.0
2304842.0
2311652.0
2316460.0
2319432.0
2321481.0
2322746.0
2323397.0
704422.0
1222170.0
1556963.0
1755883.0
1900773.0
2011467.0
2096296.0
2162837.0
2214816.0
2254066.0
2283116.0
2304339.0
2319976.0
2330842.0
2337916.0
2342895.0
2346207.0
2348287.0
2349512.0
2350376.0
699825.0
1206196.0
1529689.0
1720788.0
1857232.0
1961024.0
2039033.0
2099380.0
2146131.0
2181436.0
2207607.0
2227128.0
2241651.0
2251824.0
2258790.0
2263536.0
2266592.0
2268817.0
2270201.0
2271236.0
711247.0
1229524.0
1564053.0
1754914.0
1888756.0
1991362.0
2068889.0
2129990.0
2176567.0
2211203.0
2236645.0
2255374.0
2268006.0
2276426.0
2282203.0
2286244.0
2289037.0
2290539.0
2291771.0
2292400.0
699784.0
1207637.0
1530968.0
1725826.0
1867120.0
1974889.0
2056208.0
2119797.0
2168825.0
2205848.0
2234066.0
2254700.0
2269868.0
2280751.0
2287930.0
2293253.0
2296514.0
2298513.0
2299978.0
2300888.0
709558.0
1222875.0
1550792.0
1736954.0
1867140.0
1966008.0
2040259.0
2098744.0
2143170.0
2176576.0
2201566.0
2219973.0
2232674.0
2241989.0
2248232.0
2252287.0
2254995.0
2256369.0
2257456.0
2258130.0
715210.0
1236994.0
1573989.0
1762969.0
1894192.0
1993972.0
2069617.0
2128938.0
2174784.0
2210148.0
2235566.0
2254245.0
2267641.0
2276651.0
2283482.0
2287627.0
2290655.0
2292221.0
2293579.0
2294253.0
711564.0
1231206.0
1567332.0
1758895.0
1894035.0
1998211.0
2076778.0
2137602.0
2184276.0
2219626.0
2245723.0
2264861.0
2278814.0
2288196.0
2294755.0
2299220.0
2301631.0
2303317.0
2304665.0
2305388.0
707779.0
1221187.0
1550782.0
1737452.0
1868341.0
1967674.0
2042444.0
2100753.0
2145595.0
2179666.0
2204470.0
2222441.0
2235593.0
2244163.0
2249716.0
2253876.0
2256116.0
2257516.0
2258399.0
2258789.0
713809.0
1232205.0
1565319.0
1750543.0
1879178.0
1976666.0
2050982.0
2108653.0
2152820.0
2185391.0
2209773.0
2227635.0
2240433.0
2249444.0
2255862.0
2259857.0
2262592.0
2264486.0
2265308.0
2265998.0
704385.0
1213852.0
1542411.0
1732843.0
1868088.0
1969562.0
2046506.0
2105541.0
2150603.0
2183942.0
2208541.0
2226098.0
2238569.0
2246865.0
2252777.0
2256566.0
2258948.0
2260359.0
2261150.0
2261648.0
704404.0
1220491.0
1552891.0
1744778.0
1880730.0
1983982.0
2061593.0
2121483.0
2167436.0
2202464.0
2228223.0
2247074.0
2260340.0
2269640.0
2276109.0
2280605.0
2283478.0
2285135.0
2286198.0
2286843.0
711713.0
1227895.0
1562691.0
1752613.0
1886082.0
1987235.0
2063103.0
2121954.0
2167118.0
2201064.0
2225516.0
2243258.0
2255802.0
2264647.0
2270199.0
2273997.0
2276687.0
2278265.0
2279337.0
2279878.0
710545.0
1226602.0
1555197.0
1742204.0
1872958.0
1971867.0
2046257.0
2103194.0
2147002.0
2179705.0
2204060.0
2221214.0
2233223.0
2241421.0
2246665.0
2250060.0
2252171.0
2253571.0
2254179.0
2254517.0
713361.0
1233773.0
1570766.0
1761360.0
1895461.0
1998146.0
2075352.0
2135370.0
2181787.0
2217056.0
2243516.0
2262317.0
2276071.0
2284857.0
2291579.0
2296193.0
2298871.0
2300687.0
2301525.0
2302278.0
707689.0
1219889.0
1548775.0
1734084.0
1862700.0
1959133.0
2030764.0
2085710.0
2127015.0
2158005.0
2180356.0
2196630.0
2208517.0
2216597.0
2222065.0
2225389.0
2227699.0
2229133.0
2230296.0
2230898.0
704990.0
1220050.0
1553089.0
1750267.0
1892731.0
2003500.0
2087024.0
2153097.0
2204152.0
2242878.0
2271694.0
2293636.0
2308643.0
2319777.0
2327337.0
2332497.0
2335891.0
2338069.0
2339333.0
2340234.0
714768.0
1239873.0
1580694.0
1776105.0
1915133.0
2021089.0
2100815.0
2162650.0
2210658.0
2246657.0
2273600.0
2293516.0
2307150.0
2317130.0
2323214.0
2327287.0
2330321.0
2331908.0
2332862.0
2333344.0
703665.0
1215374.0
1541777.0
1728628.0
1860193.0
1959811.0
2035394.0
2093979.0
2138885.0
2172427.0
2196880.0
2214505.0
2227032.0
2235684.0
2241201.0
2244977.0
2247453.0
2249196.0
2249961.0
2250583.0
707892.0
1220694.0
1549035.0
1732730.0
1859658.0
1956366.0
2027953.0
2082354.0
2123970.0
2154889.0
2177446.0
2194042.0
2205859.0
2213805.0
2219195.0
2222686.0
2224951.0
2226377.0
2227025.0
2227587.0
708949.0
1229472.0
1563695.0
1758077.0
1896455.0
2002242.0
2082540.0
2145619.0
2194081.0
2232189.0
2260374.0
2281498.0
2296494.0
2307310.0
2314877.0
2319944.0
2323395.0
2325361.0
2326778.0
2327684.0
714059.0
1231047.0
1564399.0
1745594.0
1870209.0
1964681.0
2035750.0
2089997.0
2131590.0
2162315.0
2185097.0
2201188.0
2213097.0
2221475.0
2227209.0
2230919.0
2233681.0
2235261.0
2236188.0
2236681.0
703908.0
1216571.0
1541192.0
1729453.0
1862757.0
1963659.0
2039830.0
2099305.0
2144835.0
2178894.0
2204481.0
2222516.0
2235354.0
2244059.0
2250051.0
2254345.0
2256982.0
2258390.0
2259400.0
2260007.0
706537.0
1218686.0
1544630.0
1728847.0
1857992.0
1955355.0
2028310.0
2084940.0
2127759.0
2160058.0
2183648.0
2200171.0
2211772.0
2220031.0
2225736.0
2229516.0
2231685.0
2233033.0
2233821.0
2234396.0
713902.0
1234498.0
1573599.0
1763367.0
1896587.0
1999068.0
2077487.0
2138371.0
2186433.0
2222563.0
2250275.0
2270648.0
2285550.0
2296425.0
2303950.0
2308896.0
2312063.0
2314362.0
2315610.0
2316513.0
706741.0
1218084.0
1546398.0
1732493.0
1863628.0
1964472.0
2039189.0
2097582.0
2142103.0
2176365.0
2201406.0
2219871.0
2233048.0
2242400.0
2248795.0
2252902.0
2255579.0
2257300.0
2258475.0
2259228.0
712290.0
1233588.0
1570366.0
1760471.0
1894353.0
1996610.0
2074222.0
2134829.0
2181363.0
2216752.0
2242697.0
2261808.0
2275091.0
2284175.0
2290466.0
2294162.0
2296946.0
2298408.0
2299354.0
2300003.0
705933.0
1217848.0
1546065.0
1735433.0
1868371.0
1969753.0
2046204.0
2105079.0
2150334.0
2184091.0
2209318.0
2227907.0
2241109.0
2249724.0
2255580.0
2259221.0
2261640.0
2262784.0
2263688.0
2264299.0
710548.0
1228481.0
1564109.0
1749809.0
1880537.0
1979705.0
2053436.0
2110844.0
2155362.0
2189957.0
2214811.0
2233399.0
2246158.0
2255402.0
2262042.0
2265973.0
2268600.0
2270298.0
2271313.0
2272171.0
705379.0
1218135.0
1545642.0
1735770.0
1872044.0
1974737.0
2051512.0
2110137.0
2155386.0
2188963.0
2213838.0
2231633.0
2244479.0
2252869.0
2258699.0
2262544.0
2265193.0
2267094.0
2268098.0
2268687.0
706829.0
1217813.0
1546982.0
1732011.0
1861145.0
1959063.0
2032603.0
2089104.0
2131312.0
2162121.0
2184597.0
2200671.0
2211831.0
2219510.0
2224362.0
2227584.0
2229726.0
2231071.0
2231838.0
2232292.0
710051.0
1224681.0
1553707.0
1739738.0
1868734.0
1965148.0
2036461.0
2090530.0
2131535.0
2162409.0
2184695.0
2200457.0
2211964.0
2219679.0
2225321.0
2228806.0
2231499.0
2232742.0
2233435.0
2234087.0
710437.0
1228220.0
1562093.0
1752522.0
1885420.0
1986879.0
2062407.0
2121620.0
2167461.0
2202205.0
2227752.0
2246528.0
2259977.0
2269819.0
2276106.0
2281258.0
2283981.0
2285815.0
2287011.0
2287616.0
700133.0
1210093.0
1538426.0
1728037.0
1862942.0
1965770.0
2043542.0
2103748.0
2150580.0
2184956.0
2210756.0
2230063.0
2243335.0
2252614.0
2258761.0
2263215.0
2265980.0
2267735.0
2268532.0
2269022.0
707264.0
1227009.0
1563473.0
1757544.0
1895511.0
1999884.0
2078858.0
2140454.0
2187892.0
2224332.0
2251699.0
2271548.0
2285895.0
2295260.0
2301774.0
2306190.0
2309228.0
2310978.0
2312078.0
2312951.0
708724.0
1223637.0
1552581.0
1737792.0
1867823.0
1968138.0
2043248.0
2101004.0
2145666.0
2178855.0
2203643.0
2221467.0
2233855.0
2242542.0
2248137.0
2251873.0
2254515.0
2255984.0
2256983.0
2257490.0
709506.0
1221855.0
1548405.0
1736661.0
1869192.0
1970140.0
2046220.0
2105480.0
2151225.0
2185574.0
2211034.0
2229993.0
2243354.0
2253217.0
2259744.0
2264135.0
2266984.0
2268828.0
2269750.0
2270436.0
715681.0
1245121.0
1594311.0
1792681.0
1934326.0
2045425.0
2130937.0
2199900.0
2252979.0
2294591.0
2326460.0
2350082.0
2366919.0
2379475.0
2387552.0
2393488.0
2397110.0
2400028.0
2401343.0
2402243.0
709444.0
1229924.0
1569634.0
1764395.0
1902415.0
2009626.0
2091597.0
2155850.0
2206617.0
2245600.0
2275313.0
2296144.0
2312170.0
2323248.0
2330627.0
2335682.0
2338901.0
2341139.0
2342228.0
2343010.0
704931.0
1218068.0
1549021.0
1737984.0
1871451.0
1974013.0
2049634.0
2109376.0
2155202.0
2189850.0
2215685.0
2235337.0
2248717.0
2258137.0
2264609.0
2269185.0
2271998.0
2273240.0
2274076.0
2274499.0
706178.0
1218233.0
1550844.0
1743340.0
1879509.0
1982817.0
2061626.0
2123024.0
2170616.0
2206723.0
2233517.0
2253078.0
2267653.0
2277274.0
2283918.0
2288347.0
2290874.0
2292796.0
2293922.0
2294681.0
703518.0
1214437.0
1543017.0
1734407.0
1871196.0
1975422.0
2054073.0
2114567.0
2161904.0
2197969.0
2224912.0
2244789.0
2259813.0
2270196.0
2277123.0
2282099.0
2285204.0
2287359.0
2288613.0
2289656.0
716531.0
1238180.0
1577599.0
1764471.0
1893865.0
1993483.0
2068219.0
2126255.0
2170653.0
2204111.0
2229225.0
2247290.0
2260231.0
2269279.0
2275632.0
2279713.0
2282420.0
2284027.0
2284955.0
2285636.0
709976.0
1229452.0
1568549.0
1760233.0
1895648.0
1999310.0
2078533.0
2140925.0
2188987.0
2225165.0
2252121.0
2271646.0
2285402.0
2294926.0
2301888.0
2306053.0
2308746.0
2310264.0
2311564.0
2312088.0
703043.0
1215081.0
1542984.0
1739097.0
1879090.0
1984927.0
2064754.0
2127391.0
2175583.0
2212712.0
2240062.0
2259851.0
2274026.0
2283754.0
2290192.0
2294933.0
2297677.0
2299605.0
2300742.0
2301919.0
711116.0
1226802.0
1559325.0
1745662.0
1876141.0
1976805.0
2052554.0
2109988.0
2154328.0
2188590.0
2213809.0
2232414.0
2245961.0
2255300.0
2261985.0
2266790.0
2269797.0
2271660.0
2272986.0
2273838.0
712919.0
1229247.0
1560282.0
1743415.0
1869243.0
1964900.0
2036227.0
2091548.0
2132627.0
2163902.0
2186426.0
2202988.0
2214638.0
2223288.0
2228366.0
2232096.0
2234490.0
2235748.0
2236645.0
2237347.0
718411.0
1238504.0
1572877.0
1753612.0
1875473.0
1967764.0
2035660.0
2087360.0
2126651.0
2155782.0
2177485.0
2192610.0
2203131.0
2210308.0
2215125.0
2218556.0
2220497.0
2221902.0
2222786.0
2223194.0
713459.0
1234101.0
1565926.0
1751488.0
1879876.0
1977609.0
2048966.0
2104056.0
2145468.0
2176025.0
2198627.0
2214483.0
2226046.0
2233895.0
2238555.0
2241955.0
2243873.0
2245032.0
2245655.0
2246065.0
707638.0
1227101.0
1566620.0
1760922.0
1898892.0
2004675.0
2085043.0
2147431.0
2195506.0
2232531.0
2259763.0
2279266.0
2293956.0
2303913.0
2311331.0
2316195.0
2318982.0
2321287.0
2322610.0
2323217.0
703154.0
1213592.0
1539898.0
1733058.0
1869215.0
1972285.0
2049174.0
2108145.0
2153268.0
2186933.0
2211271.0
2229086.0
2241425.0
2250128.0
2256103.0
2259755.0
2262368.0
2263760.0
2264543.0
2265009.0
708841.0
1222122.0
1547663.0
1731889.0
1860795.0
1958812.0
2032351.0
2089553.0
2132815.0
2166392.0
2191261.0
2209380.0
2222383.0
2231740.0
2237778.0
2241565.0
2244258.0
2245883.0
2246989.0
2247621.0
704365.0
1215530.0
1542318.0
1727340.0
1856771.0
1953351.0
2025079.0
2079807.0
2121503.0
2152388.0
2175062.0
2191827.0
2202933.0
2211107.0
2216428.0
2219905.0
2222011.0
2223309.0
2224105.0
2224644.0
710276.0
1221403.0
1546815.0
1727737.0
1851363.0
1946014.0
2015767.0
2069073.0
2109497.0
2139411.0
2161520.0
2177416.0
2188807.0
2196674.0
2201856.0
2205576.0
2207730.0
2209134.0
2209763.0
2209920.0
710024.0
1225395.0
1556315.0
1743445.0
1873897.0
1973032.0
2048365.0
2106469.0
2151217.0
2184479.0
2208692.0
2226418.0
2239071.0
2247964.0
2253975.0
2257717.0
2260413.0
2261884.0
2263045.0
2263744.0
718521.0
1244051.0
1583538.0
1769579.0
1897480.0
1996175.0
2070734.0
2130184.0
2175344.0
2210062.0
2236222.0
2255165.0
2268699.0
2277561.0
2284514.0
2288585.0
2291554.0
2293309.0
2294211.0
2294975.0
704425.0
1209812.0
1528941.0
1711955.0
1839625.0
1933603.0
2003504.0
2056229.0
2096030.0
2125590.0
2147301.0
2162804.0
2172973.0
2180124.0
2184896.0
2188275.0
2190325.0
2191760.0
2192734.0
2193312.0
709640.0
1219770.0
1544708.0
1723866.0
1846290.0
1939622.0
2009070.0
2061891.0
2102418.0
2132484.0
2155142.0
2171287.0
2182953.0
2191384.0
2197216.0
2200864.0
2203589.0
2205015.0
2205979.0
2206622.0
705588.0
1219590.0
1548904.0
1739644.0
1873227.0
1973941.0
2050247.0
2108607.0
2153496.0
2186571.0
2210612.0
2228036.0
2239791.0
2247955.0
2253459.0
2257092.0
2259146.0
2260431.0
2261182.0
2261755.0
711728.0
1230557.0
1566075.0
1755492.0
1887159.0
1988055.0
2062911.0
2121019.0
2165796.0
2199924.0
2225427.0
2244142.0
2257319.0
2266928.0
2273455.0
2278405.0
2281307.0
2283055.0
2284365.0
2285389.0
711473.0
1231100.0
1565474.0
1756724.0
1891532.0
1994611.0
2071694.0
2131092.0
2176795.0
2211028.0
2235949.0
2254741.0
2267628.0
2277300.0
2283435.0
2287284.0
2289712.0
2291409.0
2292385.0
2293029.0
708448.0
1221679.0
1548818.0
1737275.0
1870205.0
1970192.0
2044915.0
2102556.0
2146303.0
2178702.0
2203059.0
2220169.0
2232446.0
2240997.0
2247091.0
2250632.0
2253404.0
2254974.0
2256121.0
2256712.0
704645.0
1216958.0
1545649.0
1733850.0
1866345.0
1966725.0
2042563.0
2101158.0
2146478.0
2180985.0
2207676.0
2226044.0
2239723.0
2248883.0
2255030.0
2259368.0
2262275.0
2264250.0
2265063.0
2265748.0
712324.0
1233969.0
1570387.0
1760110.0
1893344.0
1993686.0
2068482.0
2126461.0
2170291.0
2204025.0
2228382.0
2246339.0
2259237.0
2268225.0
2274291.0
2278465.0
2280748.0
2282596.0
2283500.0
2284105.0
710796.0
1228187.0
1561914.0
1754770.0
1890796.0
1994519.0
2072751.0
2133059.0
2179623.0
2214721.0
2240635.0
2259629.0
2272371.0
2281794.0
2287444.0
2291611.0
2294093.0
2295688.0
2296661.0
2297527.0
708777.0
1227923.0
1565140.0
1762210.0
1903964.0
2012470.0
2095286.0
2160448.0
2210949.0
2249872.0
2279297.0
2300780.0
2316449.0
2327039.0
2334498.0
2339463.0
2342886.0
2345102.0
2346604.0
2347644.0
699733.0
1206237.0
1529849.0
1720411.0
1857311.0
1960525.0
2038299.0
2098307.0
2143668.0
2177786.0
2202807.0
2221014.0
2233775.0
2242591.0
2248526.0
2252535.0
2255222.0
2256634.0
2257824.0
2258356.0
711373.0
1226172.0
1554639.0
1744195.0
1877244.0
1978323.0
2054489.0
2114640.0
2160186.0
2194971.0
2220662.0
2239573.0
2252512.0
2261100.0
2267232.0
2271511.0
2273837.0
2275659.0
2276783.0
2277381.0
709075.0
1223295.0
1552791.0
1741163.0
1873135.0
1971752.0
2044652.0
2100735.0
2143427.0
2174786.0
2197382.0
2213629.0
2224951.0
2232556.0
2237581.0
2240629.0
2242613.0
2243964.0
2244737.0
2245179.0
712409.0
1225388.0
1554941.0
1739116.0
1867349.0
1965089.0
2038585.0
2095865.0
2139750.0
2173211.0
2198687.0
2216416.0
2229584.0
2238411.0
2244567.0
2248478.0
2250850.0
2252722.0
2253579.0
2254256.0
713666.0
1234591.0
1569921.0
1762088.0
1898740.0
2004013.0
2083655.0
2146266.0
2195239.0
2232105.0
2260588.0
2281533.0
2296813.0
2307513.0
2314855.0
2319931.0
2323378.0
2325647.0
2327062.0
2328065.0
707638.0
1216891.0
1539251.0
1717622.0
1840778.0
1933254.0
2001839.0
2054398.0
2093887.0
2123127.0
2143384.0
2158098.0
2168096.0
2174595.0
2178780.0
2181402.0
2182851.0
2183858.0
2184332.0
2184563.0
711837.0
1227481.0
1556941.0
1741226.0
1868587.0
1964039.0
2035655.0
2090165.0
2131433.0
2161881.0
2184489.0
2200076.0
2211227.0
2218977.0
2223709.0
2226807.0
2228647.0
2229713.0
2230514.0
2231005.0
708050.0
1219714.0
1545183.0
1729165.0
1857880.0
1954207.0
2026602.0
2081108.0
2123300.0
2154777.0
2177276.0
2193533.0
2204661.0
2213065.0
2218045.0
2221238.0
2223243.0
2224579.0
2225479.0
2226119.0
714553.0
1236893.0
1575485.0
1764963.0
1898556.0
2001306.0
2078824.0
2139642.0
2186306.0
2222240.0
2249148.0
2269307.0
2283476.0
2293912.0
2300946.0
2305959.0
2308750.0
2310721.0
2311725.0
2312735.0
714199.0
1237178.0
1574585.0
1762498.0
1891719.0
1991332.0
2065112.0
2122963.0
2166668.0
2200122.0
2224689.0
2242117.0
2254945.0
2263447.0
2269657.0
2273401.0
2275779.0
2277358.0
2278523.0
2278881.0
712383.0
1226691.0
1554874.0
1739665.0
1867330.0
1962179.0
2033672.0
2088791.0
2130675.0
2161825.0
2185099.0
2201736.0
2213714.0
2221415.0
2226602.0
2230269.0
2232328.0
2233846.0
2234821.0
2235114.0
710535.0
1227815.0
1560673.0
1744940.0
1872250.0
1968786.0
2040489.0
2094613.0
2136783.0
2168285.0
2191543.0
2207348.0
2218713.0
2226373.0
2231078.0
2234400.0
2236424.0
2237775.0
2238359.0
2239044.0
706619.0
1217256.0
1545623.0
1731050.0
1860200.0
1958378.0
2031946.0
2088436.0
2130626.0
2162513.0
2185376.0
2202195.0
2213372.0
2221273.0
2226183.0
2229500.0
2231546.0
2233022.0
2233874.0
2234349.0
701193.0
1207584.0
1531218.0
1719129.0
1851946.0
1952694.0
2027637.0
2084535.0
2127664.0
2159788.0
2183210.0
2200422.0
2212270.0
2220763.0
2226118.0
2229791.0
2232172.0
2234047.0
2234774.0
2235248.0
710170.0
1229822.0
1565745.0
1759006.0
1896808.0
2003484.0
2084371.0
2148446.0
2198177.0
2236810.0
2265547.0
2286407.0
2301948.0
2312363.0
2320281.0
2325457.0
2328863.0
2331158.0
2332465.0
2333639.0
700578.0
1206421.0
1526559.0
1711306.0
1841399.0
1938322.0
2011281.0
2066831.0
2108757.0
2139792.0
2163093.0
2178947.0
2190681.0
2198351.0
2203992.0
2207487.0
2209730.0
2210999.0
2211668.0
2212334.0
711415.0
1224273.0
1551731.0
1731661.0
1855993.0
1948643.0
2017217.0
2069120.0
2108628.0
2138309.0
2159543.0
2174543.0
2184822.0
2191652.0
2196042.0
2198910.0
2200909.0
2202183.0
2202907.0
2203147.0
715099.0
1234315.0
1567847.0
1756752.0
1888384.0
1989611.0
2066385.0
2125534.0
2171667.0
2206410.0
2233012.0
2252813.0
2267006.0
2276320.0
2282870.0
2287366.0
2290143.0
2291832.0
2292962.0
2293685.0
706872.0
1216955.0
1543387.0
1728796.0
1858461.0
1956467.0
2029030.0
2084771.0
2127072.0
2159021.0
2182511.0
2199284.0
2211721.0
2219797.0
2225292.0
2229537.0
2232079.0
2233339.0
2234574.0
2235120.0
706377.0
1219338.0
1549900.0
1743970.0
1881881.0
1987528.0
2067771.0
2129302.0
2176834.0
2212781.0
2238885.0
2257530.0
2271244.0
2281237.0
2288017.0
2291831.0
2294437.0
2296148.0
2297320.0
2297721.0
709214.0
1224206.0
1555058.0
1742525.0
1874471.0
1975038.0
2050699.0
2109283.0
2154791.0
2189780.0
2215669.0
2234487.0
2247892.0
2257078.0
2263135.0
2267554.0
2270368.0
2272189.0
2272790.0
2273497.0
711223.0
1230943.0
1565472.0
1755345.0
1889022.0
1990147.0
2066373.0
2125055.0
2169772.0
2203231.0
2228137.0
2245756.0
2258586.0
2266919.0
2272912.0
2276658.0
2279109.0
2280935.0
2282105.0
2282832.0
709441.0
1221659.0
1549547.0
1733565.0
1861653.0
1958738.0
2030651.0
2086561.0
2128815.0
2161236.0
2184307.0
2201634.0
2213569.0
2221803.0
2227598.0
2231315.0
2233872.0
2235473.0
2236432.0
2236751.0
703851.0
1212982.0
1540604.0
1731949.0
1869094.0
1973884.0
2053235.0
2115114.0
2163331.0
2200060.0
2226935.0
2247234.0
2261572.0
2271702.0
2277835.0
2281886.0
2284829.0
2286523.0
2287760.0
2288411.0
706786.0
1220987.0
1551163.0
1740905.0
1874426.0
1975850.0
2051275.0
2109515.0
2154041.0
2187445.0
2212367.0
2230673.0
2243879.0
2252786.0
2259321.0
2263482.0
2266525.0
2268205.0
2269292.0
2270023.0
705850.0
1218647.0
1547519.0
1735122.0
1867736.0
1968063.0
2042567.0
2100884.0
2144845.0
2177649.0
2202566.0
2220303.0
2233064.0
2241669.0
2248013.0
2252020.0
2254269.0
2255612.0
2256511.0
2257053.0
720252.0
1242228.0
1577974.0
1758943.0
1880383.0
1971782.0
2039050.0
2090042.0
2128589.0
2157296.0
2177878.0
2192731.0
2202666.0
2209805.0
2214221.0
2217083.0
2218664.0
2219744.0
2220278.0
2220738.0
709244.0
1222664.0
1552152.0
1741199.0
1873122.0
1972767.0
2047223.0
2104954.0
2150036.0
2184530.0
2210821.0
2229814.0
2243650.0
2253818.0
2260522.0
2264998.0
2267929.0
2270148.0
2271578.0
2272341.0
706220.0
1220912.0
1553007.0
1743308.0
1878718.0
1982535.0
2060894.0
2121912.0
2169144.0
2205278.0
2231967.0
2251227.0
2264548.0
2274450.0
2280940.0
2285549.0
2288298.0
2290191.0
2291202.0
2291725.0
703728.0
1211567.0
1534971.0
1716842.0
1842573.0
1936884.0
2007128.0
2060609.0
2100608.0
2129972.0
2151223.0
2166320.0
2176824.0
2184185.0
2188936.0
2191738.0
2193714.0
2194961.0
2195680.0
2196217.0
710244.0
1224871.0
1551359.0
1733284.0
1859169.0
1952977.0
2023414.0
2076999.0
2117336.0
2147790.0
2169351.0
2184631.0
2195496.0
2202858.0
2208382.0
2211760.0
2213511.0
2214901.0
2215574.0
2215965.0
705101.0
1219098.0
1552066.0
1741083.0
1874208.0
1975761.0
2053255.0
2113779.0
2160847.0
2196250.0
2222445.0
2241356.0
2254806.0
2264655.0
2271228.0
2275371.0
2278242.0
2280154.0
2281380.0
2281955.0
709125.0
1226932.0
1560545.0
1750922.0
1884106.0
1985393.0
2060766.0
2118840.0
2163431.0
2198088.0
2223399.0
2241567.0
2255035.0
2264441.0
2270424.0
2274969.0
2277501.0
2279525.0
2280631.0
2281371.0
709744.0
1226912.0
1561434.0
1755172.0
1891992.0
1996495.0
2075684.0
2137716.0
2185618.0
2221953.0
2248388.0
2267369.0
2281303.0
2291033.0
2297050.0
2301417.0
2303678.0
2305294.0
2306299.0
2306980.0
707107.0
1224565.0
1560622.0
1757024.0
1896574.0
2003047.0
2084524.0
2148410.0
2197786.0
2236008.0
2264648.0
2286191.0
2301921.0
2313188.0
2320372.0
2325755.0
2329004.0
2331216.0
2332562.0
2333331.0
704423.0
1210200.0
1533256.0
1719576.0
1850963.0
1950388.0
2023670.0
2078963.0
2121150.0
2153062.0
2176585.0
2193071.0
2205364.0
2213757.0
2219572.0
2223491.0
2226260.0
2228029.0
2229209.0
2229574.0
711151.0
1230684.0
1567262.0
1760218.0
1895895.0
2000789.0
2080004.0
2140993.0
2188773.0
2225648.0
2252987.0
2272917.0
2287368.0
2297900.0
2304802.0
2309353.0
2312373.0
2314180.0
2315387.0
2316238.0
706391.0
1215036.0
1536473.0
1721265.0
1848684.0
1945154.0
2017002.0
2071733.0
2113153.0
2143833.0
2166376.0
2182082.0
2193040.0
2200495.0
2205918.0
2208864.0
2211156.0
2212426.0
2213443.0
2213802.0
705543.0
1215481.0
1537535.0
1721124.0
1849593.0
1945349.0
2017255.0
2072655.0
2114110.0
2144985.0
2167238.0
2182845.0
2193500.0
2201120.0
2206351.0
2209482.0
2211416.0
2212748.0
2213686.0
2214209.0
708957.0
1219806.0
1545416.0
1729131.0
1856372.0
1953475.0
2025889.0
2081464.0
2123882.0
2155653.0
2178839.0
2195343.0
2207241.0
2215697.0
2221466.0
2225571.0
2228332.0
2229990.0
2230982.0
2231623.0
700192.0
1209995.0
1537128.0
1735015.0
1879410.0
1988368.0
2071830.0
2136796.0
2187090.0
2225186.0
2253182.0
2273627.0
2288308.0
2298145.0
2305315.0
2309862.0
2312758.0
2314440.0
2315616.0
2316271.0
711624.0
1227728.0
1557875.0
1740793.0
1868707.0
1964397.0
2035718.0
2090732.0
2131871.0
2162457.0
2185492.0
2201273.0
2212737.0
2220622.0
2225142.0
2228026.0
2230141.0
2231372.0
2231970.0
2232385.0
707045.0
1221581.0
1554675.0
1744097.0
1876596.0
1978333.0
2054523.0
2113391.0
2159021.0
2193277.0
2219479.0
2238792.0
2252242.0
2262105.0
2268095.0
2272360.0
2275070.0
2276693.0
2277816.0
2278383.0
710039.0
1221833.0
1548796.0
1733080.0
1861562.0
1958023.0
2030543.0
2085294.0
2127364.0
2158741.0
2181175.0
2197013.0
2208565.0
2216116.0
2221364.0
2224554.0
2226802.0
2227951.0
2228826.0
2229260.0
704819.0
1215715.0
1544883.0
1737355.0
1875058.0
1981026.0
2061201.0
2124415.0
2172681.0
2209400.0
2236872.0
2256974.0
2271631.0
2281985.0
2288441.0
2292927.0
2295923.0
2298009.0
2299598.0
2300369.0
706880.0
1223148.0
1557571.0
1747613.0
1882004.0
1984068.0
2061522.0
2121534.0
2167690.0
2202017.0
2226937.0
2244859.0
2257621.0
2266315.0
2271701.0
2275284.0
2277762.0
2279402.0
2280434.0
2281026.0
710295.0
1225445.0
1552579.0
1742182.0
1875542.0
1976065.0
2052154.0
2110495.0
2155613.0
2189783.0
2214788.0
2232864.0
2245695.0
2254321.0
2259850.0
2263980.0
2266797.0
2268203.0
2269070.0
2269569.0
707695.0
1221721.0
1549117.0
1735028.0
1864327.0
1962821.0
2036480.0
2093570.0
2137090.0
2170364.0
2194504.0
2211777.0
2223941.0
2232217.0
2237784.0
2240965.0
2242942.0
2244498.0
2245430.0
2245786.0
703316.0
1212331.0
1538095.0
1729520.0
1866398.0
1971011.0
2050091.0
2111439.0
2159470.0
2195918.0
2222857.0
2242930.0
2257073.0
2267559.0
2274502.0
2279258.0
2282479.0
2284248.0
2285547.0
2286346.0
707082.0
1221979.0
1553962.0
1743773.0
1878684.0
1982687.0
2061026.0
2122275.0
2169512.0
2204276.0
2230417.0
2249622.0
2263050.0
2271916.0
2278468.0
2282061.0
2285013.0
2286636.0
2287756.0
2288388.0
712346.0
1230196.0
1566501.0
1755902.0
1888739.0
1990370.0
2067029.0
2125784.0
2171346.0
2206003.0
2232184.0
2251548.0
2265072.0
2274841.0
2281133.0
2285540.0
2288162.0
2289910.0
2290794.0
2291397.0
717608.0
1241661.0
1578005.0
1760658.0
1886467.0
1982491.0
2054595.0
2110148.0
2152042.0
2183577.0
2206100.0
2222609.0
2234058.0
2241722.0
2246804.0
2250422.0
2252271.0
2253273.0
2254170.0
2254496.0
704212.0
1216408.0
1546786.0
1737850.0
1873286.0
1977368.0
2056437.0
2117736.0
2164773.0
2200348.0
2226558.0
2246063.0
2259801.0
2269347.0
2275308.0
2279073.0
2281350.0
2282918.0
2283643.0
2284125.0
711730.0
1229580.0
1562596.0
1755902.0
1893720.0
1998477.0
2078412.0
2141279.0
2190945.0
2227939.0
2255889.0
2276576.0
2291897.0
2302120.0
2309283.0
2313896.0
2316777.0
2318919.0
2320404.0
2321161.0
