713536
1311386
1813574
2169290
2410591
2598871
2742653
2858965
2953803
3030712
3093803
3145197
3187042
3221190
3248425
3269806
3286264
3298234
3306592
3312092
706720
1298610
1791158
2145264
2388408
2574869
2716060
2828950
2921143
2995969
3057113
3107723
3148815
3182009
3207656
3227602
3243095
3255108
3264250
3270157
705271
1294566
1787643
2140999
2383157
2568980
2711076
2824449
2916677
2991722
3053696
3104061
3145237
3178781
3205413
3226293
3241543
3253318
3262072
3268354
708841
1303001
1798075
2150358
2392818
2580575
2724955
2841072
2936113
3013196
3076534
3128414
3170583
3204421
3232045
3253485
3270121
3281751
3289357
3295228
706348
1295288
1784213
2137337
2382354
2570475
2714025
2829404
2922774
2999049
3060709
3110290
3151023
3183661
3208854
3229144
3244571
3255308
3263921
3269400
710128
1304849
1804358
2159796
2403492
2591697
2734931
2850761
2945146
3021272
3084491
3135712
3177127
3211598
3239800
3261836
3279609
3293342
3303162
3309627
711838
1307208
1804417
2159810
2404148
2592540
2737361
2854296
2949324
3027443
3091175
3143940
3187129
3222196
3250449
3272607
3289933
3302812
3311978
3318761
697524
1278371
1759747
2111219
2357235
2546596
2691320
2807364
2901482
2978322
3040862
3092242
3134455
3167721
3194115
3214788
3231149
3243721
3253090
3260178
706301
1298467
1791703
2146283
2393138
2582467
2728783
2846850
2943083
3020843
3084868
3136439
3178240
3212728
3240160
3262312
3279124
3291682
3301307
3308736
705233
1294588
1786400
2142299
2390441
2582323
2730232
2848732
2944000
3021097
3084340
3135099
3176639
3209688
3236246
3257043
3272245
3283482
3291008
3296751
706045
1297687
1788147
2143396
2392324
2585457
2734007
2853664
2952185
3032803
3098880
3152656
3197141
3233058
3261903
3284316
3301741
3314804
3324782
3331865
714237
1308046
1803486
2151376
2386343
2566740
2704288
2814220
2902867
2975602
3035083
3083161
3122864
3154607
3179509
3198950
3212189
3221476
3228942
3233824
700502
1282449
1761920
2107876
2345612
2529146
2669724
2782824
2874185
2948886
3008982
3058567
3098561
3131189
3157408
3177939
3193831
3206001
3214945
3221872
707359
1294281
1775517
2119741
2357478
2538230
2675651
2784778
2872393
2942885
2999659
3046073
3083084
3112201
3135072
3152886
3165755
3175800
3183762
3189644
714059
1306333
1800938
2150073
2387667
2570137
2710094
2822049
2911914
2984601
3044075
3092435
3131344
3162923
3188307
3208191
3223712
3235925
3244432
3250098
707302
1303490
1803536
2164502
2415199
2608658
2756794
2877104
2974393
3053681
3119041
3171675
3214740
3249744
3277903
3300563
3317834
3331454
3341134
3348107
711689
1311186
1817863
2179068
2428040
2623339
2772842
2892993
2990336
3070108
3135368
3188778
3232302
3266910
3293829
3315368
3331990
3344664
3354570
3361047
719489
1327258
1845845
2211393
2460263
2655995
2806544
2928853
3029588
3112684
3181655
3238344
3285778
3324766
3356533
3381438
3401947
3417499
3428853
3436599
711877
1306467
1801575
2152689
2394933
2581334
2723529
2837985
2930975
3007702
3071223
3122336
3164123
3198517
3225715
3247949
3265368
3279253
3289975
3297935
702537
1289653
1776740
2128675
2372182
2555998
2697534
2810870
2902703
2977608
3038707
3088342
3128282
3160744
3186570
3206550
3221920
3232921
3241027
3246737
709616
1298122
1785329
2130627
2366988
2549124
2688273
2799863
2890340
2963770
3023628
3071910
3111311
3143381
3169220
3189145
3204904
3216925
3225322
3232211
705111
1293867
1787251
2138959
2380362
2567520
2710794
2826031
2918127
2993498
3054715
3104363
3144463
3176016
3200719
3219403
3234433
3245274
3252646
3257882
704930
1289687
1774793
2123180
2364755
2549541
2691060
2804230
2895386
2969311
3029411
3077934
3117433
3148760
3173787
3192922
3207756
3219089
3227117
3232918
707728
1298879
1791173
2142349
2382872
2567335
2707339
2819441
2909501
2981964
3041030
3089339
3128152
3159386
3184008
3202837
3216495
3226208
3233005
3237333
711611
1304277
1795479
2144000
2382695
2564791
2702448
2812483
2901269
2973846
3033023
3081233
3120046
3151757
3177598
3198256
3214059
3226636
3235685
3241625
705357
1292879
1780242
2131269
2374881
2561914
2705048
2820396
2913920
2989910
3051735
3101970
3142390
3174481
3200854
3221459
3237360
3249517
3258728
3265446
702465
1288146
1773400
2122870
2364919
2548533
2688360
2799634
2889248
2960025
3017374
3063344
3100259
3129579
3152687
3169575
3182347
3191358
3197784
3201457
706663
1301749
1796716
2149569
2392710
2580350
2720787
2833680
2924941
2999303
3059874
3108404
3147202
3177821
3201927
3221051
3235295
3246047
3253513
3258794
716104
1318865
1828013
2187435
2430113
2617954
2761516
2877738
2971984
3049629
3113060
3164464
3206206
3240421
3267333
3289278
3306058
3319520
3329881
3337420
710449
1307611
1806803
2162603
2406594
2594621
2738073
2853993
2947956
3024707
3087709
3139304
3181553
3216018
3243645
3266264
3283241
3295497
3304986
3311751
715101
1312229
1813688
2165719
2404814
2589552
2729471
2841984
2933165
3007333
3068430
3117709
3158450
3190932
3216331
3236687
3251900
3262910
3270130
3274653
709646
1298379
1786547
2136315
2377496
2564493
2708760
2825880
2921112
2999525
3063136
3115589
3158037
3192357
3220023
3242133
3260239
3274289
3285313
3293480
711634
1304815
1797505
2144677
2380672
2562137
2699887
2811000
2899980
2972359
3030907
3079472
3118492
3149864
3174327
3193521
3208189
3218805
3226229
3231359
711534
1306131
1801790
2152356
2391704
2576209
2716354
2828247
2918594
2991976
3051949
3100913
3139555
3171152
3196370
3216530
3231738
3243171
3250520
3256420
700744
1274932
1737644
2064875
2287372
2454415
2580380
2680591
2760401
2823481
2874912
2915872
2948012
2973063
2992237
3006421
3017477
3025357
3030840
3034403
713658
1310819
1814431
2168568
2408458
2593947
2734970
2847402
2937831
3012710
3072919
3122283
3162043
3195060
3221530
3241729
3257361
3268909
3277319
3283591
708886
1301172
1797218
2147924
2386822
2570870
2711206
2824030
2914438
2987635
3047173
3095023
3132953
3163592
3187135
3206798
3221260
3232647
3240872
3246711
707715
1300377
1798274
2154932
2402794
2594561
2742885
2862997
2961353
3041911
3107655
3161939
3205559
3240585
3269171
3291499
3308284
3321012
3330572
3337131
706547
1297340
1787172
2141187
2386977
2575495
2717813
2830796
2921860
2995100
3054724
3103999
3143865
3175262
3199834
3218927
3233497
3244025
3251071
3256045
708218
1301183
1800392
2155687
2399363
2587720
2731343
2847461
2942207
3020210
3084792
3137800
3181062
3215519
3243359
3264366
3280632
3292650
3301420
3307524
706525
1302798
1806104
2165210
2411627
2602513
2747564
2864794
2959756
3037351
3100773
3152654
3194743
3227913
3255287
3276694
3293925
3307182
3317309
3324248
711317
1307085
1807586
2165732
2413999
2606753
2755358
2876143
2974301
3054638
3120730
3174399
3218403
3254675
3283797
3305907
3322378
3334897
3344276
3350460
708055
1301473
1796269
2150580
2394167
2582090
2723853
2837465
2929912
3004401
3065952
3115631
3155831
3187684
3212678
3232277
3247030
3257689
3265562
3271430
715532
1318424
1828718
2188643
2434206
2626156
2772675
2891571
2988383
3067828
3133779
3187553
3231780
3267213
3295686
3317534
3334683
3347851
3357251
3363832
716775
1312835
1813675
2163184
2397391
2578596
2716023
2826722
2916507
2989396
3048768
3096451
3135058
3166128
3190647
3210255
3224634
3235576
3243356
3249019
707196
1298261
1789176
2141403
2387496
2576360
2720772
2837476
2932260
3010028
3073737
3125752
3168133
3202556
3230869
3253294
3270305
3283155
3293343
3300415
709461
1299993
1791388
2144869
2390098
2577948
2721928
2837237
2930482
3006045
3067603
3117959
3158960
3192916
3219970
3242106
3259909
3273503
3283421
3290441
714717
1306597
1793234
2134388
2366040
2544234
2680464
2790319
2879827
2953291
3013329
3062263
3102470
3135369
3161713
3182951
3200230
3213106
3222269
3229023
707338
1303537
1803564
2161568
2408831
2600279
2746355
2865388
2963423
3043060
3108723
3162291
3206276
3242099
3270360
3292890
3310353
3323334
3332867
3340064
706054
1296593
1791576
2142723
2383647
2567329
2706958
2818240
2908447
2982121
3043176
3092551
3132776
3165781
3190799
3210802
3226373
3237248
3246121
3252381
710824
1301745
1790662
2138319
2374928
2557400
2696038
2807610
2898199
2972193
3032547
3081319
3121203
3153171
3178811
3198696
3214270
3226512
3234916
3240672
712528
1310873
1811664
2170854
2419924
2614505
2764299
2885426
2985503
3067491
3135242
3190724
3236999
3274007
3303685
3327968
3347000
3361718
3372378
3380149
698326
1284030
1770592
2121371
2364187
2549510
2688746
2800279
2890464
2964236
3024547
3073011
3112548
3143948
3168604
3188973
3203650
3214089
3221285
3226196
700328
1280445
1758712
2099388
2330495
2506816
2640260
2745724
2830066
2896576
2949916
2992700
3026520
3053400
3074427
3090980
3103677
3112348
3119595
3124672
702383
1283205
1763613
2107035
2342719
2520634
2656049
2765546
2853682
2925354
2984054
3031745
3070441
3101666
3126768
3147145
3161885
3173885
3182302
3188489
706384
1296817
1789637
2140623
2382648
2569064
2710299
2824129
2915881
2990622
3051398
3101324
3142026
3175991
3202733
3222550
3238147
3249922
3258945
3264751
706579
1291119
1780198
2126117
2360399
2538942
2675298
2784394
2872254
2943338
3001546
3048224
3085162
3115624
3138243
3155860
3168037
3176650
3182511
3186137
710573
1305420
1797799
2153406
2402153
2594534
2743838
2863617
2961017
3041036
3106429
3159644
3202954
3238153
3266658
3289285
3307524
3321249
3331172
3337382
705639
1290675
1773001
2118371
2356688
2537345
2674276
2782638
2868574
2938431
2994623
3039799
3076232
3105089
3128268
3144949
3157608
3167740
3174485
3179251
706935
1295096
1781637
2133394
2377463
2565843
2710742
2825949
2919299
2994170
3055190
3103693
3142120
3173461
3198214
3217301
3231458
3242069
3249509
3255035
708653
1302175
1800737
2161567
2414578
2612670
2766437
2890897
2991813
3074787
3143165
3198862
3244229
3281167
3311370
3335244
3354063
3368390
3379362
3386495
713270
1312469
1816089
2175513
2421976
2614458
2763404
2884468
2983459
3065278
3132397
3187151
3232211
3268967
3297978
3321826
3340471
3353979
3364263
3372184
710824
1302580
1791571
2138730
2375759
2557325
2695720
2806248
2895527
2968763
3028161
3076568
3116271
3147639
3173817
3193916
3209607
3221915
3231087
3237540
706469
1291645
1775461
2122178
2360898
2543786
2682992
2795373
2886874
2960875
3021292
3069714
3109460
3141547
3166785
3186964
3202180
3215180
3225120
3232515
710457
1304386
1799228
2149556
2389889
2573964
2714620
2828234
2919745
2994979
3056386
3106938
3148685
3182201
3209492
3230108
3247023
3259533
3268605
3275485
703369
1286750
1769338
2116762
2356597
2541432
2681691
2793928
2883997
2957509
3017578
3065620
3104600
3136005
3161072
3180326
3195517
3206466
3214130
3218954
705698
1294281
1786273
2141524
2391053
2583650
2732676
2852676
2949864
3029075
3093642
3147038
3190531
3226590
3254372
3275870
3293188
3306664
3317216
3325370
713511
1307131
1800445
2149258
2385374
2565372
2702106
2812199
2901660
2974211
3034047
3082822
3122519
3153714
3179610
3199695
3214444
3225792
3233330
3238383
717880
1318727
1820404
2172630
2409705
2589056
2724125
2832171
2918947
2989055
3045675
3091659
3128880
3158517
3182084
3199793
3213587
3223410
3230471
3235282
703240
1287166
1773049
2125048
2370947
2561097
2705364
2821081
2914881
2991112
3053729
3105344
3146946
3180497
3207877
3230018
3247391
3261001
3271579
3279389
709998
1307516
1809624
2167968
2412600
2601487
2745392
2861530
2955565
3032629
3095664
3146870
3188330
3221714
3248505
3269093
3284793
3295653
3303451
3308678
714509
1312533
1818420
2176857
2421365
2610439
2756097
2873354
2969092
3047370
3111596
3164085
3206852
3241717
3269994
3291749
3307849
3320302
3329874
3336179
700463
1283151
1767321
2116752
2357276
2540851
2681040
2793637
2884669
2957952
3017968
3066397
3105168
3135928
3160319
3178929
3193142
3203796
3211207
3216304
716569
1315920
1818051
2170251
2407603
2589689
2729087
2840959
2931699
3006466
3067190
3116774
3156392
3188242
3213561
3233374
3248973
3260555
3268431
3273924
706346
1294632
1781371
2129774
2370879
2556100
2698701
2813543
2905782
2981324
3042082
3091180
3131214
3163358
3188463
3207124
3221590
3232545
3240128
3245339
703351
1285119
1762821
2106424
2343193
2524820
2664698
2776088
2866021
2938858
2997907
3045803
3084481
3115761
3140222
3159485
3173275
3183419
3190632
3195419
710153
1307517
1808953
2168900
2419957
2615391
2763912
2884221
2983431
3064578
3130906
3184792
3228086
3263268
3290894
3313314
3330044
3343409
3353940
3360708
713870
1308781
1807792
2159087
2396643
2580137
2720017
2832192
2921520
2994222
3053499
3101555
3140303
3171707
3196973
3216558
3231577
3242746
3251081
3256776
708194
1304261
1803645
2157189
2399234
2586451
2728250
2842800
2935551
3010595
3071516
3121074
3161667
3194542
3220893
3241765
3257138
3267953
3276833
3282330
713118
1312722
1816264
2177380
2426507
2618736
2766588
2885512
2981878
3059944
3124066
3176758
3219191
3254386
3282768
3305686
3324248
3337990
3347859
3355521
706332
1301812
1802395
2163142
2415103
2610681
2760661
2882268
2980977
3061751
3128276
3182113
3225490
3261024
3288954
3311436
3328900
3342721
3352216
3358409
704422
1300820
1800679
2166435
2426027
2625521
2779330
2905113
3007290
3090556
3158952
3214883
3260476
3297384
3326826
3349817
3367447
3381439
3391384
3398958
699825
1283140
1768251
2120330
2366446
2556934
2701911
2817836
2911421
2987546
3049465
3100102
3141201
3173954
3200070
3220880
3236794
3249205
3258885
3265720
711247
1306592
1805933
2162436
2406898
2595850
2741309
2858514
2953761
3031433
3095117
3147104
3188538
3221450
3247843
3268838
3285085
3297341
3306565
3313508
699784
1284961
1769444
2124320
2375276
2570305
2719742
2840475
2939275
3019488
3085416
3138848
3182540
3218797
3247314
3270759
3288728
3303225
3313802
3321822
709558
1300151
1790282
2139726
2379654
2564334
2706473
2821572
2914850
2992070
3054676
3105687
3147800
3182007
3210012
3232303
3248589
3260625
3269210
3275334
715210
1315154
1816257
2171517
2415742
2603774
2748739
2865800
2961476
3039384
3103712
3157175
3199843
3234847
3263118
3285571
3303337
3317267
3327595
3336077
711564
1308676
1809214
2168579
2416571
2609221
2757446
2875674
2971582
3050566
3114863
3167837
3211528
3246564
3274189
3296294
3312629
3325317
3334417
3340694
707779
1299065
1791718
2142598
2382913
2568372
2709884
2824365
2917367
2992986
3055282
3106653
3147861
3180539
3206058
3226566
3241918
3253176
3260997
3266547
713809
1309253
1807899
2157981
2396668
2580610
2721850
2835287
2928046
3002737
3064707
3115377
3156803
3190962
3218926
3240671
3257564
3270126
3278388
3284646
704385
1291788
1781721
2134463
2379504
2567466
2712392
2828467
2922083
2998284
3059791
3109008
3149513
3182183
3208081
3227514
3242232
3253395
3261144
3267170
704404
1297885
1796709
2153384
2400256
2589004
2733765
2850411
2944724
3021864
3085353
3136874
3178194
3211274
3237665
3259107
3275762
3288377
3297570
3304107
711713
1305025
1803479
2158879
2404688
2594315
2739097
2855210
2948960
3024744
3086686
3136504
3176780
3209193
3234699
3255579
3271915
3283673
3292533
3299512
710545
1304084
1795821
2147058
2387666
2573203
2715503
2829542
2921400
2996249
3057528
3106680
3146485
3178615
3202939
3222290
3236645
3247453
3254879
3260509
713361
1311345
1813026
2169708
2415149
2604814
2750246
2867396
2962613
3040398
3103940
3156483
3198991
3233571
3261579
3283827
3300857
3313811
3323811
3330394
707689
1296729
1789059
2137964
2376010
2557619
2695202
2804888
2893519
2965125
3022948
3069364
3107293
3137199
3160925
3179773
3194131
3204799
3212502
3218632
704990
1297964
1794957
2157029
2411539
2610688
2763112
2887257
2987376
3069358
3136268
3191364
3235741
3272771
3302453
3326291
3345059
3359133
3369879
3377560
714768
1319255
1827068
2192927
2444867
2639129
2787791
2907188
3004338
3084607
3149908
3202772
3246376
3282264
3311064
3334505
3352321
3364566
3373822
3379596
703665
1292410
1781787
2132386
2373923
2559649
2702372
2817267
2909699
2984765
3046166
3095757
3136570
3168912
3194745
3215509
3231221
3244178
3252431
3258599
707892
1296794
1788125
2135050
2370972
2552904
2690379
2800788
2889402
2961775
3020336
3067954
3107271
3139267
3164253
3183164
3197327
3207479
3214639
3219859
708949
1307876
1807721
2168451
2418073
2610798
2758236
2878005
2975243
3055599
3121542
3175542
3218954
3254684
3283291
3306244
3324685
3338561
3349440
3357878
714059
1306987
1803535
2152934
2388547
2569285
2707450
2817755
2907134
2979697
3038495
3086016
3124655
3155889
3180611
3199705
3214211
3225107
3233480
3239195
703908
1293997
1779508
2129371
2372339
2559011
2702250
2817803
2912027
2988962
3051633
3103210
3145162
3178761
3205615
3226127
3242182
3253574
3262292
3268257
706537
1295612
1783996
2131307
2368408
2549513
2687868
2799466
2889117
2961638
3020068
3066659
3104418
3134509
3158538
3177186
3192305
3203317
3210937
3216890
713902
1312060
1817229
2175509
2421051
2611886
2758557
2877129
2974075
3053321
3118591
3172316
3216564
3253637
3283848
3306770
3325181
3339214
3348930
3356567
706741
1294840
1785428
2133071
2372002
2558364
2700165
2814236
2906751
2982441
3043972
3094431
3135484
3169100
3195153
3215994
3232083
3244780
3254087
3260996
712290
1311442
1815240
2174197
2420651
2610676
2756052
2873403
2969167
3048028
3111837
3164276
3206053
3240379
3267768
3288654
3304630
3317084
3325086
3330905
705933
1295100
1785921
2139237
2383445
2570875
2714344
2829469
2922958
2999741
3062828
3114405
3156393
3189902
3215706
3236131
3251630
3263312
3272030
3278495
710548
1305461
1806611
2160601
2402475
2588567
2728546
2841452
2934196
3010181
3072041
3122753
3163474
3197178
3223698
3243739
3260012
3271628
3280269
3286459
705379
1295437
1784954
2139630
2386842
2575289
2719416
2834909
2928342
3003993
3065254
3115963
3156507
3188771
3214009
3233770
3248453
3259484
3266426
3271919
706829
1294473
1786590
2134879
2372725
2556091
2696929
2808808
2899054
2971947
3030979
3078879
3117349
3148366
3173346
3192132
3206484
3217105
3225108
3230736
710051
1302101
1795223
2145026
2383166
2565686
2703833
2814516
2903489
2976417
3035687
3083581
3122766
3153735
3179063
3199078
3214201
3225592
3234385
3240415
710437
1306048
1804101
2160006
2404104
2593187
2737307
2853220
2947679
3024753
3088134
3140564
3182783
3217805
3246138
3269610
3287281
3300839
3310387
3317804
700133
1287233
1777624
2131107
2378322
2568304
2713774
2830840
2926354
3003388
3066158
3117745
3159159
3192088
3218553
3238917
3254568
3265733
3273950
3279192
707264
1306133
1809301
2170896
2421205
2614084
2760984
2879298
2975774
3055072
3120063
3173096
3216055
3250630
3278604
3300560
3318250
3331280
3340668
3347027
708724
1300111
1793325
2144176
2383819
2569408
2710512
2823266
2915206
2990435
3051111
3100251
3140125
3172068
3197543
3217473
3232539
3242968
3250747
3256404
709506
1299221
1787287
2138161
2382602
2570840
2713904
2829814
2923709
2999866
3061992
3112475
3153244
3187723
3214682
3235791
3251970
3263830
3271956
3278364
715681
1323681
1841447
2213561
2472094
2674955
2831883
2960942
3066681
3154591
3227572
3288514
3337973
3378297
3411068
3437512
3458238
3473856
3484727
3492773
709444
1307974
1813494
2176777
2428531
2624920
2777405
2900616
3002465
3086446
3156083
3212736
3258834
3296944
3328091
3352660
3371223
3385065
3395578
3402412
704931
1294806
1789957
2144366
2388861
2579509
2722388
2838720
2932190
3008854
3071043
3122501
3163789
3196695
3223693
3244179
3259514
3271626
3279156
3284429
706178
1296357
1791346
2148238
2397037
2589287
2737160
2856314
2952668
3032117
3096283
3149798
3193167
3228036
3255982
3278383
3295252
3308350
3318036
3324997
703518
1291047
1782357
2138649
2386888
2579200
2726299
2845525
2942192
3021775
3087240
3140579
3185083
3221318
3250033
3272859
3291312
3305375
3315283
3322376
716531
1316340
1821467
2177481
2419241
2606999
2750609
2865913
2958765
3035677
3097489
3147904
3188859
3222263
3248298
3268663
3284676
3296101
3305009
3310842
709976
1307670
1812587
2172259
2420562
2613236
2762319
2883605
2982035
3063139
3129323
3183582
3227262
3262392
3290312
3312195
3328246
3339560
3348832
3355464
703043
1292237
1781336
2139859
2393210
2587623
2737376
2858515
2957215
3037670
3103724
3157117
3200662
3235748
3263210
3285583
3302167
3315173
3325544
3334063
711116
1303668
1800601
2152346
2393107
2579859
2721680
2835642
2927742
3003098
3065177
3116312
3157919
3191582
3218753
3240376
3257039
3269904
3279834
3287448
712919
1305431
1800364
2147773
2383443
2565528
2704031
2815630
2905447
2978494
3038280
3086756
3126678
3159270
3184728
3204882
3220438
3231846
3240427
3246427
718411
1316094
1816451
2164276
2396637
2574640
2709696
2817292
2903535
2974004
3031431
3077998
3116439
3146658
3170817
3189994
3204715
3215220
3223004
3228756
713459
1311899
1809808
2161470
2400240
2583931
2722070
2832288
2920932
2992413
3050911
3098249
3136162
3166831
3190821
3209983
3224349
3234286
3240813
3245627
707638
1304441
1809150
2171614
2422732
2617071
2766587
2887333
2984814
3065213
3130733
3183986
3227050
3263025
3291747
3314491
3331960
3346205
3356584
3364675
703154
1291516
1779578
2135068
2383443
2574945
2721330
2838637
2933584
3010259
3072725
3123590
3164643
3196912
3222999
3243987
3259232
3270700
3278967
3284783
708841
1299136
1785635
2131061
2369133
2552204
2691831
2804819
2895789
2969994
3030787
3080024
3120513
3152980
3178818
3198561
3213714
3224591
3232655
3238563
704365
1292012
1781564
2131832
2372165
2554523
2693003
2803393
2891633
2962814
3021044
3068769
3106537
3137149
3161562
3179603
3193267
3203089
3210381
3215102
710276
1296511
1785295
2130077
2362705
2541440
2676841
2784637
2871969
2943233
3000538
3047968
3085973
3116618
3140876
3160508
3174938
3186800
3195365
3201562
710024
1302147
1795575
2148187
2390393
2576844
2719495
2834349
2927403
3002885
3064706
3115024
3155801
3188790
3215327
3236505
3253349
3265916
3275373
3282612
718521
1322131
1829656
2185393
2424810
2610467
2752862
2868338
2963084
3040878
3104892
3156345
3199367
3234373
3262614
3285541
3303688
3316803
3326621
3333427
704425
1286040
1764611
2107209
2343255
2521471
2656510
2763811
2849666
2919132
2975461
3021506
3057651
3085538
3107870
3124847
3138187
3148594
3155678
3160870
709640
1295502
1781584
2125154
2357482
2536748
2673234
2782811
2871280
2942902
3002042
3050103
3089309
3121292
3146954
3166742
3181851
3192761
3201147
3207048
705588
1297442
1789578
2144298
2389583
2577519
2720827
2835317
2927892
3002671
3063252
3112888
3153083
3184839
3211035
3230714
3245716
3257151
3265790
3271653
711728
1307605
1807999
2165988
2409885
2597907
2741583
2857117
2950464
3027538
3090709
3141988
3183707
3218144
3246379
3269095
3286641
3300441
3310753
3318887
711473
1309248
1809990
2169108
2416098
2607463
2752020
2868000
2961729
3037680
3100255
3151157
3193054
3226684
3253475
3274840
3290764
3303259
3311201
3317483
708448
1298923
1790282
2141843
2384563
2569984
2712279
2826516
2918581
2992904
3053777
3103427
3143162
3175031
3200461
3219532
3233770
3244858
3252665
3258662
704645
1293506
1786325
2138890
2382373
2569901
2712927
2828276
2922512
2999467
3062860
3114646
3156907
3190967
3218844
3240342
3257247
3270680
3280611
3288376
712324
1312407
1815299
2173120
2417710
2604296
2746118
2860919
2953487
3028777
3090648
3141027
3182277
3215309
3242237
3262895
3279326
3290816
3299682
3306515
710796
1306705
1805370
2163588
2411630
2603741
2750685
2868665
2964379
3042325
3105593
3156907
3199447
3233218
3260248
3281257
3296941
3309138
3318233
3324963
708777
1306597
1808190
2171650
2426478
2623638
2775166
2898794
2999929
3082616
3151339
3207742
3253431
3290681
3321128
3344669
3362680
3376054
3386060
3393676
699733
1283389
1767943
2119465
2364813
2553409
2698225
2814453
2907894
2984130
3045777
3095360
3134757
3167105
3192240
3211367
3225940
3237358
3245244
3251052
711373
1303800
1796293
2149039
2392396
2578117
2719723
2834066
2926338
3001959
3063854
3114085
3154696
3186870
3212736
3232861
3248329
3260365
3269057
3275317
709075
1301651
1794043
2146747
2388441
2572136
2712356
2823801
2913849
2986016
3044404
3090775
3128007
3157542
3180219
3198145
3212329
3222544
3230161
3235237
712409
1302142
1793279
2140776
2378153
2562649
2704427
2819701
2913546
2989969
3053683
3105270
3147264
3181765
3209325
3230672
3247046
3260100
3270077
3276764
713666
1312393
1813483
2172410
2420966
2614033
2762815
2883288
2981445
3061909
3128652
3183805
3229059
3265499
3294689
3318095
3336136
3350981
3361720
3369759
707638
1293399
1776821
2116556
2347104
2522490
2654883
2760684
2845795
2914259
2969260
3013438
3048682
3076381
3097950
3114050
3125543
3134214
3140054
3143383
711837
1303979
1796343
2144222
2381597
2563371
2701749
2811813
2900601
2972929
3031783
3079438
3117541
3148637
3173503
3192467
3207155
3217829
3225062
3229639
708050
1296828
1786175
2133955
2370628
2552065
2690298
2800592
2890248
2963093
3022396
3070245
3109237
3140897
3166007
3185618
3200037
3210501
3217999
3224097
714553
1314115
1818797
2177751
2423956
2614866
2760560
2878738
2974862
3053782
3119442
3174183
3218236
3253952
3282936
3305543
3323208
3336471
3346259
3353813
714199
1315600
1819073
2176820
2418695
2605416
2746474
2860607
2953090
3028616
3090837
3141317
3182507
3214913
3242177
3263291
3278923
3290514
3299031
3304717
712383
1304339
1794506
2141885
2378684
2558755
2695858
2806223
2895243
2967985
3027479
3075822
3115042
3146107
3171458
3191065
3205602
3215850
3222681
3227634
710535
1304681
1801685
2154040
2393130
2577418
2717715
2830035
2921069
2995217
3055477
3104764
3143535
3175225
3199962
3219358
3234474
3245849
3253803
3259490
706619
1294302
1784801
2133202
2372436
2556952
2697580
2810568
2901622
2975889
3035352
3083423
3122002
3152955
3177523
3196096
3210078
3220420
3228964
3234433
701193
1284650
1770270
2119779
2361488
2548064
2690413
2803357
2893736
2967730
3026946
3075098
3113986
3145249
3170344
3190297
3205096
3215721
3223132
3228362
710170
1307536
1809247
2169946
2419792
2613304
2761227
2881614
2980241
3061582
3128391
3183033
3228460
3264767
3294355
3316733
3334699
3349096
3359445
3366935
700578
1282839
1763713
2108280
2345103
2523538
2660915
2770695
2859211
2930380
2988693
3035109
3072251
3102289
3125234
3143499
3157082
3167605
3174798
3180172
711415
1300745
1790863
2135883
2368695
2545971
2680645
2787210
2872800
2942013
2998659
3043703
3079252
3107698
3129534
3146370
3159257
3169255
3175843
3179411
715099
1311229
1809779
2164942
2407468
2595307
2738929
2854402
2948223
3024966
3088516
3141275
3183952
3218062
3245136
3266212
3282135
3294014
3303320
3309809
706872
1292819
1780883
2130688
2370407
2554273
2694372
2806879
2897816
2971017
3030739
3079726
3119759
3151357
3176322
3196773
3212221
3223753
3232602
3239046
706377
1296610
1789188
2147902
2397913
2592464
2742169
2862068
2959098
3038095
3102429
3154704
3197170
3231785
3259189
3280619
3296629
3308824
3317528
3323559
709214
1301426
1797336
2151081
2394757
2582174
2724399
2838569
2932129
3008648
3071479
3122535
3164386
3198010
3224697
3246688
3262938
3276175
3284416
3289841
711223
1308599
1808934
2166769
2412414
2600307
2743901
2859143
2952724
3028691
3091007
3141674
3182422
3215487
3241698
3262110
3277347
3289305
3298187
3304472
709441
1298905
1789215
2137215
2374633
2555836
2694085
2804539
2894683
2967696
3026921
3074688
3113615
3145469
3171278
3190607
3205332
3216337
3224094
3230167
703851
1290132
1778600
2132617
2381186
2571866
2719077
2837598
2934189
3013564
3078175
3131812
3175202
3209926
3236757
3257624
3273929
3286501
3296038
3302265
706786
1297647
1791125
2144561
2390302
2580390
2725041
2841239
2935035
3011531
3074305
3125839
3167275
3200708
3227357
3248458
3264339
3276659
3285464
3291765
705850
1296105
1788047
2139446
2382660
2568265
2709787
2824096
2916735
2991547
3052786
3102791
3143920
3176655
3203165
3222748
3238191
3248328
3256097
3261627
720252
1318880
1819520
2168743
2401109
2578402
2711800
2818384
2904741
2974516
3031440
3077927
3114900
3144257
3167919
3186071
3200154
3209904
3216586
3221704
709244
1299944
1792678
2143989
2385724
2571653
2712839
2826356
2918960
2994594
3057063
3108718
3150690
3185374
3213138
3235344
3252117
3265306
3274984
3281639
706220
1298042
1795033
2151074
2397716
2588887
2735860
2855062
2951770
3031362
3095995
3149241
3192376
3227380
3256144
3278723
3295802
3309199
3318806
3325031
703728
1288555
1773113
2116672
2350851
2530040
2665330
2772597
2858674
2928320
2985129
3030544
3067412
3096887
3120232
3138728
3152174
3162561
3170090
3175187
710244
1302093
1791769
2136552
2370803
2548451
2684160
2793245
2881364
2953550
3010977
3058033
3096620
3127656
3151802
3170836
3184501
3194153
3200780
3205725
705101
1297250
1793794
2147519
2391056
2578357
2723567
2841409
2937121
3015114
3078475
3130100
3172138
3205713
3232624
3254971
3272058
3284626
3293952
3300603
709125
1305250
1804885
2161500
2406026
2592561
2734348
2848742
2941457
3017378
3079265
3129375
3170371
3203833
3230050
3250235
3265819
3278087
3287421
3293967
709744
1304954
1803778
2163310
2413168
2607017
2755978
2876626
2974848
3054611
3119058
3171577
3214323
3248715
3275642
3296837
3313186
3325312
3334373
3341132
707107
1303341
1802976
2164978
2416508
2610897
2760454
2882332
2981122
3062918
3130570
3185851
3231533
3269114
3299580
3324157
3342636
3357194
3368384
3375517
704423
1286744
1768638
2115486
2355855
2540156
2680462
2791979
2881640
2954394
3013197
3060963
3100438
3131987
3157364
3177583
3193966
3206939
3216559
3223242
711151
1308746
1810744
2169964
2419443
2613213
2761398
2880405
2977703
3056948
3121705
3174971
3218572
3254050
3283334
3306665
3324679
3338876
3348827
3356538
706391
1291360
1772725
2118639
2355434
2536484
2674314
2784177
2872263
2943063
3001132
3047358
3084622
3114247
3137778
3155296
3167992
3176654
3182561
3186398
705543
1293199
1777287
2121294
2355815
2533869
2669517
2777469
2864138
2933789
2990194
3036043
3072014
3101044
3123923
3141770
3155626
3166144
3173476
3179359
708957
1296812
1784704
2130955
2366768
2548019
2686663
2797160
2886322
2958659
3017883
3065785
3104501
3135705
3160636
3179381
3195016
3206110
3214068
3220067
700192
1287695
1777808
2138969
2395666
2592574
2744108
2866576
2966554
3047530
3113892
3167767
3211204
3246245
3274599
3297718
3314870
3328248
3338364
3345115
711624
1304368
1800267
2150403
2387363
2568269
2706248
2816586
2905389
2978033
3037864
3086385
3126531
3158994
3183624
3202810
3217517
3228220
3234698
3239531
707045
1299097
1796975
2152341
2396250
2585769
2730239
2846459
2940955
3018787
3082069
3135086
3177410
3211877
3239533
3261274
3278054
3289757
3298446
3304621
710039
1298037
1786592
2134342
2371776
2553525
2693413
2804966
2894414
2966913
3026163
3073709
3113273
3144114
3168420
3186912
3201176
3211509
3219342
3225098
704819
1293147
1784941
2139951
2388480
2581338
2729765
2850365
2948685
3029116
3095232
3149342
3194285
3230853
3259991
3283741
3301711
3315077
3325528
3332837
706880
1301402
1800969
2158353
2404696
2594094
2739792
2856984
2951858
3028625
3091717
3142203
3183301
3216623
3243049
3263308
3278732
3291160
3299936
3305758
710295
1303157
1792393
2144162
2388232
2575259
2718562
2833091
2926731
3003335
3065580
3116426
3157627
3191185
3218102
3239212
3255651
3267641
3275908
3281047
707695
1299819
1789947
2138084
2376707
2560665
2701640
2815304
2906478
2982240
3043406
3092951
3133311
3165287
3190968
3209837
3224658
3234934
3242646
3248178
703316
1289659
1775957
2128844
2374978
2566113
2713105
2831219
2927518
3005136
3068777
3120692
3163091
3197023
3224108
3245350
3261165
3272242
3280451
3286478
707082
1299473
1794938
2149539
2396496
2586989
2733524
2851951
2947700
3025406
3088875
3140172
3181340
3215196
3241544
3261413
3276443
3286932
3294734
3300606
712346
1307052
1808665
2164528
2409031
2598726
2744033
2860332
2955084
3032173
3095808
3148052
3190712
3226061
3254131
3275478
3292006
3304146
3313160
3318953
717608
1319253
1823447
2174370
2410797
2592683
2731431
2842284
2932654
3006063
3065432
3113313
3152962
3185002
3210468
3231050
3245661
3256759
3265382
3270938
704212
1293030
1787612
2142640
2388194
2578274
2724347
2841960
2937793
3016378
3080422
3134145
3177039
3211491
3239524
3260961
3277460
3289578
3298421
3305123
711730
1308554
1805786
2163986
2413232
2605505
2753024
2873001
2970901
3050513
3116165
3170270
3214775
3250854
3280549
3303860
3321779
3335759
3345968
3352883
