172
198
199
199
199
199
199
199
199
199
199
199
199
199
199
199
199
199
199
199
169
196
199
199
199
199
199
199
199
199
199
199
199
199
199
199
199
199
199
199
161
194
197
197
198
197
197
197
197
197
197
197
197
197
197
197
197
197
197
197
170
195
197
196
198
197
197
197
197
197
197
197
197
197
197
197
197
197
197
197
178
196
197
198
198
198
198
198
198
198
198
198
198
198
198
198
198
198
198
198
173
197
196
199
197
197
197
197
197
197
197
197
197
197
197
197
197
197
197
197
160
193
193
191
191
191
191
191
191
191
191
191
191
191
191
191
191
191
191
191
175
197
198
199
199
199
199
199
199
199
199
199
199
199
199
199
199
199
199
199
160
194
198
199
199
199
199
199
199
199
199
199
199
199
199
199
199
199
199
199
168
198
198
199
198
198
198
198
198
198
198
198
198
198
198
198
198
198
198
198
167
193
196
195
194
194
194
194
194
194
194
194
194
194
194
194
194
194
194
194
174
198
199
199
198
197
197
197
197
197
197
197
197
197
197
197
197
197
197
197
166
196
198
197
197
197
197
197
197
197
197
197
197
197
197
197
197
197
197
197
163
197
198
198
199
199
199
199
199
199
199
199
199
199
199
199
199
199
199
199
164
196
197
197
197
197
197
197
197
197
197
197
197
197
197
197
197
197
197
197
170
200
200
199
200
199
199
199
199
199
199
199
199
199
199
199
199
199
199
199
176
198
198
198
198
198
198
198
198
198
198
198
198
198
198
198
198
198
198
198
165
195
195
197
197
197
198
198
198
198
198
198
198
198
198
198
198
198
198
198
176
200
199
199
199
199
199
199
199
199
199
199
199
199
199
199
199
199
199
199
163
197
199
200
199
198
198
198
198
198
198
198
198
198
198
198
198
198
198
198
168
196
196
196
197
197
197
197
197
197
197
197
197
197
197
197
197
197
197
197
169
197
199
197
198
198
198
198
198
198
198
198
198
198
198
198
198
198
198
198
162
199
198
198
199
199
199
199
199
199
199
199
199
199
199
199
199
199
199
199
166
200
199
200
200
200
200
200
200
200
200
200
200
200
200
200
200
200
200
200
169
196
199
199
199
199
199
199
199
199
199
199
199
199
199
199
199
199
199
199
161
200
200
200
200
200
200
200
200
200
200
200
200
200
200
200
200
200
200
200
176
199
200
200
200
200
200
200
200
200
200
200
200
200
200
200
200
200
200
200
178
200
200
200
200
200
200
200
200
200
200
200
200
200
200
200
200
200
200
200
173
199
199
200
200
200
200
200
200
200
200
200
200
200
200
200
200
200
200
200
172
196
197
196
197
197
197
197
197
197
197
197
197
197
197
197
197
197
197
197
176
199
199
199
199
199
199
199
199
199
199
199
199
199
199
199
199
199
199
199
186
200
200
200
200
200
200
200
200
200
200
200
200
200
200
200
200
200
200
200
163
193
195
197
195
196
196
196
196
196
196
196
196
196
196
196
196
196
196
196
163
199
199
199
199
199
199
199
199
199
199
199
199
199
199
199
199
199
199
199
179
200
200
200
200
200
200
200
200
200
200
200
200
200
200
200
200
200
200
200
181
200
200
200
200
200
200
200
200
200
200
200
200
200
200
200
200
200
200
200
178
200
200
200
200
200
200
200
200
200
200
200
200
200
200
200
200
200
200
200
159
200
200
200
200
200
200
200
200
200
200
200
200
200
200
200
200
200
200
200
176
200
200
200
200
200
200
200
200
200
200
200
200
200
200
200
200
200
200
200
154
195
200
200
200
200
200
200
200
200
200
200
200
200
200
200
200
200
200
200
164
200
199
199
200
200
200
200
200
200
200
200
200
200
200
200
200
200
200
200
159
199
199
199
199
199
199
199
199
199
199
199
199
199
199
199
199
199
199
199
180
199
199
199
198
199
199
199
199
199
199
199
199
199
199
199
199
199
199
199
186
200
200
200
200
200
200
200
200
200
200
200
200
200
200
200
200
200
200
200
173
200
200
200
200
200
200
200
200
200
200
200
200
200
200
200
200
200
200
200
176
200
199
200
200
200
200
200
200
200
200
200
200
200
200
200
200
200
200
200
181
199
200
200
200
200
200
200
200
200
200
200
200
200
200
200
200
200
200
200
173
200
200
200
200
200
200
200
200
200
200
200
200
200
200
200
200
200
200
200
164
190
194
197
198
197
198
198
198
198
198
198
198
198
198
198
198
198
198
198
167
194
199
199
199
199
199
199
199
199
199
199
199
199
199
199
199
199
199
199
