136133220
219623950
266523700
288060720
295575050
297248800
297489200
297502110
297502110
297502110
297502110
297502110
297502110
297502110
297502110
297502110
297502110
297502110
297502110
297502110
135615830
218154050
264831910
286665470
294424440
296250910
296518970
296518970
296518970
296518970
296518970
296518970
296518970
296518970
296518970
296518970
296518970
296518970
296518970
296518970
138707180
224292460
272533450
295133840
303241820
305314100
305581250
305585140
305585140
305585140
305585140
305585140
305585140
305585140
305585140
305585140
305585140
305585140
305585140
305585140
136595430
219966270
267340370
289605460
297165250
298914580
299105500
299105500
299105500
299105500
299105500
299105500
299105500
299105500
299105500
299105500
299105500
299105500
299105500
299105500
137512400
221394260
268689420
290679150
298162510
299875690
300129360
300140810
300140810
300140810
300140810
300140810
300140810
300140810
300140810
300140810
300140810
300140810
300140810
300140810
136720740
220517180
268055260
289937910
297432040
299126760
299345840
299349790
299349810
299349810
299349810
299349810
299349810
299349810
299349810
299349810
299349810
299349810
299349810
299349810
136173700
219589200
267072300
288898710
296616530
298636140
298866660
298869970
298869970
298869970
298869970
298869970
298869970
298869970
298869970
298869970
298869970
298869970
298869970
298869970
137855800
222471270
270072520
292045810
299386940
301162410
301314710
301314710
301314710
301314710
301314710
301314710
301314710
301314710
301314710
301314710
301314710
301314710
301314710
301314710
135783290
218596010
265280830
287118900
294714780
296770540
297050430
297065760
297065760
297065760
297065760
297065760
297065760
297065760
297065760
297065760
297065760
297065760
297065760
297065760
135708220
218424540
265053490
286481350
294007570
295798740
295970280
295970280
295970280
295970280
295970280
295970280
295970280
295970280
295970280
295970280
295970280
295970280
295970280
295970280
137913530
222384380
269738020
291568690
299140560
301079960
301335510
301335530
301335530
301335530
301335530
301335530
301335530
301335530
301335530
301335530
301335530
301335530
301335530
301335530
136231590
219286050
266143860
287611720
295049540
296906510
297113410
297123040
297123040
297123040
297123040
297123040
297123040
297123040
297123040
297123040
297123040
297123040
297123040
297123040
136684820
220135630
266976200
288177220
295297390
297120210
297274500
297274500
297274500
297274500
297274500
297274500
297274500
297274500
297274500
297274500
297274500
297274500
297274500
297274500
136996750
220606870
267776080
289601910
297205370
298911640
299186380
299196570
299196570
299196570
299196570
299196570
299196570
299196570
299196570
299196570
299196570
299196570
299196570
299196570
136618380
220579310
268373400
290301520
297936090
299602000
299806470
299819430
299819430
299819430
299819430
299819430
299819430
299819430
299819430
299819430
299819430
299819430
299819430
299819430
136432140
219578150
266416630
288137210
295903470
297711210
297932640
297941310
297947980
297947980
297947980
297947980
297947980
297947980
297947980
297947980
297947980
297947980
297947980
297947980
137170480
220817060
268071370
289739320
296995580
298715330
298920470
298922510
298922510
298922510
298922510
298922510
298922510
298922510
298922510
298922510
298922510
298922510
298922510
298922510
137355530
221231570
268660340
290482280
297893120
299582130
299819440
299841560
299841560
299841560
299841560
299841560
299841560
299841560
299841560
299841560
299841560
299841560
299841560
299841560
136706190
219997920
266813590
288082000
295419600
297176120
297424420
297424420
297424420
297424420
297424420
297424420
297424420
297424420
297424420
297424420
297424420
297424420
297424420
297424420
138791170
224172470
272823380
295662740
303785310
305967380
306244940
306259050
306259050
306259050
306259050
306259050
306259050
306259050
306259050
306259050
306259050
306259050
306259050
306259050
135678540
217909560
264208830
285301080
292362060
293880600
294042660
294054160
294054160
294054160
294054160
294054160
294054160
294054160
294054160
294054160
294054160
294054160
294054160
294054160
137215870
220973390
268919870
290808780
298404020
300266760
300487320
300497020
300497020
300497020
300497020
300497020
300497020
300497020
300497020
300497020
300497020
300497020
300497020
300497020
136956550
221210820
268715900
290748490
298347190
299975470
300127470
300127470
300127470
300127470
300127470
300127470
300127470
300127470
300127470
300127470
300127470
300127470
300127470
300127470
136270310
219738240
267086620
288975160
296602980
298427480
298623070
298626510
298626510
298626510
298626510
298626510
298626510
298626510
298626510
298626510
298626510
298626510
298626510
298626510
136463210
219465880
266232460
287952280
295509470
297330960
297520060
297528330
297528330
297528330
297528330
297528330
297528330
297528330
297528330
297528330
297528330
297528330
297528330
297528330
138497190
222540240
270344330
292034870
299881890
301854490
302202710
302221290
302221290
302221290
302221290
302221290
302221290
302221290
302221290
302221290
302221290
302221290
302221290
302221290
138134510
223244770
271919840
294155050
301889170
303396600
303502830
303502830
303502830
303502830
303502830
303502830
303502830
303502830
303502830
303502830
303502830
303502830
303502830
303502830
140579420
228340620
278373180
300465040
307055940
308224540
308337460
308348410
308348410
308348410
308348410
308348410
308348410
308348410
308348410
308348410
308348410
308348410
308348410
308348410
138757600
224517980
273538510
295757590
302956050
304501440
304568540
304568540
304568540
304568540
304568540
304568540
304568540
304568540
304568540
304568540
304568540
304568540
304568540
304568540
140898680
228944360
279627920
302668680
310222400
311649610
311774220
311774220
311774220
311774220
311774220
311774220
311774220
311774220
311774220
311774220
311774220
311774220
311774220
311774220
144653780
238193010
291979930
314062500
319580380
320511390
320522140
320522140
320522140
320522140
320522140
320522140
320522140
320522140
320522140
320522140
320522140
320522140
320522140
320522140
140653350
228917540
279561060
302211860
309243600
310617460
310673250
310673250
310673250
310673250
310673250
310673250
310673250
310673250
310673250
310673250
310673250
310673250
310673250
310673250
138705330
221597110
267192050
287312830
294198510
295706010
295846560
295849630
295849630
295849630
295849630
295849630
295849630
295849630
295849630
295849630
295849630
295849630
295849630
295849630
138846120
222061910
267475040
287597140
294453840
296405480
296807060
296832250
296832250
296832250
296832250
296832250
296832250
296832250
296832250
296832250
296832250
296832250
296832250
296832250
136773600
221632790
271135020
293344840
300164280
301479290
301549660
301549660
301549660
301549660
301549660
301549660
301549660
301549660
301549660
301549660
301549660
301549660
301549660
301549660
137025000
219728690
265805010
285740270
291948600
293132320
293257410
293268350
293268350
293268350
293268350
293268350
293268350
293268350
293268350
293268350
293268350
293268350
293268350
293268350
139131430
224660550
272258320
292271200
298181420
299541700
299627210
299627210
299627210
299627210
299627210
299627210
299627210
299627210
299627210
299627210
299627210
299627210
299627210
299627210
136588040
217502230
261615440
282495240
290047610
292127030
292513870
292543040
292543040
292543040
292543040
292543040
292543040
292543040
292543040
292543040
292543040
292543040
292543040
292543040
141341380
229929730
280768710
303552140
310899580
312604780
312787390
312787390
312787390
312787390
312787390
312787390
312787390
312787390
312787390
312787390
312787390
312787390
312787390
312787390
145834650
238523380
291338530
313206170
318583380
319376690
319406200
319406200
319406200
319406200
319406200
319406200
319406200
319406200
319406200
319406200
319406200
319406200
319406200
319406200
142479970
232105340
282195080
303635910
309890130
310918360
311035240
311043560
311043560
311043560
311043560
311043560
311043560
311043560
311043560
311043560
311043560
311043560
311043560
311043560
141576580
228504290
276793810
299562550
307472390
309388950
309695630
309711620
309711620
309711620
309711620
309711620
309711620
309711620
309711620
309711620
309711620
309711620
309711620
309711620
141944230
232310320
284123630
307342790
314632060
316125250
316262820
316262820
316262820
316262820
316262820
316262820
316262820
316262820
316262820
316262820
316262820
316262820
316262820
316262820
139829250
227007210
276463000
297906060
304408420
305648230
305777680
305777680
305777680
305777680
305777680
305777680
305777680
305777680
305777680
305777680
305777680
305777680
305777680
305777680
139740640
224967880
273237140
295621780
303430860
305142000
305285910
305305050
305305050
305305050
305305050
305305050
305305050
305305050
305305050
305305050
305305050
305305050
305305050
305305050
143640960
235014950
286531030
308884670
315757350
317348220
317485900
317485900
317485900
317485900
317485900
317485900
317485900
317485900
317485900
317485900
317485900
317485900
317485900
317485900
137249470
221746840
268937280
291481890
299203540
301066370
301276960
301276960
301276960
301276960
301276960
301276960
301276960
301276960
301276960
301276960
301276960
301276960
301276960
301276960
138532300
224190020
272822520
294005750
300482430
301926250
302061350
302069870
302069870
302069870
302069870
302069870
302069870
302069870
302069870
302069870
302069870
302069870
302069870
302069870
138267540
220010080
264429910
285633810
293727500
296253600
296773540
296791030
296791030
296791030
296791030
296791030
296791030
296791030
296791030
296791030
296791030
296791030
296791030
296791030
134740220
214063170
257959050
278312300
285969300
288090430
288487070
288510310
288510310
288510310
288510310
288510310
288510310
288510310
288510310
288510310
288510310
288510310
288510310
288510310
