911647
1302387
1495422
1585245
1619187
1627894
1629226
1629288
1629288
1629288
1629288
1629288
1629288
1629288
1629288
1629288
1629288
1629288
1629288
1629288
912955
1305352
1499982
1591199
1626475
1635877
1637443
1637443
1637443
1637443
1637443
1637443
1637443
1637443
1637443
1637443
1637443
1637443
1637443
1637443
928476
1334684
1535456
1629203
1665724
1676359
1677891
1677924
1677924
1677924
1677924
1677924
1677924
1677924
1677924
1677924
1677924
1677924
1677924
1677924
919805
1317631
1514199
1606447
1640433
1649479
1650552
1650552
1650552
1650552
1650552
1650552
1650552
1650552
1650552
1650552
1650552
1650552
1650552
1650552
925875
1326682
1524509
1616332
1650535
1659398
1660823
1660881
1660881
1660881
1660881
1660881
1660881
1660881
1660881
1660881
1660881
1660881
1660881
1660881
913881
1307565
1502959
1593563
1627593
1636395
1637619
1637646
1637647
1637647
1637647
1637647
1637647
1637647
1637647
1637647
1637647
1637647
1637647
1637647
913748
1306054
1501723
1592565
1627638
1637863
1639188
1639209
1639209
1639209
1639209
1639209
1639209
1639209
1639209
1639209
1639209
1639209
1639209
1639209
919927
1318067
1514252
1605429
1639143
1648348
1649193
1649193
1649193
1649193
1649193
1649193
1649193
1649193
1649193
1649193
1649193
1649193
1649193
1649193
913254
1303979
1498293
1590092
1624860
1635280
1636851
1636934
1636934
1636934
1636934
1636934
1636934
1636934
1636934
1636934
1636934
1636934
1636934
1636934
912043
1301816
1494874
1584727
1619127
1628394
1629450
1629450
1629450
1629450
1629450
1629450
1629450
1629450
1629450
1629450
1629450
1629450
1629450
1629450
924664
1324706
1522124
1613287
1648035
1658073
1659546
1659547
1659547
1659547
1659547
1659547
1659547
1659547
1659547
1659547
1659547
1659547
1659547
1659547
915065
1309004
1503083
1592378
1626033
1635567
1636730
1636787
1636787
1636787
1636787
1636787
1636787
1636787
1636787
1636787
1636787
1636787
1636787
1636787
917337
1312322
1507395
1596014
1628868
1638425
1639290
1639290
1639290
1639290
1639290
1639290
1639290
1639290
1639290
1639290
1639290
1639290
1639290
1639290
918233
1313693
1508825
1600004
1634721
1643672
1645235
1645295
1645295
1645295
1645295
1645295
1645295
1645295
1645295
1645295
1645295
1645295
1645295
1645295
917685
1316173
1513538
1604651
1639287
1648053
1649221
1649296
1649296
1649296
1649296
1649296
1649296
1649296
1649296
1649296
1649296
1649296
1649296
1649296
914267
1307382
1501334
1592008
1627347
1636847
1638100
1638149
1638187
1638187
1638187
1638187
1638187
1638187
1638187
1638187
1638187
1638187
1638187
1638187
921956
1320514
1516227
1606580
1639545
1648534
1649692
1649708
1649708
1649708
1649708
1649708
1649708
1649708
1649708
1649708
1649708
1649708
1649708
1649708
919950
1317348
1513616
1604141
1638022
1646872
1648152
1648257
1648257
1648257
1648257
1648257
1648257
1648257
1648257
1648257
1648257
1648257
1648257
1648257
917755
1312776
1507507
1596578
1629995
1639244
1640671
1640671
1640671
1640671
1640671
1640671
1640671
1640671
1640671
1640671
1640671
1640671
1640671
1640671
933150
1340133
1542934
1638107
1674818
1685868
1687395
1687474
1687474
1687474
1687474
1687474
1687474
1687474
1687474
1687474
1687474
1687474
1687474
1687474
915864
1308771
1502562
1591187
1623496
1631592
1632575
1632647
1632647
1632647
1632647
1632647
1632647
1632647
1632647
1632647
1632647
1632647
1632647
1632647
921087
1318616
1517163
1608861
1643400
1653033
1654256
1654320
1654320
1654320
1654320
1654320
1654320
1654320
1654320
1654320
1654320
1654320
1654320
1654320
917407
1315822
1512758
1604255
1638890
1647331
1648218
1648218
1648218
1648218
1648218
1648218
1648218
1648218
1648218
1648218
1648218
1648218
1648218
1648218
914790
1309602
1505336
1596225
1630861
1640257
1641362
1641392
1641392
1641392
1641392
1641392
1641392
1641392
1641392
1641392
1641392
1641392
1641392
1641392
915427
1308971
1503389
1594187
1628584
1638079
1639162
1639218
1639218
1639218
1639218
1639218
1639218
1639218
1639218
1639218
1639218
1639218
1639218
1639218
932468
1337155
1535214
1625370
1660539
1670693
1672647
1672768
1672768
1672768
1672768
1672768
1672768
1672768
1672768
1672768
1672768
1672768
1672768
1672768
933965
1344028
1545735
1638227
1672988
1680943
1681573
1681573
1681573
1681573
1681573
1681573
1681573
1681573
1681573
1681573
1681573
1681573
1681573
1681573
950613
1378713
1587609
1679671
1710061
1716479
1717132
1717199
1717199
1717199
1717199
1717199
1717199
1717199
1717199
1717199
1717199
1717199
1717199
1717199
935125
1346870
1550591
1643459
1676555
1684693
1685106
1685106
1685106
1685106
1685106
1685106
1685106
1685106
1685106
1685106
1685106
1685106
1685106
1685106
946375
1372200
1581630
1676920
1711289
1718937
1719697
1719697
1719697
1719697
1719697
1719697
1719697
1719697
1719697
1719697
1719697
1719697
1719697
1719697
984979
1456365
1682579
1773422
1799122
1804448
1804518
1804518
1804518
1804518
1804518
1804518
1804518
1804518
1804518
1804518
1804518
1804518
1804518
1804518
952350
1382218
1591655
1684689
1716691
1724037
1724359
1724359
1724359
1724359
1724359
1724359
1724359
1724359
1724359
1724359
1724359
1724359
1724359
1724359
930132
1327431
1517779
1602635
1634394
1642288
1643140
1643165
1643165
1643165
1643165
1643165
1643165
1643165
1643165
1643165
1643165
1643165
1643165
1643165
934810
1338759
1529131
1613971
1645332
1655208
1657387
1657551
1657551
1657551
1657551
1657551
1657551
1657551
1657551
1657551
1657551
1657551
1657551
1657551
922180
1330181
1534649
1626542
1657798
1664908
1665305
1665305
1665305
1665305
1665305
1665305
1665305
1665305
1665305
1665305
1665305
1665305
1665305
1665305
918841
1316887
1507702
1591264
1619854
1626232
1626895
1626952
1626952
1626952
1626952
1626952
1626952
1626952
1626952
1626952
1626952
1626952
1626952
1626952
934859
1351206
1550174
1634281
1661752
1669067
1669593
1669593
1669593
1669593
1669593
1669593
1669593
1669593
1669593
1669593
1669593
1669593
1669593
1669593
919560
1307440
1492786
1580628
1615408
1626163
1628260
1628421
1628421
1628421
1628421
1628421
1628421
1628421
1628421
1628421
1628421
1628421
1628421
1628421
953610
1384775
1597168
1691723
1724904
1733668
1734692
1734692
1734692
1734692
1734692
1734692
1734692
1734692
1734692
1734692
1734692
1734692
1734692
1734692
990362
1462916
1686655
1776154
1801066
1805645
1805813
1805813
1805813
1805813
1805813
1805813
1805813
1805813
1805813
1805813
1805813
1805813
1805813
1805813
965483
1410783
1622103
1711521
1740039
1745641
1746306
1746341
1746341
1746341
1746341
1746341
1746341
1746341
1746341
1746341
1746341
1746341
1746341
1746341
954327
1377176
1578548
1672270
1707970
1717853
1719562
1719659
1719659
1719659
1719659
1719659
1719659
1719659
1719659
1719659
1719659
1719659
1719659
1719659
960653
1401203
1618302
1714446
1747791
1755595
1756381
1756381
1756381
1756381
1756381
1756381
1756381
1756381
1756381
1756381
1756381
1756381
1756381
1756381
944362
1367453
1573422
1662682
1692540
1699035
1699765
1699765
1699765
1699765
1699765
1699765
1699765
1699765
1699765
1699765
1699765
1699765
1699765
1699765
943798
1357732
1557400
1650174
1685335
1694306
1695185
1695294
1695294
1695294
1695294
1695294
1695294
1695294
1695294
1695294
1695294
1695294
1695294
1695294
978647
1434309
1651848
1744674
1775643
1783918
1784719
1784719
1784719
1784719
1784719
1784719
1784719
1784719
1784719
1784719
1784719
1784719
1784719
1784719
931740
1338798
1537033
1630670
1665698
1675237
1676413
1676413
1676413
1676413
1676413
1676413
1676413
1676413
1676413
1676413
1676413
1676413
1676413
1676413
938696
1355224
1558418
1646628
1676478
1684077
1684815
1684859
1684859
1684859
1684859
1684859
1684859
1684859
1684859
1684859
1684859
1684859
1684859
1684859
930788
1321113
1505984
1594906
1631673
1644551
1647460
1647563
1647563
1647563
1647563
1647563
1647563
1647563
1647563
1647563
1647563
1647563
1647563
1647563
906968
1286860
1469786
1555329
1590116
1600921
1603182
1603302
1603302
1603302
1603302
1603302
1603302
1603302
1603302
1603302
1603302
1603302
1603302
1603302
