911647.0
1158899.0
1276166.0
1318341.0
1328153.0
1329708.0
1329852.0
1329858.0
1329858.0
1329858.0
1329858.0
1329858.0
1329858.0
1329858.0
1329858.0
1329858.0
1329858.0
1329858.0
1329858.0
1329858.0
912955.0
1161980.0
1281558.0
1325069.0
1335615.0
1337245.0
1337477.0
1337477.0
1337477.0
1337477.0
1337477.0
1337477.0
1337477.0
1337477.0
1337477.0
1337477.0
1337477.0
1337477.0
1337477.0
1337477.0
928476.0
1187972.0
1311892.0
1356735.0
1367642.0
1369513.0
1369737.0
1369750.0
1369750.0
1369750.0
1369750.0
1369750.0
1369750.0
1369750.0
1369750.0
1369750.0
1369750.0
1369750.0
1369750.0
1369750.0
919805.0
1174651.0
1296089.0
1339783.0
1349403.0
1350867.0
1351000.0
1351000.0
1351000.0
1351000.0
1351000.0
1351000.0
1351000.0
1351000.0
1351000.0
1351000.0
1351000.0
1351000.0
1351000.0
1351000.0
925875.0
1183154.0
1305559.0
1349094.0
1358955.0
1360660.0
1360883.0
1360891.0
1360891.0
1360891.0
1360891.0
1360891.0
1360891.0
1360891.0
1360891.0
1360891.0
1360891.0
1360891.0
1360891.0
1360891.0
913881.0
1164919.0
1284757.0
1327111.0
1336903.0
1338471.0
1338649.0
1338662.0
1338663.0
1338663.0
1338663.0
1338663.0
1338663.0
1338663.0
1338663.0
1338663.0
1338663.0
1338663.0
1338663.0
1338663.0
913748.0
1162638.0
1282373.0
1324923.0
1335320.0
1336921.0
1337180.0
1337187.0
1337187.0
1337187.0
1337187.0
1337187.0
1337187.0
1337187.0
1337187.0
1337187.0
1337187.0
1337187.0
1337187.0
1337187.0
919927.0
1173555.0
1293400.0
1336139.0
1345755.0
1347614.0
1347693.0
1347693.0
1347693.0
1347693.0
1347693.0
1347693.0
1347693.0
1347693.0
1347693.0
1347693.0
1347693.0
1347693.0
1347693.0
1347693.0
913254.0
1160749.0
1279905.0
1323766.0
1333860.0
1335832.0
1336033.0
1336054.0
1336054.0
1336054.0
1336054.0
1336054.0
1336054.0
1336054.0
1336054.0
1336054.0
1336054.0
1336054.0
1336054.0
1336054.0
912043.0
1160008.0
1278048.0
1320785.0
1330491.0
1332048.0
1332144.0
1332144.0
1332144.0
1332144.0
1332144.0
1332144.0
1332144.0
1332144.0
1332144.0
1332144.0
1332144.0
1332144.0
1332144.0
1332144.0
924664.0
1182320.0
1304472.0
1347785.0
1358233.0
1359885.0
1360048.0
1360049.0
1360049.0
1360049.0
1360049.0
1360049.0
1360049.0
1360049.0
1360049.0
1360049.0
1360049.0
1360049.0
1360049.0
1360049.0
915065.0
1166004.0
1286213.0
1328292.0
1337849.0
1339757.0
1339932.0
1339943.0
1339943.0
1339943.0
1339943.0
1339943.0
1339943.0
1339943.0
1339943.0
1339943.0
1339943.0
1339943.0
1339943.0
1339943.0
917337.0
1167618.0
1286193.0
1328082.0
1337408.0
1338995.0
1339158.0
1339158.0
1339158.0
1339158.0
1339158.0
1339158.0
1339158.0
1339158.0
1339158.0
1339158.0
1339158.0
1339158.0
1339158.0
1339158.0
918233.0
1169779.0
1289221.0
1333024.0
1343111.0
1344600.0
1344789.0
1344793.0
1344793.0
1344793.0
1344793.0
1344793.0
1344793.0
1344793.0
1344793.0
1344793.0
1344793.0
1344793.0
1344793.0
1344793.0
917685.0
1170229.0
1291134.0
1334571.0
1344815.0
1346365.0
1346519.0
1346548.0
1346548.0
1346548.0
1346548.0
1346548.0
1346548.0
1346548.0
1346548.0
1346548.0
1346548.0
1346548.0
1346548.0
1346548.0
914267.0
1163240.0
1282324.0
1325494.0
1335977.0
1337751.0
1337920.0
1337931.0
1337937.0
1337937.0
1337937.0
1337937.0
1337937.0
1337937.0
1337937.0
1337937.0
1337937.0
1337937.0
1337937.0
1337937.0
921956.0
1176078.0
1296831.0
1339206.0
1348401.0
1350248.0
1350348.0
1350360.0
1350360.0
1350360.0
1350360.0
1350360.0
1350360.0
1350360.0
1350360.0
1350360.0
1350360.0
1350360.0
1350360.0
1350360.0
919950.0
1172464.0
1293212.0
1335491.0
1345668.0
1347286.0
1347428.0
1347441.0
1347441.0
1347441.0
1347441.0
1347441.0
1347441.0
1347441.0
1347441.0
1347441.0
1347441.0
1347441.0
1347441.0
1347441.0
917755.0
1169380.0
1288449.0
1329654.0
1339241.0
1340790.0
1340997.0
1340997.0
1340997.0
1340997.0
1340997.0
1340997.0
1340997.0
1340997.0
1340997.0
1340997.0
1340997.0
1340997.0
1340997.0
1340997.0
933150.0
1195451.0
1322204.0
1368793.0
1379686.0
1381760.0
1382043.0
1382046.0
1382046.0
1382046.0
1382046.0
1382046.0
1382046.0
1382046.0
1382046.0
1382046.0
1382046.0
1382046.0
1382046.0
1382046.0
915864.0
1165083.0
1282726.0
1323085.0
1332002.0
1333286.0
1333435.0
1333425.0
1333425.0
1333425.0
1333425.0
1333425.0
1333425.0
1333425.0
1333425.0
1333425.0
1333425.0
1333425.0
1333425.0
1333425.0
921087.0
1175322.0
1297107.0
1341313.0
1350966.0
1352681.0
1352886.0
1352888.0
1352888.0
1352888.0
1352888.0
1352888.0
1352888.0
1352888.0
1352888.0
1352888.0
1352888.0
1352888.0
1352888.0
1352888.0
917407.0
1170914.0
1291702.0
1334807.0
1345138.0
1346611.0
1346746.0
1346746.0
1346746.0
1346746.0
1346746.0
1346746.0
1346746.0
1346746.0
1346746.0
1346746.0
1346746.0
1346746.0
1346746.0
1346746.0
914790.0
1165400.0
1285404.0
1328969.0
1339369.0
1341199.0
1341366.0
1341370.0
1341370.0
1341370.0
1341370.0
1341370.0
1341370.0
1341370.0
1341370.0
1341370.0
1341370.0
1341370.0
1341370.0
1341370.0
915427.0
1165873.0
1284641.0
1327265.0
1337300.0
1339025.0
1339154.0
1339154.0
1339154.0
1339154.0
1339154.0
1339154.0
1339154.0
1339154.0
1339154.0
1339154.0
1339154.0
1339154.0
1339154.0
1339154.0
932468.0
1191229.0
1312438.0
1355868.0
1366387.0
1368257.0
1368563.0
1368584.0
1368584.0
1368584.0
1368584.0
1368584.0
1368584.0
1368584.0
1368584.0
1368584.0
1368584.0
1368584.0
1368584.0
1368584.0
933965.0
1199144.0
1325297.0
1370953.0
1381180.0
1382611.0
1382639.0
1382639.0
1382639.0
1382639.0
1382639.0
1382639.0
1382639.0
1382639.0
1382639.0
1382639.0
1382639.0
1382639.0
1382639.0
1382639.0
950613.0
1230581.0
1363199.0
1408709.0
1417197.0
1418181.0
1418278.0
1418307.0
1418307.0
1418307.0
1418307.0
1418307.0
1418307.0
1418307.0
1418307.0
1418307.0
1418307.0
1418307.0
1418307.0
1418307.0
935125.0
1201236.0
1328883.0
1373461.0
1382461.0
1384063.0
1384088.0
1384088.0
1384088.0
1384088.0
1384088.0
1384088.0
1384088.0
1384088.0
1384088.0
1384088.0
1384088.0
1384088.0
1384088.0
1384088.0
946375.0
1226050.0
1358748.0
1404920.0
1414143.0
1415543.0
1415665.0
1415665.0
1415665.0
1415665.0
1415665.0
1415665.0
1415665.0
1415665.0
1415665.0
1415665.0
1415665.0
1415665.0
1415665.0
1415665.0
984979.0
1304997.0
1451905.0
1495972.0
1502386.0
1503232.0
1503244.0
1503244.0
1503244.0
1503244.0
1503244.0
1503244.0
1503244.0
1503244.0
1503244.0
1503244.0
1503244.0
1503244.0
1503244.0
1503244.0
952350.0
1234960.0
1368915.0
1414483.0
1423821.0
1425293.0
1425329.0
1425329.0
1425329.0
1425329.0
1425329.0
1425329.0
1425329.0
1425329.0
1425329.0
1425329.0
1425329.0
1425329.0
1425329.0
1425329.0
930132.0
1183997.0
1299575.0
1338723.0
1347514.0
1348972.0
1349062.0
1349059.0
1349059.0
1349059.0
1349059.0
1349059.0
1349059.0
1349059.0
1349059.0
1349059.0
1349059.0
1349059.0
1349059.0
1349059.0
934810.0
1195091.0
1309711.0
1348543.0
1357904.0
1359870.0
1360241.0
1360241.0
1360241.0
1360241.0
1360241.0
1360241.0
1360241.0
1360241.0
1360241.0
1360241.0
1360241.0
1360241.0
1360241.0
1360241.0
922180.0
1185867.0
1314535.0
1359438.0
1368294.0
1369446.0
1369475.0
1369475.0
1369475.0
1369475.0
1369475.0
1369475.0
1369475.0
1369475.0
1369475.0
1369475.0
1369475.0
1369475.0
1369475.0
1369475.0
918841.0
1173967.0
1290270.0
1328736.0
1336284.0
1337526.0
1337645.0
1337654.0
1337654.0
1337654.0
1337654.0
1337654.0
1337654.0
1337654.0
1337654.0
1337654.0
1337654.0
1337654.0
1337654.0
1337654.0
934859.0
1204136.0
1326250.0
1365511.0
1372478.0
1373617.0
1373687.0
1373687.0
1373687.0
1373687.0
1373687.0
1373687.0
1373687.0
1373687.0
1373687.0
1373687.0
1373687.0
1373687.0
1373687.0
1373687.0
919560.0
1164464.0
1275386.0
1314742.0
1324446.0
1326425.0
1326704.0
1326725.0
1326725.0
1326725.0
1326725.0
1326725.0
1326725.0
1326725.0
1326725.0
1326725.0
1326725.0
1326725.0
1326725.0
1326725.0
953610.0
1235369.0
1370118.0
1416615.0
1426684.0
1428348.0
1428436.0
1428436.0
1428436.0
1428436.0
1428436.0
1428436.0
1428436.0
1428436.0
1428436.0
1428436.0
1428436.0
1428436.0
1428436.0
1428436.0
990362.0
1311192.0
1454789.0
1497452.0
1503698.0
1504609.0
1504617.0
1504617.0
1504617.0
1504617.0
1504617.0
1504617.0
1504617.0
1504617.0
1504617.0
1504617.0
1504617.0
1504617.0
1504617.0
1504617.0
965483.0
1260649.0
1393277.0
1436117.0
1444351.0
1445371.0
1445426.0
1445425.0
1445425.0
1445425.0
1445425.0
1445425.0
1445425.0
1445425.0
1445425.0
1445425.0
1445425.0
1445425.0
1445425.0
1445425.0
954327.0
1231230.0
1356964.0
1403168.0
1413614.0
1415317.0
1415488.0
1415507.0
1415507.0
1415507.0
1415507.0
1415507.0
1415507.0
1415507.0
1415507.0
1415507.0
1415507.0
1415507.0
1415507.0
1415507.0
960653.0
1251949.0
1390918.0
1438212.0
1448319.0
1449833.0
1449965.0
1449965.0
1449965.0
1449965.0
1449965.0
1449965.0
1449965.0
1449965.0
1449965.0
1449965.0
1449965.0
1449965.0
1449965.0
1449965.0
944362.0
1220195.0
1350026.0
1392922.0
1401540.0
1402707.0
1402777.0
1402777.0
1402777.0
1402777.0
1402777.0
1402777.0
1402777.0
1402777.0
1402777.0
1402777.0
1402777.0
1402777.0
1402777.0
1402777.0
943798.0
1212608.0
1336294.0
1381980.0
1393069.0
1394748.0
1394851.0
1394858.0
1394858.0
1394858.0
1394858.0
1394858.0
1394858.0
1394858.0
1394858.0
1394858.0
1394858.0
1394858.0
1394858.0
1394858.0
978647.0
1284809.0
1426438.0
1472712.0
1481949.0
1483630.0
1483733.0
1483733.0
1483733.0
1483733.0
1483733.0
1483733.0
1483733.0
1483733.0
1483733.0
1483733.0
1483733.0
1483733.0
1483733.0
1483733.0
931740.0
1191944.0
1314899.0
1360024.0
1370040.0
1371655.0
1371935.0
1371935.0
1371935.0
1371935.0
1371935.0
1371935.0
1371935.0
1371935.0
1371935.0
1371935.0
1371935.0
1371935.0
1371935.0
1371935.0
938696.0
1209466.0
1337662.0
1379714.0
1388276.0
1389649.0
1389743.0
1389755.0
1389755.0
1389755.0
1389755.0
1389755.0
1389755.0
1389755.0
1389755.0
1389755.0
1389755.0
1389755.0
1389755.0
1389755.0
930788.0
1178383.0
1286596.0
1326910.0
1337531.0
1339939.0
1340330.0
1340343.0
1340343.0
1340343.0
1340343.0
1340343.0
1340343.0
1340343.0
1340343.0
1340343.0
1340343.0
1340343.0
1340343.0
1340343.0
906968.0
1145292.0
1253104.0
1292209.0
1302548.0
1304603.0
1305012.0
1305034.0
1305034.0
1305034.0
1305034.0
1305034.0
1305034.0
1305034.0
1305034.0
1305034.0
1305034.0
1305034.0
1305034.0
1305034.0
