32
60
90
132
173
189
199
200
200
200
200
200
200
200
200
200
200
200
200
200
19
46
71
118
169
186
192
196
199
198
198
198
198
199
199
199
199
199
199
199
21
38
57
96
155
181
193
196
197
197
197
197
197
198
198
198
198
198
198
198
26
49
72
128
170
194
196
197
199
199
199
199
198
198
199
199
199
199
198
198
21
46
70
118
165
185
190
193
196
197
197
198
197
197
198
197
196
196
196
196
25
48
80
118
160
186
194
195
197
197
198
197
198
198
198
198
198
198
198
198
23
47
66
109
162
183
190
193
193
196
195
196
194
196
195
195
196
196
196
195
18
33
61
107
168
182
193
196
197
198
197
198
197
197
197
197
197
197
197
197
26
41
62
117
161
183
192
198
198
199
199
199
199
199
199
199
199
199
199
199
20
44
70
129
171
187
193
196
197
197
198
198
198
198
198
198
198
198
198
198
23
38
62
114
172
188
193
194
195
196
195
194
194
194
194
194
195
195
195
195
24
54
74
117
162
187
196
197
196
197
198
198
199
199
199
198
199
199
199
199
21
35
57
112
161
187
194
195
196
196
197
197
198
198
198
198
198
198
198
198
18
38
57
103
161
185
196
196
197
197
198
197
197
197
197
197
198
197
197
198
22
46
66
118
161
188
192
196
196
196
196
196
196
196
196
196
196
196
196
196
33
41
66
122
177
192
194
196
198
197
199
199
199
199
198
199
199
199
199
199
24
45
67
128
170
192
197
199
200
200
200
200
200
200
200
200
200
200
200
200
18
47
67
109
162
184
191
193
194
195
195
195
195
194
194
195
194
195
195
195
21
50
75
117
169
191
196
199
200
200
199
199
199
199
199
199
199
199
199
199
14
31
50
97
154
176
187
193
198
198
198
199
198
198
198
198
198
198
198
198
28
48
69
115
158
184
193
197
197
197
197
197
197
197
197
197
197
197
197
197
14
34
58
116
156
182
193
196
196
197
198
198
199
199
198
199
198
198
199
199
18
40
62
115
161
182
192
194
195
197
197
198
198
198
199
199
199
198
199
199
25
41
61
113
163
188
195
197
197
197
197
197
198
198
198
198
198
198
198
198
20
46
66
109
163
189
193
197
198
197
197
197
197
197
198
197
198
197
197
197
18
47
67
118
171
194
197
199
199
199
200
200
200
200
200
200
200
200
200
200
17
40
70
126
175
193
197
200
200
200
200
200
200
200
200
200
200
200
200
200
20
47
75
120
175
195
198
199
199
199
199
199
199
199
199
199
199
199
199
199
23
33
58
130
174
191
198
200
200
200
200
200
200
200
200
200
200
200
200
200
17
39
58
117
173
195
198
198
197
199
199
199
199
199
199
199
199
199
199
199
24
40
60
110
165
183
193
198
199
199
200
200
200
200
200
200
200
200
200
200
22
44
67
147
186
197
200
200
200
200
200
200
200
200
200
200
200
200
200
200
15
37
54
118
168
184
195
196
197
197
197
197
197
197
197
197
197
197
197
197
23
54
70
118
162
186
197
198
198
198
198
197
197
198
198
198
198
198
198
198
18
43
67
124
177
192
196
198
200
200
200
200
200
200
200
200
200
200
200
200
18
42
69
127
178
196
199
200
200
200
200
200
200
200
200
200
200
200
200
200
20
38
57
124
170
194
200
200
200
200
200
200
200
200
200
200
200
200
200
200
21
35
54
107
162
189
198
200
200
200
200
200
200
200
200
200
200
200
200
200
21
42
57
132
179
192
200
200
200
200
200
200
200
200
200
200
200
200
200
200
23
39
56
111
159
191
198
199
198
199
200
199
199
199
199
199
199
199
199
199
21
42
58
121
169
188
198
198
199
199
200
200
200
200
200
200
200
200
200
200
24
50
68
110
154
184
197
199
200
200
200
200
200
200
200
200
200
200
200
200
24
47
65
124
168
195
199
199
199
199
200
200
200
200
200
200
200
200
200
200
20
42
77
143
179
199
200
200
200
200
200
200
200
200
200
200
200
200
200
200
16
42
65
138
176
198
200
200
200
200
200
200
200
200
200
200
200
200
200
200
26
40
58
123
176
191
198
200
200
200
200
200
200
200
200
200
200
200
200
200
25
44
69
130
172
194
197
200
200
200
200
200
200
200
200
200
200
200
200
200
23
45
65
136
170
195
198
200
200
200
200
200
200
200
200
200
200
200
200
200
21
35
52
107
158
182
190
191
192
191
191
191
192
192
193
192
193
193
192
192
21
49
67
109
164
189
195
199
199
199
199
199
199
199
199
199
199
199
199
199
