252968380
483622780
652030590
778155060
874757070
954479190
1021074880
1076950540
1122768480
1160475330
1191430590
1216222760
1235454190
1250414830
1262091250
1270799100
1277152970
1281293860
1283779240
1285020710
253474110
484287980
652130410
777385500
873009300
951920970
1018019160
1073256030
1118515980
1155522000
1185926940
1210624650
1229900830
1245056990
1256600960
1265290860
1271525170
1275804300
1278308040
1279751200
252424950
482449210
652471110
781308010
880282130
962152830
1030577260
1088289790
1135885160
1175176670
1207588630
1233805850
1254507310
1270650800
1283294010
1292899810
1299921270
1304641600
1307700100
1309380700
252781790
483282700
651867890
778621150
875765930
956312200
1022939300
1078968940
1125092480
1163341450
1194577230
1219849450
1239217830
1254291890
1265864060
1274237900
1280294460
1284482660
1287211050
1288685000
252879050
483620340
652785080
780343750
877768040
958121460
1025705290
1082207490
1128378860
1166635740
1197889960
1223128700
1242600900
1257898380
1269995870
1279263160
1285883180
1290309760
1293120050
1294686150
252793190
483317410
652148350
778906350
876192830
956559000
1024054710
1080566110
1126931050
1165172290
1196506700
1221859940
1241240650
1256351350
1267835590
1276515310
1282892390
1287104570
1289706620
1291321860
253126290
483580490
651750450
777475370
873858700
953829220
1020129770
1076037450
1121920510
1159706270
1190873350
1215986310
1235738320
1251332720
1263400550
1272664550
1279328580
1284102150
1286956790
1288650650
252410350
482028780
651493310
778980090
876927110
958295870
1026395580
1083198240
1130006890
1168586550
1200480380
1225761560
1245556270
1261012930
1273036240
1282017740
1288491750
1292843230
1295600470
1297352710
253494830
484224620
652625160
778114400
874177050
953371270
1019377310
1075085980
1120714930
1158324780
1189468660
1214426840
1234290940
1250051010
1262210350
1271435810
1278064060
1282562570
1285464140
1287235630
253244180
483819260
652542890
778670160
875269390
954824320
1021140030
1076883660
1122770300
1160544680
1191563450
1216260960
1235626650
1250769800
1262920870
1271856220
1278253940
1282521110
1285254440
1286799440
252329060
482603870
652201140
779987520
878277080
959625340
1027626120
1084666850
1131785870
1170847230
1202756240
1228400390
1248273560
1263904150
1275954980
1285079890
1291612780
1296037700
1298787430
1300374020
252927560
483314240
651938990
778212420
875036110
955108610
1021874160
1077794230
1124073330
1161934220
1193119630
1217988510
1237558120
1252834050
1264563240
1273427700
1279848210
1284136950
1286784200
1288311390
252724450
483072540
651761060
778536360
875506660
955488800
1021966900
1077664010
1124048680
1161918730
1193072320
1218014150
1237569850
1252735140
1264561590
1273473280
1280086880
1284478790
1287229400
1288762380
252759570
482927840
651521050
778580700
875581750
956292820
1023236230
1079506560
1125645340
1163572140
1194733480
1219479420
1238786120
1254088670
1266078800
1275026890
1281561920
1286181670
1289290830
1291029850
252888950
483391070
652367480
779699090
877264270
957991620
1025326970
1081827370
1128450940
1167061120
1198865320
1223925230
1243618790
1259164260
1271078730
1279971290
1286408400
1290956490
1293720460
1295376810
253234260
484118900
652958740
779588390
876032690
955594840
1022289590
1078099630
1124241020
1162326750
1193825130
1219244320
1239424150
1255205800
1267466140
1276643200
1283233630
1287846840
1290727090
1292464100
252400890
482533820
651701340
779135660
876909150
957882700
1025555490
1082104170
1128639710
1166545200
1197624780
1222802690
1242107020
1257069660
1268422480
1277053570
1283114720
1287224380
1289748350
1291029010
252705630
483166310
652286040
779501800
876766890
957289890
1024727660
1081317470
1127718380
1165998220
1197125590
1222231290
1241918230
1257520160
1269416500
1278258590
1284764880
1289026370
1291656650
1293180210
252702350
482897910
651636720
777916970
874788220
954938880
1021895370
1077709540
1123732740
1161467610
1192539640
1217464870
1236895270
1251949510
1263576360
1272357500
1278449030
1282573570
1285060980
1286553920
252611560
483014280
652915480
781407750
880059580
962301940
1031199440
1088792530
1136651650
1176292590
1208914940
1234975130
1255722460
1271945560
1284645440
1294453310
1301484440
1306272450
1309296810
1311044770
252982190
483331090
651555470
777451210
873892310
953312890
1019548210
1074918340
1120105010
1157385470
1187898600
1212407250
1231358130
1245920810
1256912210
1265097560
1270920270
1274873810
1277231940
1278603330
252893220
483747880
652799520
779701840
877145700
957796530
1024942070
1081687910
1128539730
1167052550
1198944890
1224368620
1244195850
1259648040
1271639190
1280788200
1287602650
1292262770
1295130250
1296877610
252601560
483144360
651988430
779417760
876874010
957093360
1024485500
1080801000
1127595420
1166014720
1197565110
1223053460
1242424840
1257893250
1269859020
1278675360
1284918030
1289040120
1291755220
1293251210
252915080
483684120
652451580
778661220
875427260
955645060
1022814120
1079062210
1125416680
1163303990
1195073850
1220291850
1239774190
1254955730
1266902160
1275700100
1282170470
1286534520
1289262000
1290892100
252927880
483443570
652161210
778819520
875812560
956075240
1022861510
1078782230
1125019330
1162990260
1194386060
1219372840
1238883820
1254109720
1265768190
1274497760
1280910200
1285080360
1287670440
1289082950
251661120
481220370
651771730
781481960
881666980
964853350
1034038370
1092366070
1140837610
1181453420
1214757040
1241546720
1262357790
1278575040
1290920460
1300161380
1306714910
1311078660
1314009650
1315619440
251937960
481926960
652047360
781388400
880675310
963231400
1031892160
1089425220
1136976270
1176122720
1208706110
1234983010
1255436900
1270892930
1282481370
1290997500
1297168400
1301565730
1304324600
1305855140
250685010
479579010
650913770
783252920
886572020
971770720
1042973390
1102222880
1151061920
1191350040
1224325890
1250757260
1270685950
1285547760
1296509450
1304256840
1309785720
1313409000
1315507770
1316614270
252168640
482109930
652202440
781053470
880400260
962506630
1030992610
1088482050
1135313890
1173620240
1204756670
1229581020
1248482130
1263082730
1273904430
1281897750
1287612790
1291533040
1293898330
1295381800
251015640
480514850
651515670
782976970
884472420
968659330
1038634570
1097705490
1146222490
1186125030
1218609280
1244561750
1264443120
1279851710
1291628720
1300432270
1306667190
1310816410
1313148300
1314352730
248355810
476778230
650684920
787913880
895038620
983625460
1057080570
1118462500
1168941370
1210037810
1243371390
1269440820
1288512610
1302594090
1312597420
1319778150
1324726810
1328047830
1330002090
1331064170
250973970
480147110
651906300
783775360
885910270
970825720
1041807230
1101442620
1150589490
1191121950
1224282040
1250966250
1271240300
1286475820
1297991780
1306313310
1312449810
1316563120
1319203530
1320740870
252366280
482447180
651917160
780373280
878626740
959405590
1026558830
1082716270
1128797790
1167171890
1198323850
1223302460
1242688340
1257545530
1268710590
1276671480
1282427950
1286415160
1288677430
1289947110
251665890
481752880
651536050
781110870
880675960
963022950
1031509290
1088583190
1135803820
1175183130
1207146380
1232416700
1252200730
1267561260
1278861750
1286940920
1292847530
1296779220
1299185520
1300695990
252435320
482117110
651238870
779313300
877767050
959245640
1027181120
1084113630
1131069760
1169802190
1201601440
1226817960
1246180320
1260601500
1271518860
1279540980
1285374240
1289376550
1291731870
1293066620
251886910
481372530
650708610
779016600
877339240
958729650
1026294930
1083270210
1130233400
1168788200
1200542400
1225779100
1244946680
1259447950
1270343070
1278065030
1283421090
1287098110
1289250430
1290538880
250839310
479966210
650261780
781028810
882067250
965635760
1034967260
1093104820
1140871420
1180069480
1211830890
1237073280
1256063680
1270448260
1280776520
1288200050
1293203010
1296265150
1298141690
1299108650
251920060
482220340
650652420
777514410
875435180
956429420
1023711400
1080463080
1127786190
1166994410
1199757430
1226084030
1246720430
1262723630
1274919840
1284031670
1290521900
1295285490
1298302680
1300162990
250376820
479405960
650831420
783370410
885968910
970997580
1041931410
1101087380
1150110420
1190464050
1223458940
1249541040
1269656520
1284934410
1296331970
1304944740
1311133570
1315388440
1317833590
1319363860
246406440
473560210
647101760
785377890
893608370
983258290
1057215770
1118749380
1169201780
1209899290
1242621380
1267064240
1285145800
1298055830
1307297080
1313906400
1318500190
1321456290
1323269020
1324327160
248719300
476947930
649018220
783475010
888018220
974414590
1046094240
1106113680
1155422500
1195862870
1228770900
1254460850
1273767930
1288226750
1298651050
1305892950
1310980710
1314115380
1315970740
1316940920
251156770
481316420
653149490
786172130
889060650
974555720
1045947230
1106020040
1155975840
1197654350
1231845130
1258836760
1280185920
1296703600
1308888950
1317722630
1323967020
1328061360
1330346710
1331736210
249941860
478875470
650716350
784156780
888146780
973804070
1045559020
1105466950
1154817150
1195190660
1228691260
1255390420
1275788290
1291315360
1302776110
1311090980
1316869380
1320838340
1323232050
1324617490
250875750
479581470
650276750
780826470
882172300
966191930
1035846690
1094153700
1142146660
1181632760
1214232210
1240286520
1259951620
1274718790
1285508180
1293464540
1298994550
1302541860
1304683530
1306007350
251121950
480916770
652022280
783265550
884734350
968906130
1039038550
1098131970
1147166420
1187905110
1221456400
1248601450
1269611110
1285796600
1297841980
1306452260
1312591500
1316809800
1319356870
1320776040
249449870
478464880
651474090
787412230
893240810
980811820
1053659360
1115159640
1166021890
1207793110
1241806770
1268967330
1289441190
1304994500
1316312520
1323846880
1328945420
1332458020
1334697710
1335966680
252807280
483478140
652980880
781253510
879987070
961845180
1030380740
1088501940
1136744390
1176531750
1209623410
1236223960
1257034100
1273190780
1285412210
1294360930
1300732730
1305060300
1307823790
1309455020
251699480
481358690
651560630
780796560
880493100
963003620
1031556090
1089181190
1136990900
1175918030
1207717310
1233225750
1252497050
1266913020
1277621530
1285418990
1290854410
1294462290
1296593970
1297749840
252110530
482834910
652076080
780871040
879432090
961103760
1029162410
1086289900
1134209870
1174243050
1207179880
1233744800
1254687160
1271171710
1283742820
1293183830
1299661040
1304146960
1307017800
1308662180
252354950
482836080
649964580
775805560
871535050
950984760
1016968850
1072480660
1118581240
1157053240
1188580210
1214083440
1234143440
1250086250
1262137460
1271393740
1278197590
1282851350
1285936420
1287718780
