1871903.0
3081923.0
3663930.0
4033322.0
4320439.0
4557233.0
4751292.0
4907897.0
5029115.0
5123336.0
5194695.0
5246521.0
5283097.0
5309272.0
5327287.0
5339241.0
5346539.0
5350809.0
5353013.0
5354065.0
1871814.0
3080989.0
3658731.0
4026520.0
4313391.0
4548770.0
4743718.0
4898819.0
5020685.0
5113934.0
5185663.0
5238761.0
5277258.0
5304401.0
5323116.0
5334898.0
5342353.0
5347279.0
5349639.0
5351054.0
1864245.0
3074730.0
3668269.0
4047953.0
4345251.0
4590213.0
4791568.0
4955016.0
5084346.0
5184319.0
5261892.0
5318143.0
5360317.0
5389903.0
5410573.0
5424907.0
5433322.0
5438376.0
5441390.0
5443009.0
1867802.0
3077071.0
3662869.0
4036030.0
4329377.0
4569841.0
4767434.0
4926564.0
5051925.0
5149025.0
5223610.0
5278473.0
5317029.0
5344469.0
5362750.0
5373968.0
5381136.0
5385611.0
5388072.0
5389538.0
1866612.0
3077249.0
3667568.0
4045040.0
4339429.0
4582033.0
4782377.0
4942425.0
5068095.0
5165130.0
5239116.0
5292889.0
5331860.0
5359493.0
5378228.0
5390922.0
5398719.0
5403346.0
5406118.0
5407344.0
1870370.0
3078898.0
3662750.0
4033757.0
4321602.0
4558997.0
4753187.0
4910059.0
5033062.0
5128562.0
5201270.0
5254587.0
5292432.0
5318221.0
5336953.0
5349253.0
5356115.0
5360655.0
5363267.0
5364555.0
1871066.0
3080304.0
3660813.0
4029984.0
4316757.0
4553456.0
4747410.0
4903249.0
5026637.0
5121931.0
5194865.0
5248755.0
5288198.0
5315419.0
5334757.0
5347865.0
5356105.0
5361296.0
5364197.0
5365833.0
1866637.0
3076322.0
3666689.0
4042362.0
4335728.0
4577161.0
4776322.0
4935953.0
5061438.0
5158375.0
5232328.0
5286180.0
5325252.0
5353118.0
5371620.0
5383732.0
5391220.0
5395546.0
5398230.0
5399784.0
1873159.0
3082372.0
3661918.0
4030955.0
4318112.0
4554837.0
4748913.0
4905831.0
5028975.0
5123904.0
5197694.0
5251759.0
5292163.0
5320400.0
5339426.0
5352523.0
5360719.0
5365710.0
5368865.0
5370447.0
1872505.0
3081772.0
3661209.0
4028441.0
4315521.0
4549626.0
4743628.0
4898729.0
5021211.0
5114848.0
5187043.0
5239379.0
5277670.0
5304966.0
5323525.0
5335482.0
5343107.0
5347565.0
5350047.0
5351563.0
1866034.0
3075462.0
3667256.0
4046266.0
4341903.0
4585764.0
4785804.0
4946496.0
5074519.0
5172786.0
5247311.0
5302785.0
5342063.0
5370996.0
5389754.0
5402350.0
5410444.0
5415386.0
5418258.0
5419762.0
1869636.0
3078841.0
3663119.0
4035504.0
4324534.0
4562372.0
4757514.0
4913227.0
5036499.0
5132437.0
5204251.0
5257892.0
5296931.0
5323581.0
5342228.0
5354326.0
5361519.0
5365851.0
5368566.0
5369879.0
1868873.0
3078028.0
3663948.0
4036021.0
4325217.0
4562856.0
4757354.0
4913677.0
5036132.0
5131336.0
5204036.0
5256954.0
5294966.0
5321716.0
5339988.0
5352011.0
5359928.0
5364162.0
5366748.0
5368182.0
1869010.0
3077838.0
3665266.0
4039114.0
4330306.0
4568880.0
4766013.0
4923881.0
5046251.0
5140391.0
5212277.0
5264688.0
5302639.0
5328968.0
5347206.0
5359782.0
5367582.0
5372844.0
5375839.0
5377255.0
1867578.0
3077566.0
3663172.0
4036621.0
4327854.0
4567237.0
4766019.0
4924870.0
5049789.0
5147386.0
5221914.0
5275894.0
5314837.0
5342414.0
5361117.0
5373348.0
5380669.0
5385476.0
5388228.0
5389478.0
1872156.0
3081179.0
3663926.0
4035798.0
4324926.0
4562999.0
4757332.0
4915837.0
5039771.0
5135691.0
5208853.0
5263190.0
5303284.0
5331125.0
5350327.0
5363073.0
5371191.0
5376119.0
5378875.0
5380371.0
1866710.0
3076810.0
3668637.0
4046738.0
4341242.0
4583738.0
4783156.0
4940673.0
5065528.0
5161130.0
5232832.0
5286140.0
5323907.0
5350434.0
5367973.0
5379712.0
5387087.0
5390999.0
5393095.0
5394180.0
1867702.0
3078286.0
3665463.0
4038763.0
4330503.0
4569544.0
4766589.0
4924617.0
5049065.0
5145247.0
5218399.0
5272237.0
5310650.0
5338458.0
5357268.0
5368994.0
5376563.0
5380961.0
5383180.0
5384486.0
1867417.0
3076871.0
3663459.0
4037531.0
4328623.0
4566803.0
4762595.0
4919384.0
5041318.0
5135600.0
5207865.0
5260391.0
5298220.0
5325043.0
5343625.0
5354835.0
5361810.0
5365989.0
5368394.0
5369994.0
1863005.0
3073958.0
3671830.0
4055569.0
4356387.0
4604422.0
4809504.0
4974850.0
5105878.0
5208794.0
5287639.0
5345400.0
5388472.0
5418232.0
5438905.0
5452117.0
5460786.0
5465677.0
5468755.0
5470518.0
1868989.0
3078482.0
3661470.0
4033557.0
4322284.0
4558948.0
4752774.0
4907885.0
5030704.0
5125078.0
5195988.0
5247645.0
5285078.0
5310559.0
5327461.0
5338058.0
5344682.0
5348867.0
5350733.0
5352107.0
1868927.0
3079488.0
3667022.0
4042020.0
4334290.0
4573912.0
4772434.0
4932014.0
5058645.0
5156527.0
5232123.0
5287758.0
5327978.0
5355483.0
5374665.0
5387227.0
5395250.0
5400281.0
5403121.0
5404703.0
1867099.0
3076373.0
3663457.0
4036799.0
4327024.0
4565806.0
4762505.0
4921421.0
5047539.0
5143865.0
5216760.0
5270923.0
5309781.0
5336293.0
5355038.0
5366747.0
5373725.0
5378138.0
5380482.0
5381957.0
1869456.0
3079304.0
3661570.0
4031840.0
4320593.0
4558124.0
4755029.0
4912469.0
5037040.0
5133403.0
5206508.0
5260889.0
5300369.0
5328149.0
5348119.0
5360252.0
5368063.0
5372895.0
5375603.0
5377282.0
1869348.0
3079094.0
3662196.0
4033781.0
4323801.0
4562774.0
4760297.0
4918263.0
5042824.0
5139307.0
5212877.0
5266556.0
5305531.0
5331916.0
5350391.0
5361713.0
5369532.0
5373893.0
5376335.0
5377486.0
1862928.0
3075703.0
3682953.0
4073436.0
4376995.0
4625729.0
4830518.0
4995478.0
5126689.0
5228369.0
5306390.0
5364706.0
5406115.0
5435658.0
5455739.0
5469180.0
5477101.0
5481775.0
5484531.0
5486106.0
1859654.0
3068343.0
3670768.0
4057518.0
4359291.0
4606325.0
4810266.0
4972254.0
5100147.0
5199329.0
5275163.0
5330926.0
5370519.0
5398658.0
5417195.0
5429251.0
5437537.0
5441813.0
5444461.0
5445874.0
1849173.0
3060306.0
3677215.0
4077860.0
4393856.0
4655202.0
4870516.0
5043158.0
5178683.0
5282482.0
5360300.0
5416993.0
5457084.0
5483379.0
5500962.0
5511481.0
5517711.0
5521593.0
5523615.0
5524657.0
1860574.0
3070213.0
3667225.0
4051332.0
4353552.0
4601659.0
4806499.0
4970661.0
5097301.0
5195102.0
5267568.0
5320453.0
5357717.0
5383753.0
5400851.0
5411426.0
5418015.0
5422044.0
5424532.0
5425975.0
1850002.0
3059369.0
3666871.0
4058173.0
4367258.0
4622997.0
4833490.0
5004888.0
5138443.0
5241679.0
5319067.0
5375950.0
5416085.0
5443483.0
5462641.0
5474908.0
5481941.0
5486008.0
5488090.0
5489242.0
1819420.0
3029387.0
3666498.0
4082073.0
4413436.0
4688191.0
4917254.0
5100487.0
5244000.0
5352580.0
5432179.0
5488485.0
5525950.0
5550102.0
5564470.0
5574398.0
5580307.0
5583526.0
5585535.0
5586370.0
1849073.0
3059625.0
3675677.0
4074390.0
4388692.0
4648332.0
4862667.0
5034987.0
5169443.0
5272645.0
5350397.0
5406993.0
5447228.0
5474414.0
5492630.0
5504329.0
5511907.0
5516088.0
5518500.0
5520007.0
1866618.0
3076845.0
3676659.0
4060890.0
4358857.0
4600954.0
4798909.0
4955977.0
5078881.0
5174366.0
5245983.0
5299261.0
5337610.0
5362543.0
5379706.0
5390002.0
5397105.0
5400768.0
5402768.0
5403749.0
1861197.0
3076154.0
3683548.0
4073129.0
4373878.0
4618567.0
4819565.0
4979752.0
5106606.0
5205021.0
5279390.0
5334349.0
5373059.0
5400990.0
5418765.0
5430472.0
5437834.0
5441861.0
5444493.0
5445865.0
1863208.0
3071226.0
3661541.0
4040625.0
4338228.0
4583145.0
4786071.0
4948665.0
5075573.0
5173623.0
5246952.0
5300346.0
5337877.0
5363150.0
5380329.0
5390439.0
5397206.0
5401194.0
5403543.0
5404948.0
1866142.0
3076648.0
3671180.0
4051455.0
4346199.0
4588443.0
4787116.0
4944774.0
5069276.0
5164502.0
5237361.0
5289487.0
5326319.0
5350649.0
5367352.0
5377594.0
5383524.0
5387003.0
5388989.0
5390143.0
1854687.0
3064489.0
3670174.0
4059004.0
4361767.0
4610978.0
4815862.0
4978704.0
5106285.0
5205483.0
5278197.0
5330874.0
5367082.0
5391731.0
5407449.0
5417860.0
5422915.0
5425643.0
5427336.0
5428112.0
1871428.0
3086478.0
3687701.0
4069932.0
4363501.0
4603679.0
4800668.0
4959088.0
5084791.0
5183684.0
5259779.0
5316222.0
5357157.0
5386450.0
5405528.0
5418254.0
5426224.0
5431409.0
5433751.0
5435407.0
1845645.0
3055487.0
3671753.0
4070821.0
4384798.0
4644231.0
4859738.0
5031607.0
5166608.0
5269884.0
5348664.0
5405156.0
5445690.0
5473441.0
5492592.0
5505215.0
5512825.0
5517770.0
5520663.0
5522014.0
1814137.0
3024865.0
3672194.0
4092100.0
4422029.0
4696656.0
4922036.0
5101224.0
5239748.0
5342965.0
5417589.0
5467875.0
5502341.0
5524194.0
5537805.0
5546087.0
5551251.0
5554128.0
5555995.0
5556962.0
1834468.0
3044609.0
3670905.0
4076354.0
4396293.0
4661045.0
4878582.0
5053383.0
5188049.0
5291154.0
5368513.0
5423539.0
5460484.0
5485912.0
5501128.0
5510894.0
5516809.0
5520188.0
5522035.0
5522759.0
1854442.0
3070191.0
3690457.0
4091803.0
4404997.0
4664941.0
4876618.0
5048007.0
5183469.0
5289543.0
5370339.0
5430120.0
5473065.0
5502175.0
5521362.0
5534085.0
5541366.0
5545304.0
5547489.0
5548735.0
1839375.0
3049658.0
3669618.0
4070526.0
4388409.0
4654696.0
4873927.0
5050425.0
5188002.0
5294242.0
5374308.0
5433411.0
5474545.0
5503450.0
5522825.0
5533752.0
5541054.0
5545302.0
5547740.0
5548948.0
1852804.0
3063949.0
3677251.0
4072757.0
4382936.0
4637515.0
4846940.0
5013723.0
5144398.0
5244981.0
5320705.0
5375881.0
5414664.0
5441605.0
5458940.0
5469863.0
5476719.0
5480150.0
5482201.0
5483362.0
1856951.0
3070650.0
3686953.0
4084865.0
4395110.0
4650214.0
4860421.0
5028705.0
5162041.0
5266263.0
5345012.0
5404018.0
5445709.0
5473881.0
5492208.0
5504039.0
5510777.0
5514996.0
5517262.0
5518378.0
1831730.0
3045660.0
3681985.0
4096619.0
4425434.0
4700458.0
4926613.0
5108861.0
5252830.0
5362584.0
5445909.0
5505480.0
5547225.0
5574760.0
5592187.0
5602527.0
5608721.0
5612578.0
5614528.0
5615599.0
1862380.0
3073480.0
3672045.0
4056776.0
4358205.0
4606410.0
4810817.0
4976907.0
5108424.0
5211582.0
5290956.0
5350118.0
5393105.0
5423220.0
5442918.0
5455551.0
5463529.0
5468106.0
5470855.0
5472480.0
1855207.0
3064591.0
3665207.0
4053337.0
4356795.0
4606611.0
4812376.0
4976549.0
5105471.0
5204125.0
5278930.0
5332471.0
5369997.0
5395246.0
5411782.0
5421784.0
5428240.0
5432146.0
5434347.0
5435538.0
1870410.0
3087000.0
3693165.0
4080646.0
4378498.0
4620806.0
4818735.0
4977833.0
5105452.0
5206085.0
5282909.0
5340511.0
5382010.0
5411287.0
5431410.0
5444837.0
5452261.0
5456846.0
5459174.0
5460747.0
1876491.0
3091297.0
3683521.0
4060610.0
4350975.0
4587875.0
4782764.0
4938062.0
5061679.0
5158873.0
5232557.0
5287667.0
5327861.0
5356759.0
5376500.0
5389596.0
5397894.0
5402729.0
5405665.0
5407497.0
