1871903
3371831
4260290
4881718
5356755
5739047
6049316
6303107
6508149
6675912
6813157
6924281
7012157
7082132
7137829
7180579
7212517
7234239
7248031
7255249
1871814
3370793
4256709
4876206
5349431
5730344
6040352
6293347
6497987
6664870
6802003
6913741
7002830
7074255
7130024
7173100
7204759
7227313
7241055
7249160
1864245
3362238
4263797
4902489
5392425
5787737
6108676
6372200
6586518
6761605
6905818
7023325
7117705
7192559
7252851
7299683
7334898
7359672
7376100
7385505
1867802
3366925
4258827
4887100
5367981
5757085
6070594
6327292
6535947
6707029
6846770
6960467
7049673
7120417
7175868
7217032
7247748
7269701
7284438
7292702
1866612
3366239
4264980
4899692
5384443
5774269
6091741
6350857
6560105
6731348
6871236
6984967
7074868
7146611
7204396
7249634
7282977
7306214
7321468
7330376
1870370
3369432
4258644
4882799
5360700
5746049
6059217
6315097
6522680
6692148
6831242
6944433
7032604
7102669
7157471
7199841
7231681
7253667
7267925
7277011
1871066
3369594
4255577
4875736
5350019
5733726
6043716
6298311
6504807
6673883
6812927
6925969
7016284
7088455
7146123
7191135
7224617
7249234
7264543
7274175
1866637
3364808
4259931
4890114
5373260
5763763
6081052
6340493
6551250
6723221
6865530
6979896
7071012
7143494
7201236
7245364
7278260
7301306
7316394
7326246
1873159
3371722
4258760
4879703
5354444
5736181
6046025
6300049
6506699
6675636
6815172
6928247
7019453
7093200
7151276
7196341
7229927
7253482
7269439
7279495
1872505
3372122
4259745
4880983
5356367
5737742
6047652
6301061
6506783
6675276
6813647
6925215
7013974
7084992
7142643
7186452
7218871
7241323
7256129
7264989
1866034
3365256
4263768
4898336
5385191
5777690
6095872
6356210
6568299
6742244
6884431
6999949
7091393
7164540
7222128
7266876
7299958
7323022
7338012
7346872
1869636
3368635
4258967
4883866
5361536
5746598
6058830
6313573
6521207
6690425
6829491
6942008
7032093
7103539
7159726
7203258
7235821
7258087
7272428
7281085
1868873
3367284
4259350
4886551
5365841
5751232
6062898
6316875
6525384
6694308
6833762
6945926
7035888
7106846
7163466
7207251
7240748
7263658
7278614
7287374
1869010
3367682
4259380
4887094
5366552
5754418
6067865
6324387
6532023
6701529
6840659
6952588
7041709
7113434
7170598
7214528
7247436
7271424
7288055
7297861
1867578
3366878
4258178
4886071
5367332
5756395
6072217
6330226
6540419
6713080
6854892
6968272
7058775
7131420
7188403
7232120
7264587
7288130
7303228
7312522
1872156
3372961
4263606
4888602
5365574
5749145
6060534
6315135
6522073
6691817
6831837
6945896
7038240
7111935
7170023
7214959
7248473
7272585
7288281
7298119
1866710
3365944
4262993
4895340
5380570
5772044
6088788
6346961
6556370
6726340
6865770
6979120
7067951
7138584
7193659
7236248
7267223
7288929
7302869
7310206
1867702
3367030
4260561
4889257
5370087
5757882
6073821
6331333
6539715
6710283
6849657
6962533
7053092
7125874
7182754
7226262
7259285
7281651
7295986
7304652
1867417
3365539
4258513
4886137
5366159
5752775
6066109
6321480
6528666
6697930
6837253
6949583
7038598
7109073
7164723
7207513
7238376
7260045
7273728
7282176
1863005
3363102
4268678
4909977
5401751
5800062
6124500
6388320
6604414
6782136
6928655
7046720
7141964
7217596
7278099
7326093
7361656
7386825
7403281
7413364
1868989
3367172
4255508
4878421
5355744
5739854
6051284
6305155
6510722
6678844
6815558
6926547
7014094
7082983
7136373
7176858
7206464
7227207
7240039
7247801
1868927
3369262
4263106
4892126
5373504
5762204
6077602
6336462
6547809
6720471
6863165
6977932
7069590
7142059
7199863
7244859
7279430
7303915
7319555
7329407
1867099
3365899
4257287
4885759
5367162
5754004
6069389
6326913
6537579
6709173
6849692
6964053
7053155
7125765
7183240
7226737
7258569
7280380
7295300
7303789
1869456
3369514
4259048
4883344
5361237
5747238
6061783
6318227
6526874
6697025
6838214
6952051
7042025
7113165
7170231
7213498
7245913
7268639
7283627
7292852
1869348
3368410
4259758
4886847
5366013
5752348
6065729
6321895
6530272
6700215
6840419
6952866
7042861
7114428
7170209
7213085
7245438
7267603
7281807
7289860
1862928
3367639
4283515
4934504
5434543
5838155
6164542
6431304
6649083
6828565
6975848
7095200
7190065
7265334
7323563
7368254
7400847
7423475
7439147
7448174
1859654
3360041
4270056
4917258
5413567
5815175
6140508
6405710
6620247
6795989
6940837
7058670
7151729
7223854
7279239
7320781
7352033
7375023
7390109
7398908
1849173
3347902
4271887
4939250
5457708
5875964
6214452
6488860
6710921
6891836
7039068
7157683
7249348
7319113
7371768
7410421
7438721
7458127
7469991
7476379
1860574
3357877
4261799
4904368
5399286
5798197
6122723
6386807
6599911
6772664
6912404
7024815
7112075
7181011
7233545
7273394
7302633
7323330
7336458
7344965
1850002
3344607
4256331
4911881
5418824
5829317
6161802
6434994
6655425
6835161
6981307
7098500
7190477
7263341
7320255
7363956
7395885
7417876
7430972
7437788
1819420
3310643
4252458
4949487
5496188
5939787
6298444
6589051
6822428
7010114
7160617
7279147
7367446
7434174
7483026
7519280
7545057
7562816
7573603
7579626
1849073
3347171
4270043
4935402
5449752
5866474
6204289
6479291
6701175
6882131
7029645
7148877
7241092
7312258
7367052
7408023
7439043
7460488
7474650
7483167
1866618
3368779
4276461
4919286
5409827
5802428
6119495
6376851
6585071
6756346
6895825
7008427
7098138
7168041
7221816
7261382
7291027
7312338
7324992
7332503
1861197
3367700
4284824
4935055
5433552
5834539
6157707
6420116
6633242
6808219
6950544
7064439
7154883
7226810
7281141
7321178
7351182
7371879
7385017
7393741
1863208
3359964
4254823
4890075
5379972
5775433
6097217
6358927
6571195
6744333
6886010
6999722
7088877
7156762
7209297
7249061
7278878
7300082
7313157
7320816
1866142
3367956
4268756
4904439
5391955
5785079
6102946
6362422
6573126
6744624
6885619
6998695
7086687
7154845
7207170
7245566
7273082
7292699
7304605
7312053
1854687
3353371
4263770
4914216
5417747
5823950
6152190
6418740
6634065
6809675
6951995
7065872
7153856
7221873
7272029
7309562
7335739
7352465
7363054
7368678
1871428
3379856
4286879
4923036
5410335
5802581
6118930
6377704
6590159
6765260
6910931
7028956
7123613
7198962
7257598
7302444
7335782
7360821
7377283
7387877
1845645
3341865
4262201
4926297
5440952
5857663
6195994
6470633
6693944
6875214
7023610
7141816
7234454
7305993
7360616
7403019
7434159
7456292
7469663
7478110
1814137
3307055
4256064
4959492
5511233
5959426
6318660
6608142
6839990
7024583
7171697
7283253
7367807
7429614
7475281
7508869
7533125
7549146
7559213
7565260
1834468
3330027
4263531
4943162
5472055
5899137
6243708
6522997
6748047
6929834
7077415
7193353
7282624
7350994
7401550
7437818
7464211
7481058
7491251
7496819
1854442
3362063
4295915
4967765
5485897
5903297
6240532
6515143
6738917
6923217
7073859
7194298
7291323
7367965
7426078
7469675
7501286
7522854
7535633
7543677
1839375
3333606
4258954
4932192
5456323
5880176
6224073
6503563
6729016
6912356
7063136
7183835
7278105
7351322
7406669
7447644
7477184
7498016
7510946
7518758
1852804
3352255
4270695
4928287
5437488
5849343
6181534
6451327
6669752
6847637
6993321
7110097
7200944
7270619
7322554
7361853
7389963
7408716
7420259
7427652
1856951
3362218
4288683
4950693
5460700
5872214
6204313
6475585
6696411
6877741
7026384
7147216
7243063
7318327
7375416
7417483
7448483
7470444
7484384
7492528
1831730
3331040
4276183
4970173
5510848
5947852
6301027
6589165
6822090
7010488
7163215
7285132
7379365
7452150
7506123
7543407
7569377
7587882
7600050
7607139
1862380
3364738
4271541
4915034
5410749
5811608
6136907
6403697
6621432
6799484
6946176
7065430
7160075
7235406
7293734
7337719
7369893
7392514
7407493
7416810
1855207
3352935
4260759
4907239
5406221
5809773
6136084
6401733
6618377
6793103
6935476
7049857
7138299
7206204
7257496
7296154
7324038
7343120
7354789
7361372
1870410
3380634
4296167
4941630
5433886
5829674
6148553
6408605
6623664
6801025
6946839
7065595
7161590
7238275
7298448
7344589
7377715
7401476
7417412
7426907
1876491
3384481
4280303
4907766
5385579
5770425
6081208
6335094
6543515
6715877
6857143
6972171
7064253
7138827
7196736
7241846
7275992
7300231
7316903
7327005
