41
170
198
199
200
200
200
200
200
200
200
200
200
200
200
200
200
200
200
200
54
172
195
196
197
198
198
199
199
199
199
199
199
199
199
199
199
199
199
199
37
165
193
196
196
196
197
197
197
197
197
197
197
197
197
197
197
197
197
197
48
165
192
195
196
196
198
198
198
198
198
198
198
198
198
198
198
198
198
198
51
173
194
197
199
199
199
198
197
197
198
197
197
197
197
197
197
197
197
197
47
173
192
196
196
196
196
196
197
196
196
196
196
196
196
196
196
196
196
196
47
170
188
193
193
193
193
194
193
193
193
193
194
194
194
194
194
194
194
194
32
170
194
200
200
200
200
200
200
200
200
200
200
200
200
200
200
200
200
200
38
160
193
197
199
199
199
199
199
199
199
199
199
199
199
199
199
199
199
199
43
182
196
198
197
198
198
198
199
198
198
198
198
198
198
198
198
198
198
198
38
156
189
193
194
194
194
195
195
195
194
193
193
192
192
192
192
192
192
192
52
178
194
196
197
199
199
199
199
199
199
199
199
199
199
199
199
199
199
199
33
162
193
196
197
197
198
197
196
198
198
198
198
198
198
198
198
198
198
198
35
165
196
198
197
197
197
197
197
198
197
197
197
197
197
197
197
197
197
197
44
166
194
195
195
195
195
196
196
196
196
196
196
196
196
196
196
196
196
196
37
174
196
197
198
198
198
199
199
198
198
198
198
198
198
198
198
198
198
198
50
170
194
197
199
200
200
200
200
200
200
199
199
199
199
199
199
199
199
199
39
162
193
196
197
197
197
198
199
199
199
199
199
199
199
199
199
199
199
199
48
170
196
199
198
198
198
199
198
198
198
198
198
198
198
198
198
198
198
198
35
166
192
197
198
197
197
197
197
197
197
197
197
197
197
197
197
197
197
197
58
167
194
197
199
199
199
199
199
199
199
199
199
199
199
199
199
199
199
199
38
170
193
197
197
198
198
198
198
198
197
197
197
197
197
197
197
197
197
197
35
167
197
197
197
198
197
197
197
197
197
197
197
197
197
197
197
197
197
197
52
172
196
199
198
199
199
200
199
200
199
199
199
199
199
199
199
199
199
199
43
168
196
199
199
199
199
199
199
199
199
199
199
199
199
199
199
199
199
199
46
182
199
200
200
200
200
200
200
200
200
200
200
200
200
200
200
200
200
200
41
190
200
200
200
200
200
200
200
200
200
200
200
200
200
200
200
200
200
200
55
188
200
200
200
200
200
200
200
200
200
200
200
200
200
200
200
200
200
200
45
187
198
200
200
200
200
200
200
200
200
200
200
200
200
200
200
200
200
200
51
176
195
198
198
198
198
198
198
198
198
198
198
198
198
198
198
198
198
198
46
169
196
200
199
200
200
200
200
200
200
200
200
200
200
200
200
200
200
200
45
189
200
200
200
200
200
200
200
200
200
200
200
200
200
200
200
200
200
200
41
171
194
196
196
197
197
197
197
197
197
197
197
197
197
197
197
197
197
197
48
178
196
198
199
199
199
199
199
199
199
199
199
199
199
199
199
199
199
199
38
191
200
200
200
200
200
200
200
200
200
200
200
200
200
200
200
200
200
200
38
183
200
200
200
200
200
200
200
200
200
200
200
200
200
200
200
200
200
200
46
178
199
198
199
200
200
200
200
200
200
200
200
200
200
200
200
200
200
200
34
164
195
200
200
200
200
200
200
200
200
200
200
200
200
200
200
200
200
200
43
180
200
200
200
200
200
200
200
200
200
200
200
200
200
200
200
200
200
200
55
157
197
200
200
200
200
200
200
200
200
200
200
200
200
200
200
200
200
200
44
170
195
198
200
200
200
200
200
200
200
200
200
200
200
200
200
200
200
200
49
176
198
200
200
200
200
200
200
200
200
200
200
200
200
200
200
200
200
200
44
183
200
200
200
200
200
200
200
200
200
200
200
200
200
200
200
200
200
200
49
197
199
200
200
200
200
200
200
200
200
200
200
200
200
200
200
200
200
200
44
193
200
200
200
200
200
200
200
200
200
200
200
200
200
200
200
200
200
200
46
185
198
199
200
200
200
200
200
200
200
200
200
200
200
200
200
200
200
200
42
185
199
200
200
200
200
200
200
200
200
200
200
200
200
200
200
200
200
200
48
184
200
200
200
200
200
200
200
200
200
200
200
200
200
200
200
200
200
200
39
161
193
197
198
198
198
197
197
197
197
197
197
197
197
197
197
197
197
197
39
149
193
197
199
199
199
200
200
199
199
199
199
199
199
199
199
199
199
199
