190684750
334325460
433405390
505848430
557624080
592510720
613727650
626025710
632318630
635083240
635893130
636205530
636289020
636312810
636312810
636312810
636312810
636312810
636312810
636312810
189046580
330837600
429005720
500471370
551934630
586514350
608055470
620380570
626689870
629411890
630403890
630814910
631039780
631090880
631125880
631134010
631148090
631148090
631148090
631148090
193259320
340209400
441377570
515044890
568431960
604561930
626787070
639690260
646444250
649463510
650708260
651218510
651345310
651374410
651394490
651401770
651401770
651401770
651401770
651401770
190812060
335139460
435051860
507701950
560162910
595984660
618080990
630624880
637070220
640016020
640998790
641225990
641345970
641362960
641370700
641370700
641370700
641370700
641370700
641370700
191514880
336348810
436227360
508765680
561320070
596527580
618450750
630760460
637068720
639926430
640906100
641358450
641529370
641591450
641598780
641598780
641598780
641598780
641598780
641598780
191340450
336015960
435865790
508717050
561224240
596625680
618783200
631331210
637956980
640894150
642005500
642383200
642523800
642591930
642597280
642602460
642602460
642602460
642602460
642602460
190148380
333893100
432774930
505246000
557320610
592531490
614159170
626652040
633323170
636413370
637765280
638229280
638371850
638402470
638402470
638402470
638402470
638402470
638402470
638402470
192333940
338382010
438863590
512377590
565051130
600549990
622707440
635357340
642096200
645336630
646564910
647066710
647274640
647319560
647338600
647338600
647338600
647338600
647338600
647338600
189520860
331921580
429924680
501494810
552796250
587311420
608426570
621013720
627873650
631175720
632558880
633004610
633138060
633167360
633178420
633190360
633190360
633190360
633190360
633190360
190112730
333551880
431715670
503051420
554697770
589724260
611123950
623163540
629287670
632107160
633142100
633533560
633634530
633662470
633670090
633670090
633670090
633670090
633670090
633670090
192582240
338976730
439755930
512828880
565597750
601177180
623290990
635822050
642245700
645099770
646108500
646537190
646708310
646786050
646812820
646812820
646812820
646812820
646812820
646812820
190868610
335160090
433968620
505868500
557563580
592594250
614174290
626086880
632543830
635228110
636238410
636686360
636905760
636955620
636980230
636980230
636980230
636980230
636980230
636980230
191392850
335841330
435057670
507499700
559065040
593675290
614860690
626983040
633319840
636105820
637217240
637567710
637673690
637697880
637697880
637697880
637697880
637697880
637697880
637697880
191351070
335546970
435039770
507591570
559696440
594883660
616397310
628581630
635149920
638054250
639186490
639655990
639824140
639864650
639864650
639864650
639864650
639864650
639864650
639864650
191105840
335420890
435561280
508855280
561488260
597306350
619505510
632124640
638760820
641539470
642534930
642913850
643051750
643095390
643118430
643132700
643132700
643132700
643132700
643132700
190990280
334965560
433563250
506025380
557590930
592737000
614325780
626428150
632932740
635753040
636756830
637062700
637192360
637257920
637284760
637300000
637300000
637300000
637300000
637300000
192410080
337756880
438302450
511834930
564543520
599963500
621650140
633779310
640264330
643021130
643975850
644300300
644424130
644465210
644491770
644491770
644491770
644491770
644491770
644491770
191415490
336357690
436411470
509421940
562111740
597679880
619783230
632163540
638803160
641667160
642751990
643130180
643231490
643247330
643255760
643255760
643255760
643255760
643255760
643255760
190959690
334808560
434134190
506628960
558738070
593667240
615097260
627170920
633775360
636652840
637815710
638235140
638384290
638452560
638452560
638452560
638452560
638452560
638452560
638452560
193280080
339923600
440945060
514752250
567996940
603989620
626395680
639111110
645676760
648661400
649840700
650222420
650345060
650366150
650372520
650372520
650372520
650372520
650372520
650372520
189697860
332608910
431207670
503235120
555106350
590125480
611879180
624111720
630422580
632898640
633721930
634092740
634235460
634260140
634260140
634260140
634260140
634260140
634260140
634260140
191348530
335919200
435373170
508224120
560737880
596380070
618277390
631045520
637987730
641298220
642639110
643215400
643458190
643516350
643536500
643547360
643547360
643547360
643547360
643547360
191594970
336527800
436656120
509684500
562362110
598159570
620374950
632861010
639639210
642384180
643484360
643784080
643910360
643948500
643970640
643979510
643979510
643979510
643979510
643979510
190310140
334130000
433121770
505208250
557130090
592372090
614491220
626687310
632942360
635748220
636830040
637259510
637359250
637381810
637387280
637392470
637392470
637392470
637392470
637392470
190804740
334846130
433904240
506192470
558177500
593453650
615309200
627736600
634301340
637166790
638203110
638537550
638657130
638698790
638708470
638712070
638712070
638712070
638712070
638712070
195052850
345804860
447344500
521017640
573135270
608289300
630052650
641752670
647453060
650091240
651187180
651558620
651666960
651689590
651700500
651700500
651700500
651700500
651700500
651700500
194994960
344121760
446399100
521100590
574110190
609551710
631201330
642928900
648835870
651392220
652273470
652500500
652580460
652594610
652603810
652603810
652603810
652603810
652603810
652603810
197995520
350732870
456489870
533875620
589261920
626579920
649405370
662081860
668249900
670674920
671515970
671773750
671860330
671885650
671897660
671897660
671897660
671897660
671897660
671897660
194069540
341949000
444407990
519022060
572796650
609457950
631690930
644201750
650536000
653254700
654301100
654698690
654858390
654897870
654905660
654905660
654905660
654905660
654905660
654905660
195186680
345422650
450164200
527205160
583244420
621693710
646075410
659843090
667303270
670601290
671736020
672113490
672236030
672310730
672315270
672315270
672315270
672315270
672315270
672315270
200839630
358943390
470783240
553726590
614085190
655872580
682255430
696407410
703657580
706797660
707793050
708199210
708339460
708390760
708396630
708396630
708396630
708396630
708396630
708396630
198058410
350501090
456544450
534362900
590044260
627462610
650813720
663437500
669965860
672796500
673610740
673937540
674049230
674099610
674113840
674120450
674120450
674120450
674120450
674120450
194284350
342653780
442688620
514550240
565008370
598450780
619128680
630157250
635645500
637889800
638645350
638890680
638987240
639032780
639039270
639042790
639042790
639042790
639042790
639042790
194254590
343619500
444113130
516370460
567244070
602048010
622909680
634158940
639617490
642141340
643134390
643572240
643699620
643745400
643770080
643778090
643778090
643778090
643778090
643778090
192906030
339656970
441890660
516842630
571112630
607495200
630375260
643402420
649998190
652853910
653827520
654242420
654410540
654498830
654537240
654552720
654552720
654552720
654552720
654552720
193928290
341995420
442829100
515919400
567422430
602170280
623665770
635194500
641052950
643661020
644585440
644790920
644851030
644860270
644860270
644860270
644860270
644860270
644860270
644860270
196313770
347708710
451708420
527417310
581213360
617346880
639239310
650916980
656375920
658626940
659280160
659456520
659529000
659552870
659552870
659552870
659552870
659552870
659552870
659552870
192858140
340338710
438398940
508734980
558216060
591919440
612628720
623757930
629271460
631861350
632722990
633025390
633183060
633267430
633326380
633342420
633342420
633342420
633342420
633342420
197531880
349729500
456325870
534015360
589730020
627448720
651005570
663837060
670465670
673309550
674366800
674766650
674898270
674951820
674978050
674987500
674987500
674987500
674987500
674987500
202476560
363754590
477959230
561510490
620525100
660777790
686024850
698182880
704204930
706552550
707325920
707675430
707855320
707955800
707981600
707992090
707992090
707992090
707992090
707992090
199684150
355933330
464462110
543491100
599790770
638402750
662677630
675036910
680897030
683183780
683915340
684221850
684317730
684346070
684353660
684353660
684353660
684353660
684353660
684353660
197737870
351493170
455053550
529827930
583401310
619853880
642475890
654660380
660527450
663131190
663955860
664319290
664488860
664562410
664584940
664584940
664584940
664584940
664584940
664584940
197824560
351255930
458339030
537419960
594336840
633000710
656952590
670275200
676919380
679401770
680238740
680557520
680680310
680718880
680742240
680742240
680742240
680742240
680742240
680742240
196863270
348010560
452460440
528777110
583046510
618889500
640814920
652966470
658877990
661453770
662359750
662614730
662690610
662704230
662721150
662721150
662721150
662721150
662721150
662721150
196506730
348437610
450995740
525383410
578074920
613697620
635915350
647875530
653588680
655834620
656627340
656960110
657061640
657067920
657067920
657067920
657067920
657067920
657067920
657067920
200417690
357352530
466335340
546507330
603931590
643248190
667485700
680391500
686577920
688914390
689759510
690156070
690304440
690393520
690438990
690465680
690476640
690476640
690476640
690476640
192078750
338333250
438822750
511949320
564560930
600522270
623013750
635877560
642414260
645533500
646787090
647254270
647467670
647531920
647581230
647581230
647581230
647581230
647581230
647581230
194519860
343943410
447320860
522734660
576730290
612937060
634999870
647141110
652971450
655369910
656251000
656503740
656602780
656646950
656674230
656691410
656702780
656714230
656714230
656714230
193672230
341900300
440464200
510546340
559977140
593380190
613719250
624876560
630173220
632695300
633710400
634139960
634295580
634397440
634444780
634466980
634466980
634466980
634466980
634466980
190712470
335560100
432522720
502152840
551114120
583863030
604279220
615588190
621143570
624047260
625159880
625614220
625820650
625919820
625925320
625925320
625925320
625925320
625925320
625925320
