1604424.0
2056615.0
2332108.0
2514431.0
2633486.0
2705692.0
2743045.0
2760510.0
2767828.0
2770233.0
2770948.0
2771232.0
2771283.0
2771310.0
2771310.0
2771310.0
2771310.0
2771310.0
2771310.0
2771310.0
1603108.0
2052669.0
2327423.0
2508412.0
2627615.0
2699682.0
2738626.0
2756615.0
2763879.0
2766533.0
2767372.0
2767696.0
2767901.0
2767947.0
2767960.0
2767969.0
2767976.0
2767976.0
2767976.0
2767976.0
1602643.0
2064707.0
2351316.0
2539632.0
2664372.0
2739018.0
2778834.0
2797691.0
2805543.0
2808483.0
2809687.0
2810135.0
2810210.0
2810225.0
2810247.0
2810261.0
2810261.0
2810261.0
2810261.0
2810261.0
1603911.0
2060559.0
2342341.0
2528577.0
2651122.0
2725629.0
2765166.0
2783830.0
2791171.0
2794099.0
2795056.0
2795313.0
2795400.0
2795416.0
2795429.0
2795429.0
2795429.0
2795429.0
2795429.0
2795429.0
1603074.0
2065712.0
2349653.0
2536633.0
2659141.0
2732485.0
2772257.0
2790255.0
2797546.0
2800291.0
2801126.0
2801535.0
2801706.0
2801748.0
2801761.0
2801761.0
2801761.0
2801761.0
2801761.0
2801761.0
1602322.0
2054819.0
2333280.0
2517050.0
2637340.0
2709692.0
2749280.0
2767237.0
2774988.0
2778105.0
2779042.0
2779352.0
2779473.0
2779562.0
2779592.0
2779597.0
2779597.0
2779597.0
2779597.0
2779597.0
1602470.0
2054929.0
2330817.0
2513494.0
2633556.0
2706373.0
2745093.0
2762889.0
2770769.0
2773705.0
2774687.0
2775119.0
2775213.0
2775239.0
2775239.0
2775239.0
2775239.0
2775239.0
2775239.0
2775239.0
1602641.0
2060145.0
2341032.0
2527317.0
2649691.0
2722343.0
2761943.0
2780144.0
2787838.0
2790870.0
2792067.0
2792583.0
2792749.0
2792779.0
2792795.0
2792795.0
2792795.0
2792795.0
2792795.0
2792795.0
1604221.0
2055946.0
2329949.0
2511446.0
2629959.0
2701417.0
2738740.0
2757351.0
2765731.0
2769061.0
2770412.0
2770744.0
2770878.0
2770924.0
2770935.0
2770934.0
2770934.0
2770934.0
2770934.0
2770934.0
1603344.0
2053464.0
2328882.0
2510318.0
2628665.0
2700180.0
2737162.0
2754724.0
2761750.0
2764245.0
2765310.0
2765649.0
2765709.0
2765766.0
2765768.0
2765768.0
2765768.0
2765768.0
2765768.0
2765768.0
1602934.0
2064098.0
2348001.0
2535201.0
2658742.0
2732328.0
2771277.0
2788740.0
2796414.0
2799217.0
2800046.0
2800476.0
2800602.0
2800691.0
2800723.0
2800723.0
2800723.0
2800723.0
2800723.0
2800723.0
1604577.0
2058960.0
2337787.0
2520597.0
2640283.0
2712949.0
2750720.0
2768818.0
2776107.0
2778800.0
2779751.0
2780180.0
2780314.0
2780346.0
2780370.0
2780370.0
2780370.0
2780370.0
2780370.0
2780370.0
1602911.0
2058509.0
2335690.0
2518368.0
2636657.0
2707631.0
2744504.0
2762232.0
2769805.0
2772751.0
2773632.0
2774002.0
2774066.0
2774107.0
2774107.0
2774107.0
2774107.0
2774107.0
2774107.0
2774107.0
1603372.0
2059464.0
2337941.0
2521290.0
2642596.0
2715194.0
2753231.0
2770511.0
2777942.0
2780579.0
2781553.0
2781930.0
2782022.0
2782049.0
2782049.0
2782049.0
2782049.0
2782049.0
2782049.0
2782049.0
1602781.0
2057678.0
2337679.0
2523135.0
2645086.0
2718666.0
2757619.0
2775965.0
2783394.0
2785989.0
2786871.0
2787169.0
2787301.0
2787327.0
2787331.0
2787338.0
2787338.0
2787338.0
2787338.0
2787338.0
1604878.0
2058861.0
2336477.0
2519438.0
2638779.0
2711830.0
2749901.0
2767092.0
2774477.0
2776803.0
2777511.0
2777811.0
2777934.0
2777998.0
2778018.0
2778028.0
2778028.0
2778028.0
2778028.0
2778028.0
1603642.0
2064308.0
2347191.0
2533490.0
2657096.0
2730451.0
2769465.0
2787315.0
2794437.0
2796805.0
2797592.0
2797831.0
2797931.0
2797979.0
2797993.0
2797993.0
2797993.0
2797993.0
2797993.0
2797993.0
1602714.0
2058090.0
2338767.0
2523999.0
2645645.0
2718186.0
2757418.0
2775381.0
2782441.0
2785112.0
2786100.0
2786334.0
2786462.0
2786478.0
2786481.0
2786481.0
2786481.0
2786481.0
2786481.0
2786481.0
1603567.0
2060747.0
2340004.0
2523389.0
2643192.0
2715396.0
2753708.0
2770545.0
2778468.0
2781210.0
2782102.0
2782530.0
2782714.0
2782789.0
2782789.0
2782789.0
2782789.0
2782789.0
2782789.0
2782789.0
1604521.0
2072157.0
2361374.0
2553991.0
2680074.0
2756612.0
2797664.0
2816614.0
2824492.0
2827485.0
2828566.0
2828922.0
2828975.0
2828995.0
2829012.0
2829012.0
2829012.0
2829012.0
2829012.0
2829012.0
1602571.0
2056675.0
2332246.0
2513818.0
2633784.0
2705616.0
2743450.0
2760573.0
2767756.0
2770071.0
2770770.0
2771119.0
2771234.0
2771280.0
2771280.0
2771280.0
2771280.0
2771280.0
2771280.0
2771280.0
1603369.0
2059852.0
2339871.0
2525164.0
2647732.0
2722508.0
2761531.0
2779623.0
2787463.0
2790583.0
2791654.0
2792225.0
2792434.0
2792554.0
2792538.0
2792537.0
2792537.0
2792537.0
2792537.0
2792537.0
1602548.0
2057639.0
2337553.0
2522734.0
2645091.0
2719654.0
2758691.0
2776681.0
2783935.0
2786480.0
2787308.0
2787482.0
2787583.0
2787622.0
2787660.0
2787656.0
2787656.0
2787656.0
2787656.0
2787656.0
1603222.0
2055823.0
2334013.0
2516727.0
2637227.0
2710134.0
2749654.0
2767408.0
2774544.0
2777028.0
2778131.0
2778548.0
2778610.0
2778645.0
2778643.0
2778650.0
2778650.0
2778650.0
2778650.0
2778650.0
1604020.0
2058218.0
2334791.0
2518883.0
2639911.0
2712697.0
2751883.0
2769431.0
2776959.0
2779490.0
2780367.0
2780646.0
2780728.0
2780782.0
2780807.0
2780812.0
2780812.0
2780812.0
2780812.0
2780812.0
1609295.0
2084880.0
2380434.0
2570680.0
2690972.0
2761689.0
2799503.0
2816347.0
2822830.0
2825197.0
2826248.0
2826476.0
2826604.0
2826610.0
2826622.0
2826622.0
2826622.0
2826622.0
2826622.0
2826622.0
1606549.0
2079664.0
2377320.0
2573034.0
2698240.0
2772509.0
2810776.0
2827662.0
2834340.0
2836769.0
2837443.0
2837624.0
2837659.0
2837670.0
2837682.0
2837682.0
2837682.0
2837682.0
2837682.0
2837682.0
1605203.0
2093236.0
2401287.0
2605498.0
2738908.0
2817868.0
2860028.0
2879018.0
2885516.0
2887723.0
2888393.0
2888679.0
2888748.0
2888768.0
2888790.0
2888790.0
2888790.0
2888790.0
2888790.0
2888790.0
1603470.0
2072593.0
2365450.0
2560008.0
2687706.0
2764941.0
2805336.0
2824053.0
2831594.0
2834118.0
2835026.0
2835315.0
2835431.0
2835428.0
2835438.0
2835438.0
2835438.0
2835438.0
2835438.0
2835438.0
1598303.0
2075483.0
2375958.0
2576551.0
2709670.0
2792490.0
2837431.0
2858561.0
2867470.0
2870366.0
2871322.0
2871595.0
2871702.0
2871782.0
2871778.0
2871778.0
2871778.0
2871778.0
2871778.0
2871778.0
1586957.0
2092990.0
2420890.0
2641302.0
2789652.0
2881975.0
2931556.0
2953902.0
2962861.0
2966042.0
2966817.0
2967142.0
2967337.0
2967411.0
2967417.0
2967417.0
2967417.0
2967417.0
2967417.0
2967417.0
1602494.0
2089404.0
2399289.0
2605585.0
2738587.0
2818056.0
2860797.0
2879882.0
2887435.0
2890106.0
2890850.0
2891054.0
2891170.0
2891245.0
2891245.0
2891242.0
2891242.0
2891242.0
2891242.0
2891242.0
1607287.0
2075271.0
2361622.0
2544348.0
2659714.0
2727266.0
2763387.0
2778543.0
2784537.0
2786649.0
2787267.0
2787454.0
2787494.0
2787490.0
2787498.0
2787506.0
2787506.0
2787506.0
2787506.0
2787506.0
1605154.0
2078556.0
2367659.0
2552055.0
2666996.0
2735213.0
2770124.0
2785417.0
2791348.0
2793668.0
2794599.0
2794885.0
2795012.0
2795011.0
2795028.0
2795020.0
2795020.0
2795020.0
2795020.0
2795020.0
1601722.0
2062853.0
2352588.0
2546844.0
2676648.0
2754038.0
2796046.0
2815004.0
2822946.0
2825935.0
2826880.0
2827298.0
2827499.0
2827575.0
2827647.0
2827653.0
2827653.0
2827653.0
2827653.0
2827653.0
1607090.0
2068362.0
2352220.0
2537716.0
2655509.0
2724980.0
2761307.0
2777354.0
2784153.0
2786237.0
2786873.0
2787053.0
2787112.0
2787120.0
2787120.0
2787120.0
2787120.0
2787120.0
2787120.0
2787120.0
1601072.0
2072292.0
2368180.0
2561675.0
2685330.0
2758005.0
2795780.0
2812379.0
2818345.0
2820182.0
2820647.0
2820797.0
2820878.0
2820893.0
2820893.0
2820893.0
2820893.0
2820893.0
2820893.0
2820893.0
1612731.0
2078612.0
2360739.0
2539124.0
2649659.0
2715105.0
2749360.0
2763678.0
2769428.0
2771502.0
2772190.0
2772426.0
2772587.0
2772639.0
2772661.0
2772677.0
2772677.0
2772677.0
2772677.0
2772677.0
1600032.0
2083693.0
2389721.0
2593765.0
2726713.0
2807408.0
2850762.0
2869690.0
2877360.0
2880341.0
2881362.0
2881777.0
2881823.0
2881882.0
2881916.0
2881931.0
2881931.0
2881931.0
2881931.0
2881931.0
1585635.0
2095874.0
2428372.0
2646938.0
2788953.0
2874534.0
2919961.0
2937695.0
2944759.0
2947034.0
2947774.0
2948025.0
2948264.0
2948315.0
2948362.0
2948369.0
2948369.0
2948369.0
2948369.0
2948369.0
1596516.0
2090110.0
2405109.0
2612384.0
2746400.0
2827047.0
2870568.0
2888495.0
2895140.0
2897161.0
2897856.0
2898024.0
2898151.0
2898188.0
2898186.0
2898186.0
2898186.0
2898186.0
2898186.0
2898186.0
1607842.0
2097961.0
2405634.0
2601710.0
2726462.0
2800261.0
2840420.0
2857776.0
2864585.0
2867002.0
2867738.0
2867991.0
2868191.0
2868259.0
2868281.0
2868281.0
2868281.0
2868281.0
2868281.0
2868281.0
1597410.0
2088498.0
2400491.0
2608998.0
2746028.0
2828193.0
2873403.0
2893313.0
2901340.0
2903925.0
2904657.0
2904878.0
2904925.0
2904959.0
2904972.0
2904972.0
2904972.0
2904972.0
2904972.0
2904972.0
1603296.0
2083881.0
2386205.0
2585731.0
2713400.0
2789544.0
2829537.0
2847275.0
2853966.0
2856511.0
2857133.0
2857261.0
2857337.0
2857360.0
2857377.0
2857377.0
2857377.0
2857377.0
2857377.0
2857377.0
1610279.0
2095315.0
2398395.0
2593483.0
2716187.0
2789955.0
2829112.0
2846466.0
2852845.0
2854835.0
2855450.0
2855740.0
2855747.0
2855746.0
2855746.0
2855746.0
2855746.0
2855746.0
2855746.0
2855746.0
1598247.0
2104110.0
2430134.0
2645678.0
2786867.0
2871717.0
2916396.0
2935608.0
2942527.0
2944749.0
2945512.0
2945900.0
2946129.0
2946197.0
2946253.0
2946283.0
2946305.0
2946305.0
2946305.0
2946305.0
1605904.0
2075163.0
2365114.0
2554375.0
2677934.0
2752486.0
2792252.0
2811058.0
2818587.0
2821298.0
2822360.0
2822653.0
2822859.0
2822928.0
2822987.0
2822987.0
2822987.0
2822987.0
2822987.0
2822987.0
1602692.0
2076461.0
2374077.0
2570899.0
2698054.0
2773838.0
2813239.0
2830396.0
2836880.0
2839139.0
2839825.0
2840155.0
2840246.0
2840293.0
2840286.0
2840303.0
2840322.0
2840327.0
2840327.0
2840327.0
1611232.0
2082434.0
2369235.0
2546784.0
2656885.0
2720544.0
2753939.0
2769151.0
2774562.0
2776878.0
2777711.0
2778045.0
2778194.0
2778287.0
2778366.0
2778396.0
2778396.0
2778396.0
2778396.0
2778396.0
1612075.0
2070726.0
2347750.0
2522476.0
2631540.0
2694648.0
2728630.0
2743563.0
2749707.0
2752661.0
2753404.0
2753703.0
2753877.0
2753969.0
2753971.0
2753971.0
2753971.0
2753971.0
2753971.0
2753971.0
