1604424
2333249
2794860
3103651
3313870
3453964
3542421
3596908
3627248
3641831
3646522
3648368
3648863
3649012
3649012
3649012
3649012
3649012
3649012
3649012
1603108
2327727
2787389
3095150
3305499
3445414
3535206
3590393
3620967
3635395
3640872
3643212
3644519
3644799
3645012
3645065
3645142
3645142
3645142
3645142
1602643
2350193
2824930
3141570
3358912
3503854
3595844
3652799
3685051
3700909
3707839
3710731
3711434
3711609
3711731
3711773
3711773
3711773
3711773
3711773
1603911
2340065
2808151
3121895
3336008
3480287
3571520
3627060
3658073
3673429
3678974
3680401
3681146
3681240
3681287
3681287
3681287
3681287
3681287
3681287
1603074
2346358
2817321
3131219
3345857
3488073
3579031
3633615
3664040
3679161
3684736
3687375
3688356
3688700
3688755
3688755
3688755
3688755
3688755
3688755
1602322
2333379
2798072
3108808
3320820
3462644
3554218
3609695
3641624
3657011
3663340
3665496
3666301
3666690
3666736
3666773
3666773
3666773
3666773
3666773
1602470
2331787
2794429
3104350
3316224
3457579
3547397
3603141
3635431
3651655
3659055
3661729
3662577
3662757
3662757
3662757
3662757
3662757
3662757
3662757
1602641
2342591
2811478
3125661
3339097
3481527
3573183
3629302
3661646
3678540
3685527
3688417
3689627
3689897
3690021
3690021
3690021
3690021
3690021
3690021
1604221
2331800
2792105
3100822
3311003
3450881
3539276
3595233
3628317
3645397
3652944
3655602
3656424
3656594
3656659
3656718
3656718
3656718
3656718
3656718
1603344
2331060
2790594
3096108
3305847
3445830
3534520
3588316
3618104
3633113
3639012
3641329
3641941
3642114
3642162
3642162
3642162
3642162
3642162
3642162
1602934
2347596
2819381
3133065
3347744
3490640
3581787
3637202
3668282
3683259
3688946
3691364
3692352
3692809
3692955
3692955
3692955
3692955
3692955
3692955
1604577
2338742
2802315
3110993
3321547
3462601
3551978
3605022
3635941
3650010
3655533
3658056
3659274
3659548
3659710
3659710
3659710
3659710
3659710
3659710
1602911
2338041
2802050
3112722
3322185
3462065
3550254
3604008
3634441
3649171
3655298
3657272
3657904
3658041
3658041
3658041
3658041
3658041
3658041
3658041
1603372
2338596
2804037
3115268
3327838
3469722
3559475
3614065
3645652
3660841
3667193
3669898
3670902
3671153
3671153
3671153
3671153
3671153
3671153
3671153
1602781
2337104
2804959
3118627
3332342
3475444
3566815
3622293
3653928
3668661
3674305
3676535
3677329
3677603
3677735
3677822
3677822
3677822
3677822
3677822
1604878
2338119
2800743
3111340
3322049
3463050
3552755
3606584
3637633
3652319
3658063
3659849
3660586
3660952
3661092
3661174
3661174
3661174
3661174
3661174
1603642
2345284
2816035
3130918
3346294
3488935
3579285
3633459
3664833
3679393
3684850
3686799
3687535
3687777
3687931
3687931
3687931
3687931
3687931
3687931
1602714
2340088
2807941
3120749
3334373
3476522
3567830
3622731
3654399
3669486
3675654
3677778
3678338
3678432
3678487
3678487
3678487
3678487
3678487
3678487
1603567
2338451
2804626
3116157
3328840
3469616
3558924
3612975
3644602
3659822
3666242
3668638
3669528
3669901
3669901
3669901
3669901
3669901
3669901
3669901
1604521
2357709
2835564
3154663
3372078
3517136
3610246
3666750
3698228
3713939
3720494
3722816
3723581
3723723
3723768
3723768
3723768
3723768
3723768
3723768
1602571
2332185
2794660
3104766
3316588
3458266
3548714
3603587
3634096
3647305
3652086
3654303
3655146
3655290
3655290
3655290
3655290
3655290
3655290
3655290
1603369
2340148
2807225
3120018
3333928
3477442
3568225
3624549
3657541
3674545
3682066
3685365
3686704
3687068
3687172
3687229
3687229
3687229
3687229
3687229
1602548
2337943
2805755
3119350
3333653
3477040
3569161
3624461
3656817
3671334
3677520
3679304
3680017
3680242
3680370
3680420
3680420
3680420
3680420
3680420
1603222
2334559
2798849
3109005
3320335
3461764
3552946
3606994
3637164
3651970
3658047
3660568
3661146
3661281
3661321
3661366
3661366
3661366
3661366
3661366
1604020
2337410
2801549
3112407
3324307
3465813
3556019
3610827
3642525
3657790
3663607
3665614
3666296
3666522
3666575
3666604
3666604
3666604
3666604
3666604
1609295
2379496
2861806
3178784
3390332
3529675
3618375
3669765
3696826
3710511
3716468
3718552
3719198
3719334
3719400
3719400
3719400
3719400
3719400
3719400
1606549
2372182
2857380
3181052
3398068
3540957
3630100
3681854
3710038
3723681
3728689
3729984
3730461
3730548
3730598
3730598
3730598
3730598
3730598
3730598
1605203
2391140
2893399
3229228
3455978
3605780
3700008
3755950
3785534
3798433
3803205
3804669
3805174
3805342
3805412
3805412
3805412
3805412
3805412
3805412
1603470
2358911
2841958
3165044
3385342
3532581
3624960
3680231
3710760
3725082
3731002
3733307
3734185
3734418
3734470
3734470
3734470
3734470
3734470
3734470
1598303
2365865
2858632
3191037
3419388
3573436
3673263
3733619
3768886
3785810
3792002
3794113
3794830
3795258
3795292
3795292
3795292
3795292
3795292
3795292
1586957
2398232
2927088
3287738
3535718
3703507
3810822
3872596
3906807
3923088
3928547
3930854
3931627
3931951
3931995
3931995
3931995
3931995
3931995
3931995
1602494
2386532
2888753
3226301
3453207
3603128
3698553
3753834
3784753
3799152
3803796
3805574
3806194
3806483
3806571
3806620
3806620
3806620
3806620
3806620
1607287
2365513
2838162
3148266
3354650
3489928
3575513
3624765
3651625
3663659
3667993
3669404
3669960
3670230
3670278
3670306
3670306
3670306
3670306
3670306
1605154
2370496
2845667
3156201
3363632
3501969
3587714
3637285
3663504
3676496
3681889
3684303
3685098
3685385
3685546
3685608
3685608
3685608
3685608
3685608
1601722
2346505
2825746
3148654
3369558
3515952
3609810
3666948
3698518
3713611
3719114
3721448
3722401
3722887
3723113
3723191
3723191
3723191
3723191
3723191
1607090
2358362
2830872
3144018
3353211
3491424
3579595
3630368
3658201
3671731
3676845
3678039
3678398
3678444
3678444
3678444
3678444
3678444
3678444
3678444
1601072
2367714
2854518
3178487
3396630
3541039
3631086
3682965
3709487
3721548
3725291
3726311
3726714
3726847
3726847
3726847
3726847
3726847
3726847
3726847
1612731
2369450
2835383
3138700
3339535
3473577
3558860
3608082
3634658
3648060
3652962
3654732
3655567
3656043
3656373
3656465
3656465
3656465
3656465
3656465
1600032
2380635
2882001
3217685
3445015
3596434
3693060
3749554
3781240
3795941
3801792
3804133
3804899
3805194
3805364
3805435
3805435
3805435
3805435
3805435
1585635
2410304
2945792
3305442
3547167
3708248
3811085
3864715
3893543
3905922
3910110
3912067
3913122
3913701
3913856
3913917
3913917
3913917
3913917
3913917
1596516
2395130
2907373
3249596
3480198
3634973
3733832
3788611
3817116
3829131
3833132
3834812
3835361
3835520
3835556
3835556
3835556
3835556
3835556
3835556
1607842
2399363
2894980
3219288
3436590
3581471
3673698
3727314
3755331
3769062
3773750
3775791
3776777
3777191
3777329
3777329
3777329
3777329
3777329
3777329
1597410
2386274
2894549
3237694
3470990
3626357
3725245
3783871
3815616
3828873
3833537
3835456
3836211
3836425
3836558
3836558
3836558
3836558
3836558
3836558
1603296
2380033
2874687
3205061
3426122
3570334
3661001
3714827
3743366
3756889
3761941
3763399
3763797
3763902
3764007
3764007
3764007
3764007
3764007
3764007
1610279
2394427
2885449
3207507
3421669
3564057
3654866
3707434
3734843
3746725
3751176
3753154
3753707
3753742
3753742
3753742
3753742
3753742
3753742
3753742
1598247
2410278
2931902
3281838
3517719
3675271
3774264
3830544
3860073
3872553
3877008
3879246
3880081
3880603
3880867
3880999
3881061
3881061
3881061
3881061
1605904
2361603
2840606
3158343
3373760
3517684
3610378
3666460
3697507
3713314
3720062
3722715
3723923
3724296
3724585
3724585
3724585
3724585
3724585
3724585
1602692
2366951
2855471
3182631
3403788
3549976
3641311
3694966
3723300
3735965
3740907
3742361
3742964
3743211
3743362
3743447
3743510
3743577
3743577
3743577
1611232
2374834
2842895
3145232
3346041
3479174
3563273
3612921
3638566
3651694
3657349
3659799
3660686
3661281
3661526
3661660
3661660
3661660
3661660
3661660
1612075
2353536
2812198
3112328
3311902
3443594
3528432
3578697
3605601
3620447
3626668
3629215
3630423
3630993
3631029
3631029
3631029
3631029
3631029
3631029
