56283282
103427360
136844738
162806550
179939626
189450076
194049096
196242742
197236576
197666328
197817908
197851140
197868260
197882526
197882566
197882566
197882566
197882566
197882566
197882566
197882566
197882566
197882566
197882566
197882566
197882566
197882566
197882566
197882566
197882566
197882566
197882566
197882566
197882566
197882566
197882566
197882566
197882566
197882566
197882566
56331900
103215884
136492994
162205138
178935666
188177170
192837128
194944378
195857014
196249160
196370768
196390302
196393890
196393920
196393950
196393970
196393970
196393970
196393970
196393970
196393970
196393970
196393970
196393970
196393970
196393970
196393970
196393970
196393970
196393970
196393970
196393970
196393970
196393970
196393970
196393970
196393970
196393970
196393970
196393970
56288554
103373968
136901430
162718042
179552494
188798254
193363738
195461958
196393882
196739492
196839970
196879542
196883958
196887286
196890872
196890892
196890892
196890892
196890892
196890892
196890892
196890892
196890892
196890892
196890892
196890892
196890892
196890892
196890892
196890892
196890892
196890892
196890892
196890892
196890892
196890892
196890892
196890892
196890892
196890892
56282288
103308000
137037262
163733704
181212508
191296094
196368896
198813658
199866546
200250346
200416702
200485888
200513258
200516926
200516936
200516936
200516936
200516936
200516936
200516936
200516936
200516936
200516936
200516936
200516936
200516936
200516936
200516936
200516936
200516936
200516936
200516936
200516936
200516936
200516936
200516936
200516936
200516936
200516936
200516936
56246982
103211648
136743662
163018018
180356252
190010390
194944456
197213400
198231534
198650918
198806592
198872950
198910958
198927168
198934562
198934582
198934592
198934592
198934592
198934592
198934592
198934592
198934592
198934592
198934592
198934592
198934592
198934592
198934592
198934592
198934592
198934592
198934592
198934592
198934592
198934592
198934592
198934592
198934592
198934592
55967540
102371756
134694610
159618488
175741662
184653598
189013974
191030420
191968118
192329392
192476776
192534482
192560684
192564834
192568618
192568618
192568618
192568618
192568618
192568618
192568618
192568618
192568618
192568618
192568618
192568618
192568618
192568618
192568618
192568618
192568618
192568618
192568618
192568618
192568618
192568618
192568618
192568618
192568618
192568618
56396366
103209120
136661926
162523496
179562116
188876704
193613938
195822876
196801998
197182794
197292532
197337470
197355810
197359372
197359392
197359402
197359412
197359412
197359412
197359412
197359412
197359412
197359412
197359412
197359412
197359412
197359412
197359412
197359412
197359412
197359412
197359412
197359412
197359412
197359412
197359412
197359412
197359412
197359412
197359412
56078302
102468320
134529402
159592760
176047240
185074144
189461010
191386886
192221974
192563846
192678012
192724780
192736634
192739920
192743364
192747930
192747940
192747940
192747940
192747940
192747940
192747940
192747940
192747940
192747940
192747940
192747940
192747940
192747940
192747940
192747940
192747940
192747940
192747940
192747940
192747940
192747940
192747940
192747940
192747940
56217034
103063652
135938192
161083652
177541174
186552156
191034318
193186076
194208496
194646366
194787964
194856514
194882604
194886206
194889796
194889796
194889796
194889796
194889796
194889796
194889796
194889796
194889796
194889796
194889796
194889796
194889796
194889796
194889796
194889796
194889796
194889796
194889796
194889796
194889796
194889796
194889796
194889796
194889796
194889796
56353018
103546866
137480414
163950272
181531454
191507296
196570232
198952302
200053840
200493670
200674430
200739232
200751136
200751228
200751238
200751238
200751238
200751238
200751238
200751238
200751238
200751238
200751238
200751238
200751238
200751238
200751238
200751238
200751238
200751238
200751238
200751238
200751238
200751238
200751238
200751238
200751238
200751238
200751238
200751238
56116976
102863682
135243958
160187210
176237082
185226746
189658894
191837774
192807030
193180522
193321640
193373848
193392156
193398794
193404380
193404410
193404420
193404430
193404430
193404430
193404430
193404430
193404430
193404430
193404430
193404430
193404430
193404430
193404430
193404430
193404430
193404430
193404430
193404430
193404430
193404430
193404430
193404430
193404430
193404430
56400356
103633596
137146652
163175650
180150820
189762502
194563706
196907086
197924220
198319680
198469368
198511658
198530118
198540932
198544868
198544868
198544868
198544868
198544868
198544868
198544868
198544868
198544868
198544868
198544868
198544868
198544868
198544868
198544868
198544868
198544868
198544868
198544868
198544868
198544868
198544868
198544868
198544868
198544868
198544868
56328768
103190610
136656836
162751526
179984790
189609198
194434220
196689428
197712604
198121896
198273552
198334414
198348190
198351768
198351788
198351798
198351798
198351798
198351798
198351798
198351798
198351798
198351798
198351798
198351798
198351798
198351798
198351798
198351798
198351798
198351798
198351798
198351798
198351798
198351798
198351798
198351798
198351798
198351798
198351798
56260690
103179428
136127442
161843040
178644126
188008578
192683138
194904974
195846530
196247930
196417486
196505596
196526344
196534408
196534408
196534408
196534408
196534408
196534408
196534408
196534408
196534408
196534408
196534408
196534408
196534408
196534408
196534408
196534408
196534408
196534408
196534408
196534408
196534408
196534408
196534408
196534408
196534408
196534408
196534408
56574096
103915640
138038492
164570500
181888116
191657980
196505500
198781484
199857152
200292712
200473884
200529340
200549652
200560738
200564128
200564138
200564148
200564148
200564148
200564148
200564148
200564148
200564148
200564148
200564148
200564148
200564148
200564148
200564148
200564148
200564148
200564148
200564148
200564148
200564148
200564148
200564148
200564148
200564148
200564148
56468452
103844746
138111584
164882884
182420880
192389722
197442274
199879952
200951720
201413840
201594342
201672064
201689188
201693080
201693130
201693140
201693140
201693140
201693140
201693140
201693140
201693140
201693140
201693140
201693140
201693140
201693140
201693140
201693140
201693140
201693140
201693140
201693140
201693140
201693140
201693140
201693140
201693140
201693140
201693140
56474612
103862048
138643440
166285884
184883730
195430076
200760184
203244248
204316842
204775938
204931544
204984836
205010474
205014062
205014062
205014062
205014062
205014062
205014062
205014062
205014062
205014062
205014062
205014062
205014062
205014062
205014062
205014062
205014062
205014062
205014062
205014062
205014062
205014062
205014062
205014062
205014062
205014062
205014062
205014062
56266778
103323274
136652656
162636490
179697122
189479502
194495328
196856984
197940696
198347684
198504400
198572144
198580536
198584216
198586796
198586796
198586796
198586796
198586796
198586796
198586796
198586796
198586796
198586796
198586796
198586796
198586796
198586796
198586796
198586796
198586796
198586796
198586796
198586796
198586796
198586796
198586796
198586796
198586796
198586796
56237374
103098976
136139270
161566202
178014188
187034018
191422752
193484990
194374804
194741894
194883256
194941600
194957724
194961328
194961348
194961358
194961368
194961378
194961378
194961378
194961378
194961378
194961378
194961378
194961378
194961378
194961378
194961378
194961378
194961378
194961378
194961378
194961378
194961378
194961378
194961378
194961378
194961378
194961378
194961378
56263616
103140122
136377046
162223776
179423082
189070466
193895036
196231670
197151728
197492872
197621282
197668858
197681150
197688512
197688522
197688522
197688522
197688522
197688522
197688522
197688522
197688522
197688522
197688522
197688522
197688522
197688522
197688522
197688522
197688522
197688522
197688522
197688522
197688522
197688522
197688522
197688522
197688522
197688522
197688522
56245164
103080936
136237278
162012700
178966292
188489220
193283474
195616752
196530904
196887968
197042200
197102172
197138380
197159772
197163782
197163792
197163792
197163792
197163792
197163792
197163792
197163792
197163792
197163792
197163792
197163792
197163792
197163792
197163792
197163792
197163792
197163792
197163792
197163792
197163792
197163792
197163792
197163792
197163792
197163792
56437376
103674520
137096958
163050982
180185712
189687176
194439268
196711202
197695754
198083072
198260472
198331234
198364072
198370516
198374034
198374034
198374034
198374034
198374034
198374034
198374034
198374034
198374034
198374034
198374034
198374034
198374034
198374034
198374034
198374034
198374034
198374034
198374034
198374034
198374034
198374034
198374034
198374034
198374034
198374034
56405578
103500164
137217082
163650850
180845362
190292852
194956106
197141830
198096532
198482154
198628626
198672310
198696776
198703950
198703950
198703950
198703950
198703950
198703950
198703950
198703950
198703950
198703950
198703950
198703950
198703950
198703950
198703950
198703950
198703950
198703950
198703950
198703950
198703950
198703950
198703950
198703950
198703950
198703950
198703950
56211224
103069470
136402882
162319800
179196722
188641020
193278278
195357558
196282288
196631546
196783220
196820332
196836776
196836816
196836826
196836826
196836826
196836826
196836826
196836826
196836826
196836826
196836826
196836826
196836826
196836826
196836826
196836826
196836826
196836826
196836826
196836826
196836826
196836826
196836826
196836826
196836826
196836826
196836826
196836826
56187730
103065000
135972314
161218440
177563092
186533964
190959292
193038428
193890106
194191778
194308696
194347544
194366122
194373438
194373438
194373438
194373438
194373438
194373438
194373438
194373438
194373438
194373438
194373438
194373438
194373438
194373438
194373438
194373438
194373438
194373438
194373438
194373438
194373438
194373438
194373438
194373438
194373438
194373438
194373438
56389628
103241272
136439868
161856818
178419112
187575680
191907402
193938948
194832742
195208934
195359264
195417934
195434154
195437518
195441660
195441670
195441670
195441670
195441670
195441670
195441670
195441670
195441670
195441670
195441670
195441670
195441670
195441670
195441670
195441670
195441670
195441670
195441670
195441670
195441670
195441670
195441670
195441670
195441670
195441670
56483154
103718910
137389916
163455650
180645586
190330186
195187518
197614758
198702156
199104418
199269848
199321372
199341542
199341582
199341582
199341582
199341582
199341582
199341582
199341582
199341582
199341582
199341582
199341582
199341582
199341582
199341582
199341582
199341582
199341582
199341582
199341582
199341582
199341582
199341582
199341582
199341582
199341582
199341582
199341582
56314108
103114970
136163068
161016694
176869776
185328410
189248738
190957656
191697202
191991044
192089640
192119208
192122944
192126762
192126772
192126772
192126772
192126772
192126772
192126772
192126772
192126772
192126772
192126772
192126772
192126772
192126772
192126772
192126772
192126772
192126772
192126772
192126772
192126772
192126772
192126772
192126772
192126772
192126772
192126772
56224764
103143618
136402450
161871918
178304894
187391666
191875198
193963792
194893502
195255696
195415674
195474002
195502078
195509392
195512648
195512648
195512648
195512648
195512648
195512648
195512648
195512648
195512648
195512648
195512648
195512648
195512648
195512648
195512648
195512648
195512648
195512648
195512648
195512648
195512648
195512648
195512648
195512648
195512648
195512648
56299956
103093290
136058482
161296974
177623538
186732698
191273780
193466298
194420592
194852256
195038256
195100992
195111060
195114100
195114150
195114180
195114190
195114200
195114200
195114200
195114200
195114200
195114200
195114200
195114200
195114200
195114200
195114200
195114200
195114200
195114200
195114200
195114200
195114200
195114200
195114200
195114200
195114200
195114200
195114200
56336588
103311132
137021732
163557414
181237870
191347616
196535562
199009076
200151630
200610888
200791948
200862360
200876422
200876472
200876492
200876502
200876512
200876522
200876532
200876532
200876532
200876532
200876532
200876532
200876532
200876532
200876532
200876532
200876532
200876532
200876532
200876532
200876532
200876532
200876532
200876532
200876532
200876532
200876532
200876532
56255380
102941040
135839662
161105956
177527868
186392030
190702918
192691342
193547246
193889408
194014716
194049454
194056652
194056702
194056712
194056722
194056732
194056732
194056732
194056732
194056732
194056732
194056732
194056732
194056732
194056732
194056732
194056732
194056732
194056732
194056732
194056732
194056732
194056732
194056732
194056732
194056732
194056732
194056732
194056732
56284028
103106552
136611436
162519878
179302550
188581872
193139802
195265372
196182546
196482594
196607110
196656284
196676984
196683060
196683070
196683070
196683070
196683070
196683070
196683070
196683070
196683070
196683070
196683070
196683070
196683070
196683070
196683070
196683070
196683070
196683070
196683070
196683070
196683070
196683070
196683070
196683070
196683070
196683070
196683070
56236632
103178552
136089222
161583662
177982516
187166626
191732514
193849124
194823848
195203932
195372862
195454008
195479464
195482520
195482530
195482540
195482550
195482550
195482550
195482550
195482550
195482550
195482550
195482550
195482550
195482550
195482550
195482550
195482550
195482550
195482550
195482550
195482550
195482550
195482550
195482550
195482550
195482550
195482550
195482550
56170840
102635178
134985238
159942380
176172802
185026936
189347128
191307774
192100874
192427840
192563950
192609604
192624322
192631700
192635320
192638456
192642036
192642036
192642036
192642036
192642036
192642036
192642036
192642036
192642036
192642036
192642036
192642036
192642036
192642036
192642036
192642036
192642036
192642036
192642036
192642036
192642036
192642036
192642036
192642036
56198468
103045318
136193512
161839698
178646448
187924470
192477782
194587448
195485396
195821868
195948430
195984466
196004820
196007924
196007954
196007954
196007954
196007954
196007954
196007954
196007954
196007954
196007954
196007954
196007954
196007954
196007954
196007954
196007954
196007954
196007954
196007954
196007954
196007954
196007954
196007954
196007954
196007954
196007954
196007954
56215882
102919254
135606000
160853172
177322208
186493646
191018856
193153954
194094894
194474684
194602614
194642898
194656696
194667892
194667912
194667912
194667912
194667912
194667912
194667912
194667912
194667912
194667912
194667912
194667912
194667912
194667912
194667912
194667912
194667912
194667912
194667912
194667912
194667912
194667912
194667912
194667912
194667912
194667912
194667912
56267040
103238116
136491440
162206066
178883734
188287498
192884278
195029564
195950928
196326988
196459334
196494440
196502220
196506370
196510598
196510608
196510608
196510608
196510608
196510608
196510608
196510608
196510608
196510608
196510608
196510608
196510608
196510608
196510608
196510608
196510608
196510608
196510608
196510608
196510608
196510608
196510608
196510608
196510608
196510608
56143184
102751130
135363100
160317176
176487634
185270586
189633780
191668978
192553946
192891604
193040374
193100008
193107364
193110434
193110454
193110464
193110464
193110464
193110464
193110464
193110464
193110464
193110464
193110464
193110464
193110464
193110464
193110464
193110464
193110464
193110464
193110464
193110464
193110464
193110464
193110464
193110464
193110464
193110464
193110464
56120494
102729396
134845156
159029782
174708844
183494684
187978518
190076510
190922748
191290274
191448246
191484916
191503346
191515104
191515104
191515104
191515104
191515104
191515104
191515104
191515104
191515104
191515104
191515104
191515104
191515104
191515104
191515104
191515104
191515104
191515104
191515104
191515104
191515104
191515104
191515104
191515104
191515104
191515104
191515104
56017284
102347286
134174198
158540904
173854990
182086664
186069244
187854890
188653634
188974910
189115600
189173894
189190306
189193936
189197590
189197590
189197590
189197590
189197590
189197590
189197590
189197590
189197590
189197590
189197590
189197590
189197590
189197590
189197590
189197590
189197590
189197590
189197590
189197590
189197590
189197590
189197590
189197590
189197590
189197590
56331684
103476368
137021644
163058200
180152132
189647674
194367292
196622704
197540528
197873734
198020488
198051720
198060234
198064384
198064404
198064424
198064424
198064424
198064424
198064424
198064424
198064424
198064424
198064424
198064424
198064424
198064424
198064424
198064424
198064424
198064424
198064424
198064424
198064424
198064424
198064424
198064424
198064424
198064424
198064424
56363026
103507432
137400122
163866912
181384354
191215530
196138548
198430964
199427196
199834326
200009936
200064218
200084342
200084402
200084432
200084432
200084432
200084432
200084432
200084432
200084432
200084432
200084432
200084432
200084432
200084432
200084432
200084432
200084432
200084432
200084432
200084432
200084432
200084432
200084432
200084432
200084432
200084432
200084432
200084432
56201640
103016758
135835890
161079778
177445094
186439104
190835918
192915838
193848138
194260808
194399170
194455890
194477578
194484666
194484686
194484696
194484696
194484696
194484696
194484696
194484696
194484696
194484696
194484696
194484696
194484696
194484696
194484696
194484696
194484696
194484696
194484696
194484696
194484696
194484696
194484696
194484696
194484696
194484696
194484696
56165470
102591652
134804928
159029824
174567294
183047414
187235190
189272740
190141772
190560992
190732078
190794634
190817324
190826092
190826102
190826102
190826102
190826102
190826102
190826102
190826102
190826102
190826102
190826102
190826102
190826102
190826102
190826102
190826102
190826102
190826102
190826102
190826102
190826102
190826102
190826102
190826102
190826102
190826102
190826102
56434004
103755010
137722014
164164198
181494340
191194976
196098528
198458228
199533884
199964250
200110846
200165176
200184346
200184406
200184436
200184456
200184466
200184476
200184476
200184476
200184476
200184476
200184476
200184476
200184476
200184476
200184476
200184476
200184476
200184476
200184476
200184476
200184476
200184476
200184476
200184476
200184476
200184476
200184476
200184476
56407608
103452366
137318262
163937140
181370668
191197892
196036608
198341998
199346654
199745798
199899764
199953226
199966536
199969914
199973548
199973568
199973568
199973568
199973568
199973568
199973568
199973568
199973568
199973568
199973568
199973568
199973568
199973568
199973568
199973568
199973568
199973568
199973568
199973568
199973568
199973568
199973568
199973568
199973568
199973568
56221106
102712702
134745916
159138976
174857076
183460398
187774578
189693044
190543250
190878036
191031102
191088018
191113218
191123374
191123394
191123394
191123394
191123394
191123394
191123394
191123394
191123394
191123394
191123394
191123394
191123394
191123394
191123394
191123394
191123394
191123394
191123394
191123394
191123394
191123394
191123394
191123394
191123394
191123394
191123394
56166300
102780990
135016614
160188494
176728848
185959122
190462088
192548826
193441076
193802800
193928304
193963536
193975034
193982806
193982826
193982826
193982826
193982826
193982826
193982826
193982826
193982826
193982826
193982826
193982826
193982826
193982826
193982826
193982826
193982826
193982826
193982826
193982826
193982826
193982826
193982826
193982826
193982826
193982826
193982826
56134316
102888438
135528126
160568582
176582386
185262934
189572602
191530016
192329952
192688870
192803824
192851176
192867448
192875830
192875840
192875840
192875840
192875840
192875840
192875840
192875840
192875840
192875840
192875840
192875840
192875840
192875840
192875840
192875840
192875840
192875840
192875840
192875840
192875840
192875840
192875840
192875840
192875840
192875840
192875840
56228962
103136312
136364790
162127996
178588546
187670726
192042806
194071310
194983704
195334108
195478162
195522892
195537404
195537464
195537474
195537474
195537474
195537474
195537474
195537474
195537474
195537474
195537474
195537474
195537474
195537474
195537474
195537474
195537474
195537474
195537474
195537474
195537474
195537474
195537474
195537474
195537474
195537474
195537474
195537474
56216794
103250688
136130888
161437216
178183800
187413716
192170966
194360202
195424368
195876440
196049502
196125976
196153864
196163160
196169618
196173314
196173314
196173314
196173314
196173314
196173314
196173314
196173314
196173314
196173314
196173314
196173314
196173314
196173314
196173314
196173314
196173314
196173314
196173314
196173314
196173314
196173314
196173314
196173314
196173314
56311288
103325348
136830212
162450268
179123496
188142464
192762350
194958136
195897538
196306720
196467292
196518568
196542904
196554434
196557384
196557384
196557384
196557384
196557384
196557384
196557384
196557384
196557384
196557384
196557384
196557384
196557384
196557384
196557384
196557384
196557384
196557384
196557384
196557384
196557384
196557384
196557384
196557384
196557384
196557384
56302072
103164218
136186744
161493728
178087552
187347746
191986300
194043640
194902690
195246938
195391826
195455512
195473632
195490056
195494002
195494012
195494022
195494022
195494022
195494022
195494022
195494022
195494022
195494022
195494022
195494022
195494022
195494022
195494022
195494022
195494022
195494022
195494022
195494022
195494022
195494022
195494022
195494022
195494022
195494022
56025572
102673510
135090352
160181090
176475196
185434994
189954356
192094700
193100370
193517094
193678868
193726268
193736592
193740086
193740106
193740106
193740106
193740106
193740106
193740106
193740106
193740106
193740106
193740106
193740106
193740106
193740106
193740106
193740106
193740106
193740106
193740106
193740106
193740106
193740106
193740106
193740106
193740106
193740106
193740106
56164420
103021530
135651130
160957824
177290166
186342540
190733698
192756606
193644306
194018542
194142902
194168918
194179684
194184306
194187778
194187778
194187778
194187778
194187778
194187778
194187778
194187778
194187778
194187778
194187778
194187778
194187778
194187778
194187778
194187778
194187778
194187778
194187778
194187778
194187778
194187778
194187778
194187778
194187778
194187778
56294306
103430726
136937382
163049108
180149436
189736212
194532766
196705970
197667612
198002816
198135620
198171590
198182618
198182782
198182802
198182812
198182812
198182812
198182812
198182812
198182812
198182812
198182812
198182812
198182812
198182812
198182812
198182812
198182812
198182812
198182812
198182812
198182812
198182812
198182812
198182812
198182812
198182812
198182812
198182812
56144978
103019190
135945542
161753038
178688306
188199362
192912030
195053586
195989544
196362202
196501374
196556422
196576284
196587936
196591242
196591242
196591242
196591242
196591242
196591242
196591242
196591242
196591242
196591242
196591242
196591242
196591242
196591242
196591242
196591242
196591242
196591242
196591242
196591242
196591242
196591242
196591242
196591242
196591242
196591242
56244200
102877706
135337266
160437438
176519370
185433746
189603540
191562776
192427322
192808812
192966596
193012164
193033684
193044264
193047762
193047772
193047772
193047772
193047772
193047772
193047772
193047772
193047772
193047772
193047772
193047772
193047772
193047772
193047772
193047772
193047772
193047772
193047772
193047772
193047772
193047772
193047772
193047772
193047772
193047772
55964040
102394962
134384690
159068956
174939396
183740764
188064660
190134128
191023362
191374838
191523206
191570900
191595650
191595680
191595690
191595690
191595690
191595690
191595690
191595690
191595690
191595690
191595690
191595690
191595690
191595690
191595690
191595690
191595690
191595690
191595690
191595690
191595690
191595690
191595690
191595690
191595690
191595690
191595690
191595690
56275164
103192314
136934586
163323132
180725358
190576056
195620608
198038442
199037840
199489020
199650432
199709620
199727564
199730368
199733678
199737950
199741728
199741728
199741728
199741728
199741728
199741728
199741728
199741728
199741728
199741728
199741728
199741728
199741728
199741728
199741728
199741728
199741728
199741728
199741728
199741728
199741728
199741728
199741728
199741728
56322394
103125060
136125756
161540488
178304760
187531144
192088920
194209008
195162514
195540456
195711344
195744908
195755186
195758162
195758182
195758182
195758182
195758182
195758182
195758182
195758182
195758182
195758182
195758182
195758182
195758182
195758182
195758182
195758182
195758182
195758182
195758182
195758182
195758182
195758182
195758182
195758182
195758182
195758182
195758182
56348486
103490890
137666838
164729416
183249134
193785142
199288956
201807892
202884162
203293920
203451116
203524574
203552880
203562882
203569146
203569156
203569156
203569156
203569156
203569156
203569156
203569156
203569156
203569156
203569156
203569156
203569156
203569156
203569156
203569156
203569156
203569156
203569156
203569156
203569156
203569156
203569156
203569156
203569156
203569156
56189852
103027732
136606104
163113264
180476082
190411668
195337246
197589346
198489554
198841074
198965200
199010784
199028152
199031776
199031786
199031796
199031796
199031796
199031796
199031796
199031796
199031796
199031796
199031796
199031796
199031796
199031796
199031796
199031796
199031796
199031796
199031796
199031796
199031796
199031796
199031796
199031796
199031796
199031796
199031796
56303034
103153598
136541026
162285746
179097938
188312480
192820520
194906992
195828078
196202396
196360754
196398256
196403324
196403354
196403364
196403364
196403364
196403364
196403364
196403364
196403364
196403364
196403364
196403364
196403364
196403364
196403364
196403364
196403364
196403364
196403364
196403364
196403364
196403364
196403364
196403364
196403364
196403364
196403364
196403364
56358840
103526158
137696514
164473078
182193848
192421614
197500232
199846576
200910546
201362636
201573234
201660500
201689790
201693090
201693150
201693150
201693150
201693150
201693150
201693150
201693150
201693150
201693150
201693150
201693150
201693150
201693150
201693150
201693150
201693150
201693150
201693150
201693150
201693150
201693150
201693150
201693150
201693150
201693150
201693150
56212940
103156990
136381724
162275072
179135708
188309320
192768534
194731898
195582344
195940458
196062074
196110970
196134884
196141692
196141722
196141722
196141722
196141722
196141722
196141722
196141722
196141722
196141722
196141722
196141722
196141722
196141722
196141722
196141722
196141722
196141722
196141722
196141722
196141722
196141722
196141722
196141722
196141722
196141722
196141722
56229682
102959642
136024490
161833228
178552668
187977780
192716056
194799418
195786722
196190654
196376280
196430336
196451150
196458686
196458716
196458736
196458736
196458736
196458736
196458736
196458736
196458736
196458736
196458736
196458736
196458736
196458736
196458736
196458736
196458736
196458736
196458736
196458736
196458736
196458736
196458736
196458736
196458736
196458736
196458736
56148732
102876882
136019336
161848658
178752666
187983336
192549164
194552998
195439044
195790814
195922920
195965086
195977600
195984292
195988246
195988246
195988246
195988246
195988246
195988246
195988246
195988246
195988246
195988246
195988246
195988246
195988246
195988246
195988246
195988246
195988246
195988246
195988246
195988246
195988246
195988246
195988246
195988246
195988246
195988246
55972742
102342786
134157844
158226068
174147708
182883468
187088054
189082160
189984298
190349984
190486918
190518754
190525986
190526006
190526006
190526006
190526006
190526006
190526006
190526006
190526006
190526006
190526006
190526006
190526006
190526006
190526006
190526006
190526006
190526006
190526006
190526006
190526006
190526006
190526006
190526006
190526006
190526006
190526006
190526006
56228218
102977938
135923842
160965098
177201958
185929140
190250064
192272806
193112088
193499340
193631644
193671934
193679400
193679554
193679668
193679668
193679668
193679668
193679668
193679668
193679668
193679668
193679668
193679668
193679668
193679668
193679668
193679668
193679668
193679668
193679668
193679668
193679668
193679668
193679668
193679668
193679668
193679668
193679668
193679668
56121088
102675644
135434994
160412794
176361306
185061290
189226862
191141220
191936924
192215712
192328104
192369748
192387086
192390528
192390538
192390538
192390538
192390538
192390538
192390538
192390538
192390538
192390538
192390538
192390538
192390538
192390538
192390538
192390538
192390538
192390538
192390538
192390538
192390538
192390538
192390538
192390538
192390538
192390538
192390538
56307644
103258668
136482474
162215786
179062558
188529586
193298736
195552176
196498030
196845548
196956262
196999468
197015310
197022696
197022716
197022716
197022716
197022716
197022716
197022716
197022716
197022716
197022716
197022716
197022716
197022716
197022716
197022716
197022716
197022716
197022716
197022716
197022716
197022716
197022716
197022716
197022716
197022716
197022716
197022716
56361556
103406740
137391012
164152400
181495504
191369830
196482384
198845656
199824874
200220374
200381778
200435808
200457518
200461462
200461482
200461482
200461482
200461482
200461482
200461482
200461482
200461482
200461482
200461482
200461482
200461482
200461482
200461482
200461482
200461482
200461482
200461482
200461482
200461482
200461482
200461482
200461482
200461482
200461482
200461482
56148726
102810998
135626446
160888290
177238066
186328010
190734410
192818852
193678916
194018598
194176804
194237856
194252182
194255296
194258860
194258880
194258880
194258880
194258880
194258880
194258880
194258880
194258880
194258880
194258880
194258880
194258880
194258880
194258880
194258880
194258880
194258880
194258880
194258880
194258880
194258880
194258880
194258880
194258880
194258880
56306576
103323756
136644246
162604396
179621928
189211294
193965240
196238580
197150374
197557078
197763898
197840934
197869012
197880508
197884670
197884670
197884670
197884670
197884670
197884670
197884670
197884670
197884670
197884670
197884670
197884670
197884670
197884670
197884670
197884670
197884670
197884670
197884670
197884670
197884670
197884670
197884670
197884670
197884670
197884670
56398796
103633426
137394170
163933750
181344592
191074870
195983868
198303856
199371494
199823788
199986544
200046296
200067520
200071666
200071686
200071686
200071686
200071686
200071686
200071686
200071686
200071686
200071686
200071686
200071686
200071686
200071686
200071686
200071686
200071686
200071686
200071686
200071686
200071686
200071686
200071686
200071686
200071686
200071686
200071686
56295286
103165850
136155788
161360954
177922730
187218304
191913676
194186364
195246932
195684224
195844830
195899546
195913500
195922290
195922394
195922394
195922394
195922394
195922394
195922394
195922394
195922394
195922394
195922394
195922394
195922394
195922394
195922394
195922394
195922394
195922394
195922394
195922394
195922394
195922394
195922394
195922394
195922394
195922394
195922394
56217718
102895550
135857330
161469054
178046566
187122530
191570788
193630602
194468596
194799466
194920260
194967992
194979216
194979276
194979276
194979276
194979276
194979276
194979276
194979276
194979276
194979276
194979276
194979276
194979276
194979276
194979276
194979276
194979276
194979276
194979276
194979276
194979276
194979276
194979276
194979276
194979276
194979276
194979276
194979276
56439316
103624484
137308362
163601642
181036168
190829898
195639934
197808102
198748038
199094612
199202770
199251066
199275324
199289568
199293208
199296414
199296414
199296414
199296414
199296414
199296414
199296414
199296414
199296414
199296414
199296414
199296414
199296414
199296414
199296414
199296414
199296414
199296414
199296414
199296414
199296414
199296414
199296414
199296414
199296414
56265368
102946788
136002902
161336950
177862808
186930108
191386174
193494484
194450368
194833026
194970950
195029852
195049000
195049080
195049100
195049110
195049120
195049120
195049120
195049120
195049120
195049120
195049120
195049120
195049120
195049120
195049120
195049120
195049120
195049120
195049120
195049120
195049120
195049120
195049120
195049120
195049120
195049120
195049120
195049120
56146074
102871144
135894454
161657990
178496268
187724872
192177798
194176900
195003504
195356496
195513736
195584126
195617962
195634092
195636766
195636766
195636766
195636766
195636766
195636766
195636766
195636766
195636766
195636766
195636766
195636766
195636766
195636766
195636766
195636766
195636766
195636766
195636766
195636766
195636766
195636766
195636766
195636766
195636766
195636766
56180764
102986154
136207672
161946218
178572164
187666718
192262788
194515024
195449016
195851148
195974158
196011274
196035172
196048214
196048244
196048264
196048264
196048264
196048264
196048264
196048264
196048264
196048264
196048264
196048264
196048264
196048264
196048264
196048264
196048264
196048264
196048264
196048264
196048264
196048264
196048264
196048264
196048264
196048264
196048264
56434742
103485182
137296488
163625080
180939714
190670222
195508232
197883168
198861356
199342654
199505710
199566476
199581800
199582824
199582824
199582824
199582824
199582824
199582824
199582824
199582824
199582824
199582824
199582824
199582824
199582824
199582824
199582824
199582824
199582824
199582824
199582824
199582824
199582824
199582824
199582824
199582824
199582824
199582824
199582824
56339504
103170706
136260178
161848816
178450412
187434238
191844444
193918832
194792552
195187554
195325678
195379084
195391746
195391766
195391766
195391766
195391766
195391766
195391766
195391766
195391766
195391766
195391766
195391766
195391766
195391766
195391766
195391766
195391766
195391766
195391766
195391766
195391766
195391766
195391766
195391766
195391766
195391766
195391766
195391766
56277780
103077526
135992538
161542082
178344716
187539048
192027850
194091700
194964072
195325700
195459584
195490714
195502614
195502644
195502654
195502654
195502654
195502654
195502654
195502654
195502654
195502654
195502654
195502654
195502654
195502654
195502654
195502654
195502654
195502654
195502654
195502654
195502654
195502654
195502654
195502654
195502654
195502654
195502654
195502654
56323970
103243104
136702094
162795622
179850662
189329640
194126544
196357078
197305560
197684378
197833664
197903522
197919752
197919812
197919832
197919832
197919832
197919832
197919832
197919832
197919832
197919832
197919832
197919832
197919832
197919832
197919832
197919832
197919832
197919832
197919832
197919832
197919832
197919832
197919832
197919832
197919832
197919832
197919832
197919832
56193784
102966230
136104794
162251092
179428948
189114228
194064268
196347908
197378820
197827304
198024718
198076310
198092492
198092542
198092552
198092552
198092552
198092552
198092552
198092552
198092552
198092552
198092552
198092552
198092552
198092552
198092552
198092552
198092552
198092552
198092552
198092552
198092552
198092552
198092552
198092552
198092552
198092552
198092552
198092552
56310690
103220992
136754422
162885554
179875514
189261780
193900088
196038410
196906090
197273202
197407884
197451708
197462070
197462110
197462120
197462120
197462120
197462120
197462120
197462120
197462120
197462120
197462120
197462120
197462120
197462120
197462120
197462120
197462120
197462120
197462120
197462120
197462120
197462120
197462120
197462120
197462120
197462120
197462120
197462120
56211662
103139186
136349484
162121866
179263174
188909164
193751012
196151894
197238506
197672582
197816212
197860096
197881328
197885262
197885282
197885302
197885302
197885302
197885302
197885302
197885302
197885302
197885302
197885302
197885302
197885302
197885302
197885302
197885302
197885302
197885302
197885302
197885302
197885302
197885302
197885302
197885302
197885302
197885302
197885302
56254474
103099718
136514982
162327354
179256584
188619570
193186644
195383212
196374074
196766252
196936414
196991590
197010268
197010338
197010358
197010358
197010358
197010358
197010358
197010358
197010358
197010358
197010358
197010358
197010358
197010358
197010358
197010358
197010358
197010358
197010358
197010358
197010358
197010358
197010358
197010358
197010358
197010358
197010358
197010358
56450938
103494758
136912580
162976458
180352998
189879992
194508498
196676380
197583556
197948994
198060798
198083586
198092528
198092618
198092648
198092658
198092658
198092658
198092658
198092658
198092658
198092658
198092658
198092658
198092658
198092658
198092658
198092658
198092658
198092658
198092658
198092658
198092658
198092658
198092658
198092658
198092658
198092658
198092658
198092658
56153994
102422158
134438274
158966962
174428262
182813508
186826132
188569702
189347662
189669000
189810192
189866606
189880568
189888368
189888368
189888368
189888368
189888368
189888368
189888368
189888368
189888368
189888368
189888368
189888368
189888368
189888368
189888368
189888368
189888368
189888368
189888368
189888368
189888368
189888368
189888368
189888368
189888368
189888368
189888368
56061426
102893694
135553102
160656990
176893600
185879988
190410032
192536080
193524484
193984672
194143386
194200424
194219026
194219284
194219304
194219304
194219304
194219304
194219304
194219304
194219304
194219304
194219304
194219304
194219304
194219304
194219304
194219304
194219304
194219304
194219304
194219304
194219304
194219304
194219304
194219304
194219304
194219304
194219304
194219304
56116500
102453128
134427418
158941522
174705936
183284460
187459408
189324896
190061124
190352286
190480082
190524884
190543836
190547290
190547300
190547300
190547300
190547300
190547300
190547300
190547300
190547300
190547300
190547300
190547300
190547300
190547300
190547300
190547300
190547300
190547300
190547300
190547300
190547300
190547300
190547300
190547300
190547300
190547300
190547300
56367054
103631142
137621988
163992086
181273666
190830816
195838360
198178464
199274726
199761728
199965214
200041068
200071764
200087024
200097002
200099432
200099442
200099442
200099442
200099442
200099442
200099442
200099442
200099442
200099442
200099442
200099442
200099442
200099442
200099442
200099442
200099442
200099442
200099442
200099442
200099442
200099442
200099442
200099442
200099442
56244568
103115600
136237576
162148444
179008266
188594972
193363776
195609308
196614562
197004956
197166328
197221244
197236166
197243342
197247254
197247254
197247254
197247254
197247254
197247254
197247254
197247254
197247254
197247254
197247254
197247254
197247254
197247254
197247254
197247254
197247254
197247254
197247254
197247254
197247254
197247254
197247254
197247254
197247254
197247254
56170210
102924198
136044046
161705760
178492886
188036790
192781374
195026224
196028804
196491880
196673898
196736106
196753260
196761746
196761900
196761910
196761920
196761920
196761920
196761920
196761920
196761920
196761920
196761920
196761920
196761920
196761920
196761920
196761920
196761920
196761920
196761920
196761920
196761920
196761920
196761920
196761920
196761920
196761920
196761920
56106798
102782148
135467270
160629532
176884142
185833322
190356344
192557490
193547208
193950514
194120660
194173272
194197988
194201926
194201946
194201946
194201946
194201946
194201946
194201946
194201946
194201946
194201946
194201946
194201946
194201946
194201946
194201946
194201946
194201946
194201946
194201946
194201946
194201946
194201946
194201946
194201946
194201946
194201946
194201946
56226576
102676860
135071612
159746472
175665388
184109332
188284368
190245730
191141940
191534830
191657964
191697242
191703492
191706746
191706746
191706746
191706746
191706746
191706746
191706746
191706746
191706746
191706746
191706746
191706746
191706746
191706746
191706746
191706746
191706746
191706746
191706746
191706746
191706746
191706746
191706746
191706746
191706746
191706746
191706746
56343584
103527684
137193624
163511526
180907874
190716348
195670094
198003152
199117322
199614606
199817936
199889458
199919694
199928862
199932876
199932886
199932886
199932886
199932886
199932886
199932886
199932886
199932886
199932886
199932886
199932886
199932886
199932886
199932886
199932886
199932886
199932886
199932886
199932886
199932886
199932886
199932886
199932886
199932886
199932886
56212232
102944132
136011684
161731086
178518054
187783734
192217932
194282504
195122030
195471032
195580510
195611080
195618002
195621766
195626196
195626206
195626206
195626206
195626206
195626206
195626206
195626206
195626206
195626206
195626206
195626206
195626206
195626206
195626206
195626206
195626206
195626206
195626206
195626206
195626206
195626206
195626206
195626206
195626206
195626206
56245698
103245666
136800154
162860254
179731920
189013850
193693396
195879118
196889898
197284256
197443958
197489718
197508688
197516504
197516554
197516574
197516574
197516574
197516574
197516574
197516574
197516574
197516574
197516574
197516574
197516574
197516574
197516574
197516574
197516574
197516574
197516574
197516574
197516574
197516574
197516574
197516574
197516574
197516574
197516574
56182668
102815134
135228704
159793250
175464208
184317566
188665636
190846006
191847224
192268900
192430192
192488254
192490448
192490602
192490612
192490612
192490612
192490612
192490612
192490612
192490612
192490612
192490612
192490612
192490612
192490612
192490612
192490612
192490612
192490612
192490612
192490612
192490612
192490612
192490612
192490612
192490612
192490612
192490612
192490612
56292918
103271862
136905338
162852122
179588738
188842798
193415116
195566800
196489264
196861396
197000876
197044192
197057854
197061564
197065294
197065294
197065294
197065294
197065294
197065294
197065294
197065294
197065294
197065294
197065294
197065294
197065294
197065294
197065294
197065294
197065294
197065294
197065294
197065294
197065294
197065294
197065294
197065294
197065294
197065294
56233066
103381146
136606812
162697528
179838724
189392834
194320420
196711734
197671374
198085364
198248456
198307668
198331682
198340318
198343346
198343356
198343356
198343356
198343356
198343356
198343356
198343356
198343356
198343356
198343356
198343356
198343356
198343356
198343356
198343356
198343356
198343356
198343356
198343356
198343356
198343356
198343356
198343356
198343356
198343356
56253364
103007722
136279438
162516570
180051718
189897504
194868482
197187594
198258772
198687860
198849022
198895182
198912728
198912828
198912878
198912888
198912888
198912888
198912888
198912888
198912888
198912888
198912888
198912888
198912888
198912888
198912888
198912888
198912888
198912888
198912888
198912888
198912888
198912888
198912888
198912888
198912888
198912888
198912888
198912888
56277492
103327542
136712208
162335786
178736580
187643646
191976690
194037520
194965378
195336654
195452788
195493630
195507998
195515326
195521410
195528096
195531094
195531094
195531094
195531094
195531094
195531094
195531094
195531094
195531094
195531094
195531094
195531094
195531094
195531094
195531094
195531094
195531094
195531094
195531094
195531094
195531094
195531094
195531094
195531094
56187524
102610518
134659918
159408962
175407016
184196226
188496298
190409978
191294756
191702098
191850326
191913618
191932326
191938690
191942734
191942734
191942734
191942734
191942734
191942734
191942734
191942734
191942734
191942734
191942734
191942734
191942734
191942734
191942734
191942734
191942734
191942734
191942734
191942734
191942734
191942734
191942734
191942734
191942734
191942734
56091214
102809580
135336780
160743150
177151144
186251984
190723260
192749334
193589164
193924198
194027964
194058432
194058632
194058692
194058702
194058702
194058702
194058702
194058702
194058702
194058702
194058702
194058702
194058702
194058702
194058702
194058702
194058702
194058702
194058702
194058702
194058702
194058702
194058702
194058702
194058702
194058702
194058702
194058702
194058702
56403244
103513560
137262274
163314990
180300244
189825264
194579840
196783502
197805544
198221326
198394384
198452328
198482512
198485822
198485832
198485832
198485832
198485832
198485832
198485832
198485832
198485832
198485832
198485832
198485832
198485832
198485832
198485832
198485832
198485832
198485832
198485832
198485832
198485832
198485832
198485832
198485832
198485832
198485832
198485832
56169164
102922552
135667664
160678608
176483276
184975970
188963682
190893904
191731428
192086202
192192632
192225070
192234660
192238914
192242490
192246490
192246500
192246500
192246500
192246500
192246500
192246500
192246500
192246500
192246500
192246500
192246500
192246500
192246500
192246500
192246500
192246500
192246500
192246500
192246500
192246500
192246500
192246500
192246500
192246500
56188366
102861246
135859842
161567918
178426554
187817080
192467954
194680852
195603290
195999034
196142452
196206584
196226620
196233282
196236740
196236740
196236740
196236740
196236740
196236740
196236740
196236740
196236740
196236740
196236740
196236740
196236740
196236740
196236740
196236740
196236740
196236740
196236740
196236740
196236740
196236740
196236740
196236740
196236740
196236740
56150538
102801282
135259248
160180436
176200612
184797450
188919302
190705922
191467104
191763938
191870264
191903582
191912766
191912806
191912816
191912816
191912816
191912816
191912816
191912816
191912816
191912816
191912816
191912816
191912816
191912816
191912816
191912816
191912816
191912816
191912816
191912816
191912816
191912816
191912816
191912816
191912816
191912816
191912816
191912816
56296522
103240508
136399870
162098574
178782096
188078676
192585802
194598660
195525286
195892468
196055528
196130010
196153996
196160878
196160878
196160878
196160878
196160878
196160878
196160878
196160878
196160878
196160878
196160878
196160878
196160878
196160878
196160878
196160878
196160878
196160878
196160878
196160878
196160878
196160878
196160878
196160878
196160878
196160878
196160878
55941620
102435820
134931034
159494164
175488626
184294170
188485396
190504920
191425436
191808444
191951462
191992268
192002444
192009168
192009188
192009208
192009218
192009218
192009218
192009218
192009218
192009218
192009218
192009218
192009218
192009218
192009218
192009218
192009218
192009218
192009218
192009218
192009218
192009218
192009218
192009218
192009218
192009218
192009218
192009218
56382050
103421250
136864248
163009886
180441458
190522994
195620254
197994554
199094802
199519104
199661710
199706116
199724160
199731168
199734812
199734812
199734812
199734812
199734812
199734812
199734812
199734812
199734812
199734812
199734812
199734812
199734812
199734812
199734812
199734812
199734812
199734812
199734812
199734812
199734812
199734812
199734812
199734812
199734812
199734812
56168228
103017930
136069246
161616936
178300936
187555858
192185288
194399512
195343362
195712556
195872838
195945960
195979034
195992656
195992686
195992706
195992716
195992716
195992716
195992716
195992716
195992716
195992716
195992716
195992716
195992716
195992716
195992716
195992716
195992716
195992716
195992716
195992716
195992716
195992716
195992716
195992716
195992716
195992716
195992716
56096974
102728606
135143272
159919290
175920348
184582510
188972884
190898048
191756016
192116704
192240336
192276506
192294810
192300596
192300616
192300626
192300626
192300626
192300626
192300626
192300626
192300626
192300626
192300626
192300626
192300626
192300626
192300626
192300626
192300626
192300626
192300626
192300626
192300626
192300626
192300626
192300626
192300626
192300626
192300626
56322724
103222736
136714144
162432268
179138964
188462496
193093614
195213860
196110908
196492928
196650378
196705766
196716208
196725256
196728710
196728710
196728710
196728710
196728710
196728710
196728710
196728710
196728710
196728710
196728710
196728710
196728710
196728710
196728710
196728710
196728710
196728710
196728710
196728710
196728710
196728710
196728710
196728710
196728710
196728710
56170564
102790590
135157668
160104952
176332382
185183238
189405464
191360028
192206828
192541344
192677934
192743386
192773088
192788194
192791042
192791042
192791042
192791042
192791042
192791042
192791042
192791042
192791042
192791042
192791042
192791042
192791042
192791042
192791042
192791042
192791042
192791042
192791042
192791042
192791042
192791042
192791042
192791042
192791042
192791042
56402642
103387298
137060218
163079810
179756568
188901324
193415916
195511620
196461996
196849708
197007232
197050412
197061806
197061856
197061866
197061866
197061866
197061866
197061866
197061866
197061866
197061866
197061866
197061866
197061866
197061866
197061866
197061866
197061866
197061866
197061866
197061866
197061866
197061866
197061866
197061866
197061866
197061866
197061866
197061866
56322716
102919400
135853868
161022112
177155576
186135482
190516758
192531022
193423006
193811576
193987532
194049178
194069930
194069950
194069960
194069960
194069960
194069960
194069960
194069960
194069960
194069960
194069960
194069960
194069960
194069960
194069960
194069960
194069960
194069960
194069960
194069960
194069960
194069960
194069960
194069960
194069960
194069960
194069960
194069960
56306412
103165540
136523240
161968668
178848234
188166018
192861798
195063112
195999128
196334742
196455320
196510016
196531534
196535352
196535372
196535382
196535382
196535382
196535382
196535382
196535382
196535382
196535382
196535382
196535382
196535382
196535382
196535382
196535382
196535382
196535382
196535382
196535382
196535382
196535382
196535382
196535382
196535382
196535382
196535382
56380336
103419568
137001726
162768210
179632486
189068264
193747206
195921038
196954768
197342832
197486398
197533696
197564162
197568424
197571974
197571974
197571974
197571974
197571974
197571974
197571974
197571974
197571974
197571974
197571974
197571974
197571974
197571974
197571974
197571974
197571974
197571974
197571974
197571974
197571974
197571974
197571974
197571974
197571974
197571974
56337696
103256056
136691524
162668234
179644936
189175584
193965808
196275624
197289750
197663152
197810508
197850496
197858136
197858364
197858384
197858384
197858384
197858384
197858384
197858384
197858384
197858384
197858384
197858384
197858384
197858384
197858384
197858384
197858384
197858384
197858384
197858384
197858384
197858384
197858384
197858384
197858384
197858384
197858384
197858384
56783022
104580344
139453348
166684348
184939178
195301168
200600304
203017728
204138154
204595824
204759822
204808662
204824444
204835992
204842884
204846904
204849548
204853588
204853598
204853598
204853598
204853598
204853598
204853598
204853598
204853598
204853598
204853598
204853598
204853598
204853598
204853598
204853598
204853598
204853598
204853598
204853598
204853598
204853598
204853598
56124088
102777208
135287096
160402972
176502628
185355372
189688940
191771478
192769570
193159156
193254038
193278164
193283374
193287396
193287396
193287396
193287396
193287396
193287396
193287396
193287396
193287396
193287396
193287396
193287396
193287396
193287396
193287396
193287396
193287396
193287396
193287396
193287396
193287396
193287396
193287396
193287396
193287396
193287396
193287396
56424972
103659660
138363460
165457914
183351184
193606212
198782118
201231772
202260110
202693142
202841208
202885100
202900982
202904238
202904278
202904298
202904298
202904298
202904298
202904298
202904298
202904298
202904298
202904298
202904298
202904298
202904298
202904298
202904298
202904298
202904298
202904298
202904298
202904298
202904298
202904298
202904298
202904298
202904298
202904298
56374906
103439428
137035332
163227308
180497364
190260004
195076328
197455472
198417918
198838174
198996818
199036312
199039762
199039832
199039852
199039862
199039872
199039872
199039872
199039872
199039872
199039872
199039872
199039872
199039872
199039872
199039872
199039872
199039872
199039872
199039872
199039872
199039872
199039872
199039872
199039872
199039872
199039872
199039872
199039872
56430518
103267208
136383042
161687306
178160988
187119882
191632610
193785446
194738626
195085326
195215532
195258274
195273242
195280084
195280094
195280104
195280104
195280104
195280104
195280104
195280104
195280104
195280104
195280104
195280104
195280104
195280104
195280104
195280104
195280104
195280104
195280104
195280104
195280104
195280104
195280104
195280104
195280104
195280104
195280104
56434542
103519532
137497018
163921332
181381590
191240512
196280532
198656926
199762242
200226450
200362292
200393146
200400416
200404036
200404076
200404086
200404086
200404086
200404086
200404086
200404086
200404086
200404086
200404086
200404086
200404086
200404086
200404086
200404086
200404086
200404086
200404086
200404086
200404086
200404086
200404086
200404086
200404086
200404086
200404086
56238778
102981402
135745248
160920406
177338340
186561216
190972446
193016614
193945156
194323002
194442740
194465404
194476776
194476930
194476950
194476970
194476970
194476970
194476970
194476970
194476970
194476970
194476970
194476970
194476970
194476970
194476970
194476970
194476970
194476970
194476970
194476970
194476970
194476970
194476970
194476970
194476970
194476970
194476970
194476970
56185244
102872572
135621000
160878446
177206424
186152068
190480468
192440048
193256234
193574478
193684554
193714014
193723984
193727896
193727926
193727946
193727956
193727966
193727966
193727966
193727966
193727966
193727966
193727966
193727966
193727966
193727966
193727966
193727966
193727966
193727966
193727966
193727966
193727966
193727966
193727966
193727966
193727966
193727966
193727966
56080736
102701080
135112712
160132892
176257164
185278634
189775108
191878916
192814926
193196704
193335596
193376760
193387592
193391336
193394598
193394608
193394608
193394608
193394608
193394608
193394608
193394608
193394608
193394608
193394608
193394608
193394608
193394608
193394608
193394608
193394608
193394608
193394608
193394608
193394608
193394608
193394608
193394608
193394608
193394608
56200996
102975486
135999348
161486352
178076106
187041788
191441042
193457344
194288388
194657660
194799544
194856084
194868652
194872472
194876394
194876424
194876444
194876454
194876454
194876454
194876454
194876454
194876454
194876454
194876454
194876454
194876454
194876454
194876454
194876454
194876454
194876454
194876454
194876454
194876454
194876454
194876454
194876454
194876454
194876454
56376340
103456168
136933580
163237930
180262178
189774268
194545756
196735248
197722674
198093872
198235284
198282034
198309670
198316612
198316622
198316622
198316622
198316622
198316622
198316622
198316622
198316622
198316622
198316622
198316622
198316622
198316622
198316622
198316622
198316622
198316622
198316622
198316622
198316622
198316622
198316622
198316622
198316622
198316622
198316622
56329016
103483810
137384030
163724656
180980650
190530096
195270000
197518266
198452672
198849808
199005612
199069810
199083334
199083364
199083374
199083374
199083374
199083374
199083374
199083374
199083374
199083374
199083374
199083374
199083374
199083374
199083374
199083374
199083374
199083374
199083374
199083374
199083374
199083374
199083374
199083374
199083374
199083374
199083374
199083374
56163362
102923036
135789992
161044506
177265194
186249260
190829886
192917512
193819752
194222692
194369618
194431608
194447146
194447176
194447186
194447186
194447186
194447186
194447186
194447186
194447186
194447186
194447186
194447186
194447186
194447186
194447186
194447186
194447186
194447186
194447186
194447186
194447186
194447186
194447186
194447186
194447186
194447186
194447186
194447186
56356402
103149606
136452954
162183754
178876994
188329854
193181780
195485700
196581762
197067600
197265768
197310274
197321134
197321298
197321308
197321318
197321328
197321328
197321328
197321328
197321328
197321328
197321328
197321328
197321328
197321328
197321328
197321328
197321328
197321328
197321328
197321328
197321328
197321328
197321328
197321328
197321328
197321328
197321328
197321328
56246778
103045102
136097786
161625176
178069202
187038864
191494354
193534156
194371692
194721058
194842366
194884296
194900240
194903710
194907218
194907238
194907248
194907248
194907248
194907248
194907248
194907248
194907248
194907248
194907248
194907248
194907248
194907248
194907248
194907248
194907248
194907248
194907248
194907248
194907248
194907248
194907248
194907248
194907248
194907248
56390456
103476344
137152886
162976682
179799100
189087374
193554060
195609636
196499366
196845696
196974922
197020730
197039272
197045700
197045700
197045700
197045700
197045700
197045700
197045700
197045700
197045700
197045700
197045700
197045700
197045700
197045700
197045700
197045700
197045700
197045700
197045700
197045700
197045700
197045700
197045700
197045700
197045700
197045700
197045700
56355610
103305042
136638626
162336500
179223484
188593492
193192308
195330704
196250592
196648090
196766008
196801124
196813232
196816676
196816686
196816686
196816686
196816686
196816686
196816686
196816686
196816686
196816686
196816686
196816686
196816686
196816686
196816686
196816686
196816686
196816686
196816686
196816686
196816686
196816686
196816686
196816686
196816686
196816686
196816686
56142458
103155824
136179078
161793406
178246648
187362144
191752272
193825516
194669936
195007658
195112276
195143354
195158160
195164944
195167538
195172222
195172232
195172232
195172232
195172232
195172232
195172232
195172232
195172232
195172232
195172232
195172232
195172232
195172232
195172232
195172232
195172232
195172232
195172232
195172232
195172232
195172232
195172232
195172232
195172232
56334328
103293190
137009806
163144234
180083558
189535006
194198584
196264044
197260562
197646966
197802188
197868832
197898588
197906916
197906956
197906976
197906986
197906986
197906986
197906986
197906986
197906986
197906986
197906986
197906986
197906986
197906986
197906986
197906986
197906986
197906986
197906986
197906986
197906986
197906986
197906986
197906986
197906986
197906986
197906986
56315718
103254288
136635894
162404332
179128342
188250670
192708778
194765290
195686322
196063810
196224664
196255840
196261532
196264780
196264800
196264810
196264810
196264810
196264810
196264810
196264810
196264810
196264810
196264810
196264810
196264810
196264810
196264810
196264810
196264810
196264810
196264810
196264810
196264810
196264810
196264810
196264810
196264810
196264810
196264810
56505438
103971810
138086284
164532672
181782158
191437740
196391330
198703206
199755978
200158728
200298570
200348198
200365172
200371762
200371762
200371762
200371762
200371762
200371762
200371762
200371762
200371762
200371762
200371762
200371762
200371762
200371762
200371762
200371762
200371762
200371762
200371762
200371762
200371762
200371762
200371762
200371762
200371762
200371762
200371762
55993574
102759870
135190236
160252118
176487894
185462814
189732536
191720310
192608860
192942368
193070034
193124920
193145576
193156074
193156074
193156074
193156074
193156074
193156074
193156074
193156074
193156074
193156074
193156074
193156074
193156074
193156074
193156074
193156074
193156074
193156074
193156074
193156074
193156074
193156074
193156074
193156074
193156074
193156074
193156074
56284606
102991260
135838792
161305114
177798584
186894330
191253108
193319836
194250400
194600516
194730426
194781056
194800140
194808110
194812190
194812190
194812190
194812190
194812190
194812190
194812190
194812190
194812190
194812190
194812190
194812190
194812190
194812190
194812190
194812190
194812190
194812190
194812190
194812190
194812190
194812190
194812190
194812190
194812190
194812190
56232148
103313684
136830040
163355832
181037652
191223884
196418546
198939414
200104616
200596530
200795960
200848504
200864230
200869064
200869074
200869074
200869074
200869074
200869074
200869074
200869074
200869074
200869074
200869074
200869074
200869074
200869074
200869074
200869074
200869074
200869074
200869074
200869074
200869074
200869074
200869074
200869074
200869074
200869074
200869074
56213342
102877786
135566670
160881952
177149708
186108270
190584804
192541382
193434444
193804780
193907818
193951266
193968458
193968508
193968518
193968528
193968528
193968528
193968528
193968528
193968528
193968528
193968528
193968528
193968528
193968528
193968528
193968528
193968528
193968528
193968528
193968528
193968528
193968528
193968528
193968528
193968528
193968528
193968528
193968528
56100318
102980166
135645488
160825366
177135724
186224844
190862292
193100680
194075704
194497706
194657804
194690200
194696432
194700082
194700102
194700112
194700112
194700112
194700112
194700112
194700112
194700112
194700112
194700112
194700112
194700112
194700112
194700112
194700112
194700112
194700112
194700112
194700112
194700112
194700112
194700112
194700112
194700112
194700112
194700112
56302464
103167624
136306652
161779242
178252862
187274666
191624706
193619946
194501930
194873198
194975800
195024156
195036094
195043140
195043150
195043150
195043150
195043150
195043150
195043150
195043150
195043150
195043150
195043150
195043150
195043150
195043150
195043150
195043150
195043150
195043150
195043150
195043150
195043150
195043150
195043150
195043150
195043150
195043150
195043150
56354572
103293328
136399124
162115108
178927012
188322796
192979524
195054216
195958072
196326278
196461360
196530528
196551524
196557610
196564388
196568002
196568002
196568002
196568002
196568002
196568002
196568002
196568002
196568002
196568002
196568002
196568002
196568002
196568002
196568002
196568002
196568002
196568002
196568002
196568002
196568002
196568002
196568002
196568002
196568002
56400526
103341112
137158732
163451340
180810578
190434272
195070778
197320842
198335356
198704570
198877452
198945924
198966422
198973402
198973432
198973432
198973432
198973432
198973432
198973432
198973432
198973432
198973432
198973432
198973432
198973432
198973432
198973432
198973432
198973432
198973432
198973432
198973432
198973432
198973432
198973432
198973432
198973432
198973432
198973432
56226036
102939482
135647058
161064890
177586414
186813360
191421660
193525722
194446508
194818742
194939768
194982822
194985768
194985788
194985798
194985798
194985798
194985798
194985798
194985798
194985798
194985798
194985798
194985798
194985798
194985798
194985798
194985798
194985798
194985798
194985798
194985798
194985798
194985798
194985798
194985798
194985798
194985798
194985798
194985798
56365130
103502478
137010558
163158804
180393354
190136518
194949612
197170626
198081136
198453002
198599242
198655554
198674544
198674604
198674614
198674614
198674614
198674614
198674614
198674614
198674614
198674614
198674614
198674614
198674614
198674614
198674614
198674614
198674614
198674614
198674614
198674614
198674614
198674614
198674614
198674614
198674614
198674614
198674614
198674614
56269288
102788134
135554736
160820184
177232730
186148548
190371384
192371812
193260898
193617234
193760690
193825070
193855706
193863210
193870134
193873886
193873886
193873886
193873886
193873886
193873886
193873886
193873886
193873886
193873886
193873886
193873886
193873886
193873886
193873886
193873886
193873886
193873886
193873886
193873886
193873886
193873886
193873886
193873886
193873886
56406752
103460536
137162938
163325626
180645656
190228438
195030086
197318934
198377118
198866358
199036528
199089492
199108932
199116888
199120726
199120736
199120746
199120746
199120746
199120746
199120746
199120746
199120746
199120746
199120746
199120746
199120746
199120746
199120746
199120746
199120746
199120746
199120746
199120746
199120746
199120746
199120746
199120746
199120746
199120746
56222994
102864362
135077820
159678194
175261878
183590900
187677556
189552494
190351830
190667406
190788352
190827564
190835400
190835450
190835460
190835460
190835460
190835460
190835460
190835460
190835460
190835460
190835460
190835460
190835460
190835460
190835460
190835460
190835460
190835460
190835460
190835460
190835460
190835460
190835460
190835460
190835460
190835460
190835460
190835460
56165472
102800776
135366508
160299434
176325702
185125286
189524882
191652770
192637508
193044008
193196676
193255108
193270590
193273604
193273614
193273614
193273614
193273614
193273614
193273614
193273614
193273614
193273614
193273614
193273614
193273614
193273614
193273614
193273614
193273614
193273614
193273614
193273614
193273614
193273614
193273614
193273614
193273614
193273614
193273614
56218110
103032086
135635772
161111414
177995914
187388202
191851974
194018902
194905868
195242870
195361590
195390834
195399140
195399190
195399200
195399200
195399200
195399200
195399200
195399200
195399200
195399200
195399200
195399200
195399200
195399200
195399200
195399200
195399200
195399200
195399200
195399200
195399200
195399200
195399200
195399200
195399200
195399200
195399200
195399200
56337664
103299908
136793212
162637754
179395464
189054098
193902700
196208326
197218716
197589196
197724226
197774096
197790402
197795094
197795094
197795094
197795094
197795094
197795094
197795094
197795094
197795094
197795094
197795094
197795094
197795094
197795094
197795094
197795094
197795094
197795094
197795094
197795094
197795094
197795094
197795094
197795094
197795094
197795094
197795094
56426242
103663264
137887486
164557092
182200066
192154134
197122874
199363118
200424394
200906610
201063672
201132196
201157964
201162506
201162620
201162620
201162620
201162620
201162620
201162620
201162620
201162620
201162620
201162620
201162620
201162620
201162620
201162620
201162620
201162620
201162620
201162620
201162620
201162620
201162620
201162620
201162620
201162620
201162620
201162620
56403274
103401132
136523336
162598070
179694104
189306470
193874678
196012902
196898286
197276940
197413152
197459340
197473876
197473926
197473946
197473946
197473946
197473946
197473946
197473946
197473946
197473946
197473946
197473946
197473946
197473946
197473946
197473946
197473946
197473946
197473946
197473946
197473946
197473946
197473946
197473946
197473946
197473946
197473946
197473946
56461434
103617322
137232258
163531696
180752104
190104794
194615608
196697936
197624330
197987550
198128662
198189070
198220034
198226570
198230772
198230772
198230772
198230772
198230772
198230772
198230772
198230772
198230772
198230772
198230772
198230772
198230772
198230772
198230772
198230772
198230772
198230772
198230772
198230772
198230772
198230772
198230772
198230772
198230772
198230772
56469410
103926344
138134110
164656192
182254518
192323260
197439792
199760552
200880084
201327736
201489416
201544202
201564788
201571942
201575534
201575534
201575534
201575534
201575534
201575534
201575534
201575534
201575534
201575534
201575534
201575534
201575534
201575534
201575534
201575534
201575534
201575534
201575534
201575534
201575534
201575534
201575534
201575534
201575534
201575534
56528472
104023846
138156228
164911996
182678134
192793626
197771132
200163616
201223656
201622400
201774412
201832630
201844210
201844280
201844290
201844300
201844300
201844300
201844300
201844300
201844300
201844300
201844300
201844300
201844300
201844300
201844300
201844300
201844300
201844300
201844300
201844300
201844300
201844300
201844300
201844300
201844300
201844300
201844300
201844300
56354820
103317594
136920246
163158082
180527052
190355898
195334152
197646850
198612864
199054610
199206326
199264256
199281448
199288930
199288940
199288950
199288950
199288950
199288950
199288950
199288950
199288950
199288950
199288950
199288950
199288950
199288950
199288950
199288950
199288950
199288950
199288950
199288950
199288950
199288950
199288950
199288950
199288950
199288950
199288950
56310882
103120606
136455904
162579136
180055432
189539274
194123070
196259852
197181358
197516832
197630394
197668264
197676308
197676358
197676358
197676358
197676358
197676358
197676358
197676358
197676358
197676358
197676358
197676358
197676358
197676358
197676358
197676358
197676358
197676358
197676358
197676358
197676358
197676358
197676358
197676358
197676358
197676358
197676358
197676358
56334050
103186156
136700836
162719906
179832218
189428550
194166094
196330610
197341466
197729006
197878112
197939286
197950946
197950976
197950986
197950986
197950986
197950986
197950986
197950986
197950986
197950986
197950986
197950986
197950986
197950986
197950986
197950986
197950986
197950986
197950986
197950986
197950986
197950986
197950986
197950986
197950986
197950986
197950986
197950986
56016984
102451422
134706472
159473254
175494374
184330664
188629034
190560880
191456728
191831468
191985474
192025810
192039562
192046634
192050342
192050362
192050372
192050382
192050382
192050382
192050382
192050382
192050382
192050382
192050382
192050382
192050382
192050382
192050382
192050382
192050382
192050382
192050382
192050382
192050382
192050382
192050382
192050382
192050382
192050382
56333846
103190876
136644086
162499138
179253406
188515548
193079818
195288240
196328304
196773958
196934100
196973728
196993588
196996488
196996528
196996528
196996528
196996528
196996528
196996528
196996528
196996528
196996528
196996528
196996528
196996528
196996528
196996528
196996528
196996528
196996528
196996528
196996528
196996528
196996528
196996528
196996528
196996528
196996528
196996528
56025276
102629322
134910474
159953118
176264858
185074348
189399348
191485248
192424560
192792992
192943048
192980752
192988132
192991842
192991852
192991852
192991852
192991852
192991852
192991852
192991852
192991852
192991852
192991852
192991852
192991852
192991852
192991852
192991852
192991852
192991852
192991852
192991852
192991852
192991852
192991852
192991852
192991852
192991852
192991852
56317924
103191478
136281598
161786518
178171636
187175484
191622670
193687402
194521852
194865830
194999592
195060792
195068186
195072348
195072378
195072388
195072398
195072398
195072398
195072398
195072398
195072398
195072398
195072398
195072398
195072398
195072398
195072398
195072398
195072398
195072398
195072398
195072398
195072398
195072398
195072398
195072398
195072398
195072398
195072398
56086386
102369940
134383994
158955808
174976444
183942740
188400830
190484746
191366624
191705614
191812538
191867944
191884854
191888686
191888686
191888686
191888686
191888686
191888686
191888686
191888686
191888686
191888686
191888686
191888686
191888686
191888686
191888686
191888686
191888686
191888686
191888686
191888686
191888686
191888686
191888686
191888686
191888686
191888686
191888686
56104242
102545992
134531560
159134840
174960830
183705698
188176848
190291288
191240752
191645184
191766984
191796536
191803750
191808090
191808090
191808090
191808090
191808090
191808090
191808090
191808090
191808090
191808090
191808090
191808090
191808090
191808090
191808090
191808090
191808090
191808090
191808090
191808090
191808090
191808090
191808090
191808090
191808090
191808090
191808090
56370156
103454862
137407290
164014722
181594976
191360296
196225810
198520640
199526938
199962362
200115306
200173758
200188408
200192126
200192126
200192126
200192126
200192126
200192126
200192126
200192126
200192126
200192126
200192126
200192126
200192126
200192126
200192126
200192126
200192126
200192126
200192126
200192126
200192126
200192126
200192126
200192126
200192126
200192126
200192126
56285554
103239168
136234980
161926220
178756518
188173936
192817498
195066766
196073714
196487032
196624490
196667180
196687152
196698266
196698286
196698306
196698316
196698316
196698316
196698316
196698316
196698316
196698316
196698316
196698316
196698316
196698316
196698316
196698316
196698316
196698316
196698316
196698316
196698316
196698316
196698316
196698316
196698316
196698316
196698316
56189752
102794846
135326064
160288124
176569528
185510244
190027164
192118794
193037446
193437682
193608732
193684306
193710714
193724168
193727642
193727662
193727682
193727692
193727702
193727702
193727702
193727702
193727702
193727702
193727702
193727702
193727702
193727702
193727702
193727702
193727702
193727702
193727702
193727702
193727702
193727702
193727702
193727702
193727702
193727702
56193484
103300064
136654492
162805848
180220322
190034694
194984806
197179486
198119788
198435550
198553756
198588954
198607714
198611700
198611740
198611750
198611750
198611750
198611750
198611750
198611750
198611750
198611750
198611750
198611750
198611750
198611750
198611750
198611750
198611750
198611750
198611750
198611750
198611750
198611750
198611750
198611750
198611750
198611750
198611750
56415476
103237282
136330840
161517414
177504200
186265052
190538264
192474092
193276528
193594516
193717642
193748778
193756324
193756384
193756394
193756394
193756394
193756394
193756394
193756394
193756394
193756394
193756394
193756394
193756394
193756394
193756394
193756394
193756394
193756394
193756394
193756394
193756394
193756394
193756394
193756394
193756394
193756394
193756394
193756394
56417800
103551560
137274244
163624768
181082128
190630202
195378312
197596868
198586432
198949182
199144342
199214624
199232296
199242222
199242242
199242242
199242242
199242242
199242242
199242242
199242242
199242242
199242242
199242242
199242242
199242242
199242242
199242242
199242242
199242242
199242242
199242242
199242242
199242242
199242242
199242242
199242242
199242242
199242242
199242242
56348206
103397538
136822658
162628968
179732488
189251346
194053472
196267390
197250674
197639086
197762306
197820746
197852480
197858158
197858198
197858208
197858208
197858208
197858208
197858208
197858208
197858208
197858208
197858208
197858208
197858208
197858208
197858208
197858208
197858208
197858208
197858208
197858208
197858208
197858208
197858208
197858208
197858208
197858208
197858208
56143106
102777734
135209256
160013134
176287980
185375456
189766466
191816392
192710262
193071428
193210986
193257410
193261122
193261162
193261182
193261202
193261202
193261202
193261202
193261202
193261202
193261202
193261202
193261202
193261202
193261202
193261202
193261202
193261202
193261202
193261202
193261202
193261202
193261202
193261202
193261202
193261202
193261202
193261202
193261202
56294530
103329584
136516458
162511242
179683230
189277556
194184072
196583400
197619728
198058578
198202548
198260056
198273690
198281316
198281336
198281346
198281346
198281346
198281346
198281346
198281346
198281346
198281346
198281346
198281346
198281346
198281346
198281346
198281346
198281346
198281346
198281346
198281346
198281346
198281346
198281346
198281346
198281346
198281346
198281346
56207070
103267100
136400914
162440934
179569238
189159172
193887288
196183594
197167904
197597562
197743594
197788262
197808926
197819740
197819740
197819740
197819740
197819740
197819740
197819740
197819740
197819740
197819740
197819740
197819740
197819740
197819740
197819740
197819740
197819740
197819740
197819740
197819740
197819740
197819740
197819740
197819740
197819740
197819740
197819740
56136738
102428276
134448984
159562624
176001586
185345276
189956664
192113040
193010828
193375224
193552208
193612600
193636934
193643604
193646612
193650110
193650110
193650110
193650110
193650110
193650110
193650110
193650110
193650110
193650110
193650110
193650110
193650110
193650110
193650110
193650110
193650110
193650110
193650110
193650110
193650110
193650110
193650110
193650110
193650110
56402422
103395216
136892674
162797786
179525648
188689992
193075580
195004642
195896888
196274352
196407018
196454058
196463266
196471044
196471054
196471064
196471064
196471064
196471064
196471064
196471064
196471064
196471064
196471064
196471064
196471064
196471064
196471064
196471064
196471064
196471064
196471064
196471064
196471064
196471064
196471064
196471064
196471064
196471064
196471064
56437954
103304324
136925174
162699798
179266178
188108092
192413234
194329480
195221006
195547158
195671366
195717156
195748310
195751564
195755486
195759514
195759524
195759524
195759524
195759524
195759524
195759524
195759524
195759524
195759524
195759524
195759524
195759524
195759524
195759524
195759524
195759524
195759524
195759524
195759524
195759524
195759524
195759524
195759524
195759524
56235046
103237556
136564348
162002272
178561424
187657212
192119780
194218774
195181844
195532962
195662158
195704112
195720802
195720872
195720882
195720892
195720902
195720902
195720902
195720902
195720902
195720902
195720902
195720902
195720902
195720902
195720902
195720902
195720902
195720902
195720902
195720902
195720902
195720902
195720902
195720902
195720902
195720902
195720902
195720902
56334066
103433924
137152772
163564986
180895996
190689704
195537370
197660536
198628052
199044304
199241424
199307714
199325570
199332204
199332204
199332204
199332204
199332204
199332204
199332204
199332204
199332204
199332204
199332204
199332204
199332204
199332204
199332204
199332204
199332204
199332204
199332204
199332204
199332204
199332204
199332204
199332204
199332204
199332204
199332204
56394810
103328574
137208746
163308704
180501190
190133866
194914120
197186578
198190822
198610232
198748358
198797004
198810940
198811000
198811000
198811000
198811000
198811000
198811000
198811000
198811000
198811000
198811000
198811000
198811000
198811000
198811000
198811000
198811000
198811000
198811000
198811000
198811000
198811000
198811000
198811000
198811000
198811000
198811000
198811000
56250920
103023194
136138828
161701182
178379080
187549802
191989390
194000114
194950538
195350416
195470106
195519544
195530202
195534338
195534358
195534358
195534358
195534358
195534358
195534358
195534358
195534358
195534358
195534358
195534358
195534358
195534358
195534358
195534358
195534358
195534358
195534358
195534358
195534358
195534358
195534358
195534358
195534358
195534358
195534358
56282942
103374276
136922738
163255308
180491540
190164474
195046646
197289618
198293340
198685142
198805828
198848696
198864186
198864236
198864246
198864246
198864246
198864246
198864246
198864246
198864246
198864246
198864246
198864246
198864246
198864246
198864246
198864246
198864246
198864246
198864246
198864246
198864246
198864246
198864246
198864246
198864246
198864246
198864246
198864246
56349100
103004322
136347536
162286140
179393152
188891888
193386486
195406780
196307038
196706766
196876136
196944810
196956002
196962304
196965676
196965676
196965676
196965676
196965676
196965676
196965676
196965676
196965676
196965676
196965676
196965676
196965676
196965676
196965676
196965676
196965676
196965676
196965676
196965676
196965676
196965676
196965676
196965676
196965676
196965676
56493912
104073806
138744522
165744722
183622744
193666640
198908324
201394878
202420876
202820194
202971848
203012218
203033330
203044186
203044186
203044186
203044186
203044186
203044186
203044186
203044186
203044186
203044186
203044186
203044186
203044186
203044186
203044186
203044186
203044186
203044186
203044186
203044186
203044186
203044186
203044186
203044186
203044186
203044186
203044186
56289242
103281032
136578808
161907578
178301236
187503436
191970990
194076128
194939434
195311134
195428192
195466516
195479490
195483576
195483606
195483626
195483626
195483626
195483626
195483626
195483626
195483626
195483626
195483626
195483626
195483626
195483626
195483626
195483626
195483626
195483626
195483626
195483626
195483626
195483626
195483626
195483626
195483626
195483626
195483626
56215790
102810468
134613748
158893466
174586940
182948784
186988012
188881406
189663468
189977354
190120360
190148240
190151822
190151872
190151882
190151882
190151882
190151882
190151882
190151882
190151882
190151882
190151882
190151882
190151882
190151882
190151882
190151882
190151882
190151882
190151882
190151882
190151882
190151882
190151882
190151882
190151882
190151882
190151882
190151882
56185752
102718574
135139930
159843464
175565494
184114540
188267888
190053894
190796298
191110894
191230100
191257014
191267602
191267702
191267722
191267732
191267732
191267732
191267732
191267732
191267732
191267732
191267732
191267732
191267732
191267732
191267732
191267732
191267732
191267732
191267732
191267732
191267732
191267732
191267732
191267732
191267732
191267732
191267732
191267732
