593333.0
790517.0
896306.0
964595.0
1018786.0
1053970.0
1073608.0
1083638.0
1088246.0
1090132.0
1090867.0
1091071.0
1091210.0
1091273.0
1091277.0
1091277.0
1091277.0
1091277.0
1091277.0
1091277.0
1091277.0
1091277.0
1091277.0
1091277.0
1091277.0
1091277.0
1091277.0
1091277.0
1091277.0
1091277.0
1091277.0
1091277.0
1091277.0
1091277.0
1091277.0
1091277.0
1091277.0
1091277.0
1091277.0
1091277.0
592958.0
789871.0
894274.0
962876.0
1016431.0
1051435.0
1070554.0
1079910.0
1084081.0
1085810.0
1086328.0
1086452.0
1086486.0
1086489.0
1086492.0
1086494.0
1086494.0
1086494.0
1086494.0
1086494.0
1086494.0
1086494.0
1086494.0
1086494.0
1086494.0
1086494.0
1086494.0
1086494.0
1086494.0
1086494.0
1086494.0
1086494.0
1086494.0
1086494.0
1086494.0
1086494.0
1086494.0
1086494.0
1086494.0
1086494.0
593140.0
791392.0
896100.0
963990.0
1017646.0
1052742.0
1072377.0
1081785.0
1086108.0
1087861.0
1088376.0
1088646.0
1088682.0
1088684.0
1088729.0
1088731.0
1088731.0
1088731.0
1088731.0
1088731.0
1088731.0
1088731.0
1088731.0
1088731.0
1088731.0
1088731.0
1088731.0
1088731.0
1088731.0
1088731.0
1088731.0
1088731.0
1088731.0
1088731.0
1088731.0
1088731.0
1088731.0
1088731.0
1088731.0
1088731.0
594963.0
792799.0
899872.0
969886.0
1024952.0
1061248.0
1082202.0
1092929.0
1097705.0
1099657.0
1100500.0
1100883.0
1101056.0
1101086.0
1101087.0
1101087.0
1101087.0
1101087.0
1101087.0
1101087.0
1101087.0
1101087.0
1101087.0
1101087.0
1101087.0
1101087.0
1101087.0
1101087.0
1101087.0
1101087.0
1101087.0
1101087.0
1101087.0
1101087.0
1101087.0
1101087.0
1101087.0
1101087.0
1101087.0
1101087.0
593883.0
792058.0
899021.0
968031.0
1023260.0
1059294.0
1079532.0
1089802.0
1094339.0
1096480.0
1097277.0
1097668.0
1097889.0
1097987.0
1098029.0
1098031.0
1098032.0
1098032.0
1098032.0
1098032.0
1098032.0
1098032.0
1098032.0
1098032.0
1098032.0
1098032.0
1098032.0
1098032.0
1098032.0
1098032.0
1098032.0
1098032.0
1098032.0
1098032.0
1098032.0
1098032.0
1098032.0
1098032.0
1098032.0
1098032.0
593400.0
780187.0
878823.0
943696.0
994938.0
1028041.0
1046707.0
1055656.0
1060059.0
1061765.0
1062465.0
1062808.0
1062904.0
1062917.0
1062931.0
1062931.0
1062931.0
1062931.0
1062931.0
1062931.0
1062931.0
1062931.0
1062931.0
1062931.0
1062931.0
1062931.0
1062931.0
1062931.0
1062931.0
1062931.0
1062931.0
1062931.0
1062931.0
1062931.0
1062931.0
1062931.0
1062931.0
1062931.0
1062931.0
1062931.0
593679.0
788005.0
892739.0
960580.0
1014479.0
1050198.0
1070320.0
1080264.0
1084711.0
1086387.0
1087036.0
1087301.0
1087415.0
1087447.0
1087449.0
1087450.0
1087451.0
1087451.0
1087451.0
1087451.0
1087451.0
1087451.0
1087451.0
1087451.0
1087451.0
1087451.0
1087451.0
1087451.0
1087451.0
1087451.0
1087451.0
1087451.0
1087451.0
1087451.0
1087451.0
1087451.0
1087451.0
1087451.0
1087451.0
1087451.0
592287.0
777929.0
876012.0
940331.0
992241.0
1025975.0
1044618.0
1053233.0
1057013.0
1058688.0
1059222.0
1059504.0
1059575.0
1059601.0
1059618.0
1059654.0
1059653.0
1059653.0
1059653.0
1059653.0
1059653.0
1059653.0
1059653.0
1059653.0
1059653.0
1059653.0
1059653.0
1059653.0
1059653.0
1059653.0
1059653.0
1059653.0
1059653.0
1059653.0
1059653.0
1059653.0
1059653.0
1059653.0
1059653.0
1059653.0
592531.0
786164.0
888718.0
955073.0
1007539.0
1041710.0
1060531.0
1070035.0
1074892.0
1076949.0
1077672.0
1077957.0
1078107.0
1078123.0
1078129.0
1078129.0
1078129.0
1078129.0
1078129.0
1078129.0
1078129.0
1078129.0
1078129.0
1078129.0
1078129.0
1078129.0
1078129.0
1078129.0
1078129.0
1078129.0
1078129.0
1078129.0
1078129.0
1078129.0
1078129.0
1078129.0
1078129.0
1078129.0
1078129.0
1078129.0
593104.0
791579.0
898705.0
968083.0
1023997.0
1061644.0
1082625.0
1093003.0
1098171.0
1100116.0
1100996.0
1101289.0
1101348.0
1101357.0
1101358.0
1101358.0
1101358.0
1101358.0
1101358.0
1101358.0
1101358.0
1101358.0
1101358.0
1101358.0
1101358.0
1101358.0
1101358.0
1101358.0
1101358.0
1101358.0
1101358.0
1101358.0
1101358.0
1101358.0
1101358.0
1101358.0
1101358.0
1101358.0
1101358.0
1101358.0
593107.0
782266.0
882772.0
947305.0
998477.0
1031881.0
1050893.0
1060703.0
1065135.0
1067245.0
1068008.0
1068327.0
1068412.0
1068453.0
1068493.0
1068496.0
1068497.0
1068498.0
1068498.0
1068498.0
1068498.0
1068498.0
1068498.0
1068498.0
1068498.0
1068498.0
1068498.0
1068498.0
1068498.0
1068498.0
1068498.0
1068498.0
1068498.0
1068498.0
1068498.0
1068498.0
1068498.0
1068498.0
1068498.0
1068498.0
593657.0
791208.0
898002.0
966512.0
1020161.0
1056289.0
1076858.0
1086915.0
1091578.0
1093334.0
1094126.0
1094386.0
1094507.0
1094562.0
1094585.0
1094585.0
1094585.0
1094585.0
1094585.0
1094585.0
1094585.0
1094585.0
1094585.0
1094585.0
1094585.0
1094585.0
1094585.0
1094585.0
1094585.0
1094585.0
1094585.0
1094585.0
1094585.0
1094585.0
1094585.0
1094585.0
1094585.0
1094585.0
1094585.0
1094585.0
593261.0
789801.0
894146.0
961735.0
1015240.0
1050974.0
1070666.0
1080490.0
1085270.0
1087029.0
1087809.0
1088146.0
1088215.0
1088246.0
1088248.0
1088249.0
1088249.0
1088249.0
1088249.0
1088249.0
1088249.0
1088249.0
1088249.0
1088249.0
1088249.0
1088249.0
1088249.0
1088249.0
1088249.0
1088249.0
1088249.0
1088249.0
1088249.0
1088249.0
1088249.0
1088249.0
1088249.0
1088249.0
1088249.0
1088249.0
593957.0
789165.0
893529.0
960616.0
1013911.0
1048913.0
1068466.0
1078698.0
1083290.0
1085183.0
1086010.0
1086467.0
1086582.0
1086617.0
1086617.0
1086617.0
1086617.0
1086617.0
1086617.0
1086617.0
1086617.0
1086617.0
1086617.0
1086617.0
1086617.0
1086617.0
1086617.0
1086617.0
1086617.0
1086617.0
1086617.0
1086617.0
1086617.0
1086617.0
1086617.0
1086617.0
1086617.0
1086617.0
1086617.0
1086617.0
594324.0
796531.0
904404.0
974004.0
1028203.0
1064552.0
1084631.0
1094668.0
1099464.0
1101377.0
1102142.0
1102445.0
1102552.0
1102617.0
1102644.0
1102645.0
1102646.0
1102646.0
1102646.0
1102646.0
1102646.0
1102646.0
1102646.0
1102646.0
1102646.0
1102646.0
1102646.0
1102646.0
1102646.0
1102646.0
1102646.0
1102646.0
1102646.0
1102646.0
1102646.0
1102646.0
1102646.0
1102646.0
1102646.0
1102646.0
593700.0
796959.0
906288.0
976643.0
1032600.0
1069848.0
1090939.0
1101999.0
1107367.0
1109439.0
1110220.0
1110627.0
1110710.0
1110756.0
1110761.0
1110762.0
1110762.0
1110762.0
1110762.0
1110762.0
1110762.0
1110762.0
1110762.0
1110762.0
1110762.0
1110762.0
1110762.0
1110762.0
1110762.0
1110762.0
1110762.0
1110762.0
1110762.0
1110762.0
1110762.0
1110762.0
1110762.0
1110762.0
1110762.0
1110762.0
594341.0
798578.0
909577.0
981876.0
1039469.0
1078282.0
1100340.0
1111834.0
1116625.0
1118741.0
1119538.0
1119814.0
1119944.0
1119960.0
1119960.0
1119960.0
1119960.0
1119960.0
1119960.0
1119960.0
1119960.0
1119960.0
1119960.0
1119960.0
1119960.0
1119960.0
1119960.0
1119960.0
1119960.0
1119960.0
1119960.0
1119960.0
1119960.0
1119960.0
1119960.0
1119960.0
1119960.0
1119960.0
1119960.0
1119960.0
593540.0
790089.0
895495.0
963962.0
1018776.0
1054623.0
1075797.0
1085998.0
1090970.0
1092729.0
1093547.0
1093924.0
1093996.0
1094025.0
1094033.0
1094033.0
1094033.0
1094033.0
1094033.0
1094033.0
1094033.0
1094033.0
1094033.0
1094033.0
1094033.0
1094033.0
1094033.0
1094033.0
1094033.0
1094033.0
1094033.0
1094033.0
1094033.0
1094033.0
1094033.0
1094033.0
1094033.0
1094033.0
1094033.0
1094033.0
592473.0
785964.0
888314.0
954403.0
1007026.0
1041914.0
1061165.0
1070330.0
1074349.0
1076171.0
1076747.0
1077049.0
1077136.0
1077156.0
1077158.0
1077159.0
1077160.0
1077161.0
1077161.0
1077161.0
1077161.0
1077161.0
1077161.0
1077161.0
1077161.0
1077161.0
1077161.0
1077161.0
1077161.0
1077161.0
1077161.0
1077161.0
1077161.0
1077161.0
1077161.0
1077161.0
1077161.0
1077161.0
1077161.0
1077161.0
594208.0
788740.0
892644.0
960675.0
1014241.0
1049655.0
1069904.0
1079900.0
1084086.0
1085758.0
1086474.0
1086761.0
1086835.0
1086872.0
1086873.0
1086873.0
1086873.0
1086873.0
1086873.0
1086873.0
1086873.0
1086873.0
1086873.0
1086873.0
1086873.0
1086873.0
1086873.0
1086873.0
1086873.0
1086873.0
1086873.0
1086873.0
1086873.0
1086873.0
1086873.0
1086873.0
1086873.0
1086873.0
1086873.0
1086873.0
593106.0
786587.0
889518.0
956957.0
1011324.0
1046615.0
1067119.0
1077258.0
1081582.0
1083209.0
1083903.0
1084231.0
1084394.0
1084527.0
1084568.0
1084569.0
1084569.0
1084569.0
1084569.0
1084569.0
1084569.0
1084569.0
1084569.0
1084569.0
1084569.0
1084569.0
1084569.0
1084569.0
1084569.0
1084569.0
1084569.0
1084569.0
1084569.0
1084569.0
1084569.0
1084569.0
1084569.0
1084569.0
1084569.0
1084569.0
593978.0
790887.0
896327.0
965464.0
1019890.0
1055694.0
1075933.0
1085917.0
1090393.0
1092202.0
1093072.0
1093514.0
1093639.0
1093685.0
1093688.0
1093688.0
1093688.0
1093688.0
1093688.0
1093688.0
1093688.0
1093688.0
1093688.0
1093688.0
1093688.0
1093688.0
1093688.0
1093688.0
1093688.0
1093688.0
1093688.0
1093688.0
1093688.0
1093688.0
1093688.0
1093688.0
1093688.0
1093688.0
1093688.0
1093688.0
593674.0
792472.0
898709.0
967936.0
1022683.0
1057863.0
1077502.0
1087221.0
1091719.0
1093433.0
1094132.0
1094393.0
1094534.0
1094576.0
1094576.0
1094576.0
1094576.0
1094576.0
1094576.0
1094576.0
1094576.0
1094576.0
1094576.0
1094576.0
1094576.0
1094576.0
1094576.0
1094576.0
1094576.0
1094576.0
1094576.0
1094576.0
1094576.0
1094576.0
1094576.0
1094576.0
1094576.0
1094576.0
1094576.0
1094576.0
593338.0
787531.0
890976.0
958323.0
1012892.0
1048233.0
1068405.0
1077604.0
1081879.0
1083580.0
1084264.0
1084484.0
1084564.0
1084568.0
1084569.0
1084569.0
1084569.0
1084569.0
1084569.0
1084569.0
1084569.0
1084569.0
1084569.0
1084569.0
1084569.0
1084569.0
1084569.0
1084569.0
1084569.0
1084569.0
1084569.0
1084569.0
1084569.0
1084569.0
1084569.0
1084569.0
1084569.0
1084569.0
1084569.0
1084569.0
592793.0
786068.0
889197.0
955383.0
1007761.0
1041894.0
1060811.0
1070440.0
1074659.0
1076135.0
1076662.0
1076877.0
1076971.0
1076982.0
1076982.0
1076982.0
1076982.0
1076982.0
1076982.0
1076982.0
1076982.0
1076982.0
1076982.0
1076982.0
1076982.0
1076982.0
1076982.0
1076982.0
1076982.0
1076982.0
1076982.0
1076982.0
1076982.0
1076982.0
1076982.0
1076982.0
1076982.0
1076982.0
1076982.0
1076982.0
592915.0
787991.0
892636.0
960589.0
1013195.0
1047298.0
1065772.0
1074808.0
1078642.0
1080385.0
1081144.0
1081438.0
1081520.0
1081533.0
1081559.0
1081560.0
1081560.0
1081560.0
1081560.0
1081560.0
1081560.0
1081560.0
1081560.0
1081560.0
1081560.0
1081560.0
1081560.0
1081560.0
1081560.0
1081560.0
1081560.0
1081560.0
1081560.0
1081560.0
1081560.0
1081560.0
1081560.0
1081560.0
1081560.0
1081560.0
592729.0
792906.0
900470.0
969910.0
1024463.0
1061090.0
1081804.0
1092413.0
1097486.0
1099410.0
1100239.0
1100501.0
1100631.0
1100635.0
1100635.0
1100635.0
1100635.0
1100635.0
1100635.0
1100635.0
1100635.0
1100635.0
1100635.0
1100635.0
1100635.0
1100635.0
1100635.0
1100635.0
1100635.0
1100635.0
1100635.0
1100635.0
1100635.0
1100635.0
1100635.0
1100635.0
1100635.0
1100635.0
1100635.0
1100635.0
592281.0
787661.0
890610.0
956728.0
1008749.0
1041240.0
1058278.0
1066205.0
1069697.0
1071135.0
1071658.0
1071844.0
1071884.0
1071900.0
1071901.0
1071901.0
1071901.0
1071901.0
1071901.0
1071901.0
1071901.0
1071901.0
1071901.0
1071901.0
1071901.0
1071901.0
1071901.0
1071901.0
1071901.0
1071901.0
1071901.0
1071901.0
1071901.0
1071901.0
1071901.0
1071901.0
1071901.0
1071901.0
1071901.0
1071901.0
592959.0
790093.0
894048.0
961087.0
1013940.0
1048275.0
1066947.0
1076428.0
1081194.0
1082868.0
1083709.0
1084046.0
1084171.0
1084215.0
1084248.0
1084248.0
1084248.0
1084248.0
1084248.0
1084248.0
1084248.0
1084248.0
1084248.0
1084248.0
1084248.0
1084248.0
1084248.0
1084248.0
1084248.0
1084248.0
1084248.0
1084248.0
1084248.0
1084248.0
1084248.0
1084248.0
1084248.0
1084248.0
1084248.0
1084248.0
592185.0
786953.0
890939.0
957830.0
1010309.0
1044301.0
1063435.0
1073111.0
1077237.0
1079154.0
1080021.0
1080339.0
1080400.0
1080423.0
1080428.0
1080431.0
1080432.0
1080433.0
1080433.0
1080433.0
1080433.0
1080433.0
1080433.0
1080433.0
1080433.0
1080433.0
1080433.0
1080433.0
1080433.0
1080433.0
1080433.0
1080433.0
1080433.0
1080433.0
1080433.0
1080433.0
1080433.0
1080433.0
1080433.0
1080433.0
594105.0
791806.0
898657.0
967780.0
1023236.0
1060539.0
1082015.0
1092873.0
1097838.0
1099882.0
1100576.0
1100917.0
1101003.0
1101008.0
1101010.0
1101011.0
1101012.0
1101013.0
1101014.0
1101014.0
1101014.0
1101014.0
1101014.0
1101014.0
1101014.0
1101014.0
1101014.0
1101014.0
1101014.0
1101014.0
1101014.0
1101014.0
1101014.0
1101014.0
1101014.0
1101014.0
1101014.0
1101014.0
1101014.0
1101014.0
592610.0
783844.0
885823.0
951649.0
1004195.0
1038231.0
1056689.0
1065314.0
1069254.0
1070745.0
1071329.0
1071566.0
1071594.0
1071599.0
1071600.0
1071601.0
1071602.0
1071602.0
1071602.0
1071602.0
1071602.0
1071602.0
1071602.0
1071602.0
1071602.0
1071602.0
1071602.0
1071602.0
1071602.0
1071602.0
1071602.0
1071602.0
1071602.0
1071602.0
1071602.0
1071602.0
1071602.0
1071602.0
1071602.0
1071602.0
592845.0
787002.0
891018.0
957954.0
1011270.0
1045996.0
1065236.0
1074604.0
1078792.0
1080329.0
1081010.0
1081192.0
1081346.0
1081368.0
1081369.0
1081369.0
1081369.0
1081369.0
1081369.0
1081369.0
1081369.0
1081369.0
1081369.0
1081369.0
1081369.0
1081369.0
1081369.0
1081369.0
1081369.0
1081369.0
1081369.0
1081369.0
1081369.0
1081369.0
1081369.0
1081369.0
1081369.0
1081369.0
1081369.0
1081369.0
593787.0
787055.0
890118.0
957637.0
1010172.0
1044630.0
1064608.0
1074452.0
1078957.0
1080860.0
1081640.0
1082098.0
1082236.0
1082246.0
1082247.0
1082248.0
1082249.0
1082249.0
1082249.0
1082249.0
1082249.0
1082249.0
1082249.0
1082249.0
1082249.0
1082249.0
1082249.0
1082249.0
1082249.0
1082249.0
1082249.0
1082249.0
1082249.0
1082249.0
1082249.0
1082249.0
1082249.0
1082249.0
1082249.0
1082249.0
591478.0
780247.0
881365.0
946729.0
998649.0
1032472.0
1050665.0
1059236.0
1062896.0
1064428.0
1065305.0
1065577.0
1065655.0
1065698.0
1065721.0
1065730.0
1065747.0
1065747.0
1065747.0
1065747.0
1065747.0
1065747.0
1065747.0
1065747.0
1065747.0
1065747.0
1065747.0
1065747.0
1065747.0
1065747.0
1065747.0
1065747.0
1065747.0
1065747.0
1065747.0
1065747.0
1065747.0
1065747.0
1065747.0
1065747.0
593336.0
786454.0
889378.0
955926.0
1009429.0
1043687.0
1063222.0
1072969.0
1077497.0
1079109.0
1079660.0
1079939.0
1080031.0
1080063.0
1080066.0
1080066.0
1080066.0
1080066.0
1080066.0
1080066.0
1080066.0
1080066.0
1080066.0
1080066.0
1080066.0
1080066.0
1080066.0
1080066.0
1080066.0
1080066.0
1080066.0
1080066.0
1080066.0
1080066.0
1080066.0
1080066.0
1080066.0
1080066.0
1080066.0
1080066.0
593099.0
783759.0
885670.0
951304.0
1004384.0
1039159.0
1058442.0
1067957.0
1071962.0
1073742.0
1074372.0
1074602.0
1074648.0
1074727.0
1074729.0
1074729.0
1074729.0
1074729.0
1074729.0
1074729.0
1074729.0
1074729.0
1074729.0
1074729.0
1074729.0
1074729.0
1074729.0
1074729.0
1074729.0
1074729.0
1074729.0
1074729.0
1074729.0
1074729.0
1074729.0
1074729.0
1074729.0
1074729.0
1074729.0
1074729.0
593886.0
789259.0
894191.0
961858.0
1015801.0
1050933.0
1070388.0
1079860.0
1084011.0
1085790.0
1086477.0
1086692.0
1086750.0
1086769.0
1086787.0
1086786.0
1086786.0
1086786.0
1086786.0
1086786.0
1086786.0
1086786.0
1086786.0
1086786.0
1086786.0
1086786.0
1086786.0
1086786.0
1086786.0
1086786.0
1086786.0
1086786.0
1086786.0
1086786.0
1086786.0
1086786.0
1086786.0
1086786.0
1086786.0
1086786.0
592533.0
783760.0
884835.0
950693.0
1001662.0
1035294.0
1054014.0
1063136.0
1067332.0
1068752.0
1069501.0
1069839.0
1069876.0
1069882.0
1069884.0
1069885.0
1069885.0
1069885.0
1069885.0
1069885.0
1069885.0
1069885.0
1069885.0
1069885.0
1069885.0
1069885.0
1069885.0
1069885.0
1069885.0
1069885.0
1069885.0
1069885.0
1069885.0
1069885.0
1069885.0
1069885.0
1069885.0
1069885.0
1069885.0
1069885.0
592886.0
779946.0
878574.0
942419.0
993060.0
1026095.0
1044901.0
1054094.0
1057842.0
1059508.0
1060167.0
1060364.0
1060436.0
1060534.0
1060534.0
1060534.0
1060534.0
1060534.0
1060534.0
1060534.0
1060534.0
1060534.0
1060534.0
1060534.0
1060534.0
1060534.0
1060534.0
1060534.0
1060534.0
1060534.0
1060534.0
1060534.0
1060534.0
1060534.0
1060534.0
1060534.0
1060534.0
1060534.0
1060534.0
1060534.0
592202.0
777055.0
874250.0
937812.0
987103.0
1019275.0
1036915.0
1044888.0
1048270.0
1049833.0
1050479.0
1050799.0
1050916.0
1050938.0
1050973.0
1050973.0
1050973.0
1050973.0
1050973.0
1050973.0
1050973.0
1050973.0
1050973.0
1050973.0
1050973.0
1050973.0
1050973.0
1050973.0
1050973.0
1050973.0
1050973.0
1050973.0
1050973.0
1050973.0
1050973.0
1050973.0
1050973.0
1050973.0
1050973.0
1050973.0
593406.0
790426.0
895878.0
964581.0
1019529.0
1055599.0
1075539.0
1085730.0
1089979.0
1091604.0
1092340.0
1092572.0
1092619.0
1092640.0
1092642.0
1092644.0
1092644.0
1092644.0
1092644.0
1092644.0
1092644.0
1092644.0
1092644.0
1092644.0
1092644.0
1092644.0
1092644.0
1092644.0
1092644.0
1092644.0
1092644.0
1092644.0
1092644.0
1092644.0
1092644.0
1092644.0
1092644.0
1092644.0
1092644.0
1092644.0
593975.0
793339.0
900223.0
970133.0
1025461.0
1062121.0
1082913.0
1093408.0
1097885.0
1099817.0
1100690.0
1100985.0
1101085.0
1101091.0
1101094.0
1101094.0
1101094.0
1101094.0
1101094.0
1101094.0
1101094.0
1101094.0
1101094.0
1101094.0
1101094.0
1101094.0
1101094.0
1101094.0
1101094.0
1101094.0
1101094.0
1101094.0
1101094.0
1101094.0
1101094.0
1101094.0
1101094.0
1101094.0
1101094.0
1101094.0
593203.0
786557.0
890192.0
956915.0
1008877.0
1042746.0
1061340.0
1071105.0
1075297.0
1077174.0
1077890.0
1078195.0
1078319.0
1078378.0
1078380.0
1078381.0
1078381.0
1078381.0
1078381.0
1078381.0
1078381.0
1078381.0
1078381.0
1078381.0
1078381.0
1078381.0
1078381.0
1078381.0
1078381.0
1078381.0
1078381.0
1078381.0
1078381.0
1078381.0
1078381.0
1078381.0
1078381.0
1078381.0
1078381.0
1078381.0
592410.0
782194.0
882311.0
946695.0
997072.0
1029306.0
1047352.0
1056238.0
1060285.0
1062045.0
1062911.0
1063189.0
1063307.0
1063360.0
1063361.0
1063361.0
1063361.0
1063361.0
1063361.0
1063361.0
1063361.0
1063361.0
1063361.0
1063361.0
1063361.0
1063361.0
1063361.0
1063361.0
1063361.0
1063361.0
1063361.0
1063361.0
1063361.0
1063361.0
1063361.0
1063361.0
1063361.0
1063361.0
1063361.0
1063361.0
594177.0
795634.0
904273.0
974963.0
1030826.0
1067660.0
1088448.0
1098996.0
1104004.0
1106048.0
1106783.0
1107056.0
1107162.0
1107168.0
1107171.0
1107173.0
1107174.0
1107175.0
1107175.0
1107175.0
1107175.0
1107175.0
1107175.0
1107175.0
1107175.0
1107175.0
1107175.0
1107175.0
1107175.0
1107175.0
1107175.0
1107175.0
1107175.0
1107175.0
1107175.0
1107175.0
1107175.0
1107175.0
1107175.0
1107175.0
593831.0
793448.0
901003.0
970980.0
1026773.0
1063775.0
1084841.0
1095146.0
1099661.0
1101462.0
1102363.0
1102658.0
1102752.0
1102781.0
1102794.0
1102796.0
1102796.0
1102796.0
1102796.0
1102796.0
1102796.0
1102796.0
1102796.0
1102796.0
1102796.0
1102796.0
1102796.0
1102796.0
1102796.0
1102796.0
1102796.0
1102796.0
1102796.0
1102796.0
1102796.0
1102796.0
1102796.0
1102796.0
1102796.0
1102796.0
592291.0
781875.0
881970.0
946891.0
997940.0
1030691.0
1048892.0
1057618.0
1061559.0
1063166.0
1063861.0
1064209.0
1064335.0
1064397.0
1064399.0
1064399.0
1064399.0
1064399.0
1064399.0
1064399.0
1064399.0
1064399.0
1064399.0
1064399.0
1064399.0
1064399.0
1064399.0
1064399.0
1064399.0
1064399.0
1064399.0
1064399.0
1064399.0
1064399.0
1064399.0
1064399.0
1064399.0
1064399.0
1064399.0
1064399.0
592578.0
779834.0
879560.0
944132.0
996216.0
1029816.0
1048549.0
1057741.0
1061743.0
1063615.0
1064301.0
1064449.0
1064546.0
1064594.0
1064594.0
1064594.0
1064594.0
1064594.0
1064594.0
1064594.0
1064594.0
1064594.0
1064594.0
1064594.0
1064594.0
1064594.0
1064594.0
1064594.0
1064594.0
1064594.0
1064594.0
1064594.0
1064594.0
1064594.0
1064594.0
1064594.0
1064594.0
1064594.0
1064594.0
1064594.0
592191.0
784604.0
886784.0
952834.0
1004090.0
1036469.0
1054710.0
1063620.0
1067309.0
1068936.0
1069593.0
1069860.0
1069948.0
1070018.0
1070019.0
1070019.0
1070019.0
1070019.0
1070019.0
1070019.0
1070019.0
1070019.0
1070019.0
1070019.0
1070019.0
1070019.0
1070019.0
1070019.0
1070019.0
1070019.0
1070019.0
1070019.0
1070019.0
1070019.0
1070019.0
1070019.0
1070019.0
1070019.0
1070019.0
1070019.0
593365.0
788457.0
892407.0
959468.0
1011865.0
1045856.0
1064724.0
1073932.0
1078416.0
1080107.0
1080840.0
1081104.0
1081187.0
1081193.0
1081194.0
1081194.0
1081194.0
1081194.0
1081194.0
1081194.0
1081194.0
1081194.0
1081194.0
1081194.0
1081194.0
1081194.0
1081194.0
1081194.0
1081194.0
1081194.0
1081194.0
1081194.0
1081194.0
1081194.0
1081194.0
1081194.0
1081194.0
1081194.0
1081194.0
1081194.0
593065.0
786801.0
890748.0
957587.0
1010816.0
1046019.0
1066153.0
1076250.0
1081193.0
1083111.0
1084002.0
1084417.0
1084542.0
1084568.0
1084604.0
1084632.0
1084632.0
1084632.0
1084632.0
1084632.0
1084632.0
1084632.0
1084632.0
1084632.0
1084632.0
1084632.0
1084632.0
1084632.0
1084632.0
1084632.0
1084632.0
1084632.0
1084632.0
1084632.0
1084632.0
1084632.0
1084632.0
1084632.0
1084632.0
1084632.0
593124.0
790015.0
894541.0
963109.0
1017021.0
1051050.0
1070317.0
1080462.0
1084519.0
1086572.0
1087504.0
1087723.0
1087869.0
1087919.0
1087935.0
1087935.0
1087935.0
1087935.0
1087935.0
1087935.0
1087935.0
1087935.0
1087935.0
1087935.0
1087935.0
1087935.0
1087935.0
1087935.0
1087935.0
1087935.0
1087935.0
1087935.0
1087935.0
1087935.0
1087935.0
1087935.0
1087935.0
1087935.0
1087935.0
1087935.0
593174.0
787081.0
891022.0
957839.0
1010955.0
1045182.0
1064432.0
1073401.0
1077545.0
1079268.0
1080004.0
1080337.0
1080404.0
1080493.0
1080513.0
1080514.0
1080515.0
1080515.0
1080515.0
1080515.0
1080515.0
1080515.0
1080515.0
1080515.0
1080515.0
1080515.0
1080515.0
1080515.0
1080515.0
1080515.0
1080515.0
1080515.0
1080515.0
1080515.0
1080515.0
1080515.0
1080515.0
1080515.0
1080515.0
1080515.0
593659.0
783108.0
884119.0
948664.0
1000195.0
1034075.0
1053530.0
1062973.0
1067740.0
1069632.0
1070348.0
1070642.0
1070694.0
1070728.0
1070730.0
1070730.0
1070730.0
1070730.0
1070730.0
1070730.0
1070730.0
1070730.0
1070730.0
1070730.0
1070730.0
1070730.0
1070730.0
1070730.0
1070730.0
1070730.0
1070730.0
1070730.0
1070730.0
1070730.0
1070730.0
1070730.0
1070730.0
1070730.0
1070730.0
1070730.0
593518.0
785356.0
887283.0
953194.0
1005985.0
1040384.0
1059030.0
1068337.0
1072514.0
1074246.0
1074879.0
1075004.0
1075075.0
1075086.0
1075111.0
1075111.0
1075111.0
1075111.0
1075111.0
1075111.0
1075111.0
1075111.0
1075111.0
1075111.0
1075111.0
1075111.0
1075111.0
1075111.0
1075111.0
1075111.0
1075111.0
1075111.0
1075111.0
1075111.0
1075111.0
1075111.0
1075111.0
1075111.0
1075111.0
1075111.0
594218.0
791633.0
897756.0
966507.0
1021099.0
1056836.0
1076966.0
1086145.0
1090687.0
1092524.0
1093063.0
1093274.0
1093352.0
1093361.0
1093363.0
1093364.0
1093364.0
1093364.0
1093364.0
1093364.0
1093364.0
1093364.0
1093364.0
1093364.0
1093364.0
1093364.0
1093364.0
1093364.0
1093364.0
1093364.0
1093364.0
1093364.0
1093364.0
1093364.0
1093364.0
1093364.0
1093364.0
1093364.0
1093364.0
1093364.0
594079.0
786086.0
887777.0
954117.0
1007603.0
1043231.0
1062887.0
1072555.0
1077073.0
1078899.0
1079616.0
1079991.0
1080072.0
1080155.0
1080179.0
1080179.0
1080179.0
1080179.0
1080179.0
1080179.0
1080179.0
1080179.0
1080179.0
1080179.0
1080179.0
1080179.0
1080179.0
1080179.0
1080179.0
1080179.0
1080179.0
1080179.0
1080179.0
1080179.0
1080179.0
1080179.0
1080179.0
1080179.0
1080179.0
1080179.0
592854.0
785612.0
887588.0
953325.0
1005216.0
1038585.0
1056129.0
1065144.0
1069257.0
1070837.0
1071679.0
1071920.0
1072045.0
1072113.0
1072116.0
1072117.0
1072117.0
1072117.0
1072117.0
1072117.0
1072117.0
1072117.0
1072117.0
1072117.0
1072117.0
1072117.0
1072117.0
1072117.0
1072117.0
1072117.0
1072117.0
1072117.0
1072117.0
1072117.0
1072117.0
1072117.0
1072117.0
1072117.0
1072117.0
1072117.0
592855.0
780153.0
878865.0
942861.0
992922.0
1026256.0
1044715.0
1053854.0
1058117.0
1059956.0
1060620.0
1060915.0
1061034.0
1061037.0
1061038.0
1061038.0
1061038.0
1061038.0
1061038.0
1061038.0
1061038.0
1061038.0
1061038.0
1061038.0
1061038.0
1061038.0
1061038.0
1061038.0
1061038.0
1061038.0
1061038.0
1061038.0
1061038.0
1061038.0
1061038.0
1061038.0
1061038.0
1061038.0
1061038.0
1061038.0
593840.0
792182.0
898072.0
967877.0
1023494.0
1060109.0
1080784.0
1091107.0
1095706.0
1098084.0
1098866.0
1099227.0
1099318.0
1099355.0
1099372.0
1099415.0
1099445.0
1099445.0
1099445.0
1099445.0
1099445.0
1099445.0
1099445.0
1099445.0
1099445.0
1099445.0
1099445.0
1099445.0
1099445.0
1099445.0
1099445.0
1099445.0
1099445.0
1099445.0
1099445.0
1099445.0
1099445.0
1099445.0
1099445.0
1099445.0
593294.0
787530.0
889755.0
956854.0
1009704.0
1044145.0
1063957.0
1073502.0
1078187.0
1079999.0
1080675.0
1080878.0
1080921.0
1080945.0
1080947.0
1080947.0
1080947.0
1080947.0
1080947.0
1080947.0
1080947.0
1080947.0
1080947.0
1080947.0
1080947.0
1080947.0
1080947.0
1080947.0
1080947.0
1080947.0
1080947.0
1080947.0
1080947.0
1080947.0
1080947.0
1080947.0
1080947.0
1080947.0
1080947.0
1080947.0
594732.0
796745.0
905978.0
977730.0
1035542.0
1074688.0
1097554.0
1108801.0
1113560.0
1115692.0
1116491.0
1116966.0
1117071.0
1117119.0
1117141.0
1117142.0
1117142.0
1117142.0
1117142.0
1117142.0
1117142.0
1117142.0
1117142.0
1117142.0
1117142.0
1117142.0
1117142.0
1117142.0
1117142.0
1117142.0
1117142.0
1117142.0
1117142.0
1117142.0
1117142.0
1117142.0
1117142.0
1117142.0
1117142.0
1117142.0
594345.0
790811.0
895761.0
963310.0
1016879.0
1053586.0
1074459.0
1084311.0
1088629.0
1090073.0
1090797.0
1090998.0
1091111.0
1091123.0
1091124.0
1091125.0
1091125.0
1091125.0
1091125.0
1091125.0
1091125.0
1091125.0
1091125.0
1091125.0
1091125.0
1091125.0
1091125.0
1091125.0
1091125.0
1091125.0
1091125.0
1091125.0
1091125.0
1091125.0
1091125.0
1091125.0
1091125.0
1091125.0
1091125.0
1091125.0
593150.0
789824.0
894480.0
962230.0
1014979.0
1049288.0
1068501.0
1077828.0
1082085.0
1083880.0
1084643.0
1084908.0
1084940.0
1084943.0
1084944.0
1084944.0
1084944.0
1084944.0
1084944.0
1084944.0
1084944.0
1084944.0
1084944.0
1084944.0
1084944.0
1084944.0
1084944.0
1084944.0
1084944.0
1084944.0
1084944.0
1084944.0
1084944.0
1084944.0
1084944.0
1084944.0
1084944.0
1084944.0
1084944.0
1084944.0
594712.0
796359.0
904946.0
975302.0
1031346.0
1068865.0
1090290.0
1101085.0
1105837.0
1108055.0
1109021.0
1109517.0
1109665.0
1109689.0
1109695.0
1109695.0
1109695.0
1109695.0
1109695.0
1109695.0
1109695.0
1109695.0
1109695.0
1109695.0
1109695.0
1109695.0
1109695.0
1109695.0
1109695.0
1109695.0
1109695.0
1109695.0
1109695.0
1109695.0
1109695.0
1109695.0
1109695.0
1109695.0
1109695.0
1109695.0
593478.0
787994.0
891837.0
959356.0
1012576.0
1046932.0
1065233.0
1074010.0
1077878.0
1079591.0
1080208.0
1080468.0
1080646.0
1080676.0
1080679.0
1080679.0
1080679.0
1080679.0
1080679.0
1080679.0
1080679.0
1080679.0
1080679.0
1080679.0
1080679.0
1080679.0
1080679.0
1080679.0
1080679.0
1080679.0
1080679.0
1080679.0
1080679.0
1080679.0
1080679.0
1080679.0
1080679.0
1080679.0
1080679.0
1080679.0
593008.0
785896.0
888617.0
955839.0
1008457.0
1044137.0
1063142.0
1072668.0
1077273.0
1079118.0
1080001.0
1080307.0
1080449.0
1080497.0
1080500.0
1080502.0
1080502.0
1080502.0
1080502.0
1080502.0
1080502.0
1080502.0
1080502.0
1080502.0
1080502.0
1080502.0
1080502.0
1080502.0
1080502.0
1080502.0
1080502.0
1080502.0
1080502.0
1080502.0
1080502.0
1080502.0
1080502.0
1080502.0
1080502.0
1080502.0
593286.0
784989.0
887032.0
953630.0
1007078.0
1041565.0
1061025.0
1070437.0
1074451.0
1076183.0
1076840.0
1077018.0
1077100.0
1077147.0
1077161.0
1077161.0
1077161.0
1077161.0
1077161.0
1077161.0
1077161.0
1077161.0
1077161.0
1077161.0
1077161.0
1077161.0
1077161.0
1077161.0
1077161.0
1077161.0
1077161.0
1077161.0
1077161.0
1077161.0
1077161.0
1077161.0
1077161.0
1077161.0
1077161.0
1077161.0
592053.0
777152.0
876153.0
938695.0
989802.0
1023151.0
1041243.0
1050473.0
1054790.0
1056554.0
1057174.0
1057321.0
1057395.0
1057397.0
1057397.0
1057397.0
1057397.0
1057397.0
1057397.0
1057397.0
1057397.0
1057397.0
1057397.0
1057397.0
1057397.0
1057397.0
1057397.0
1057397.0
1057397.0
1057397.0
1057397.0
1057397.0
1057397.0
1057397.0
1057397.0
1057397.0
1057397.0
1057397.0
1057397.0
1057397.0
593012.0
786154.0
888487.0
955091.0
1007240.0
1040838.0
1059199.0
1068137.0
1072113.0
1073823.0
1074491.0
1074734.0
1074778.0
1074786.0
1074790.0
1074790.0
1074790.0
1074790.0
1074790.0
1074790.0
1074790.0
1074790.0
1074790.0
1074790.0
1074790.0
1074790.0
1074790.0
1074790.0
1074790.0
1074790.0
1074790.0
1074790.0
1074790.0
1074790.0
1074790.0
1074790.0
1074790.0
1074790.0
1074790.0
1074790.0
592721.0
783523.0
884824.0
949306.0
999631.0
1031881.0
1049082.0
1057619.0
1061346.0
1062695.0
1063305.0
1063536.0
1063646.0
1063670.0
1063671.0
1063671.0
1063671.0
1063671.0
1063671.0
1063671.0
1063671.0
1063671.0
1063671.0
1063671.0
1063671.0
1063671.0
1063671.0
1063671.0
1063671.0
1063671.0
1063671.0
1063671.0
1063671.0
1063671.0
1063671.0
1063671.0
1063671.0
1063671.0
1063671.0
1063671.0
592760.0
788094.0
892775.0
960780.0
1013385.0
1048594.0
1068339.0
1078359.0
1082640.0
1084234.0
1084844.0
1085026.0
1085144.0
1085194.0
1085196.0
1085196.0
1085196.0
1085196.0
1085196.0
1085196.0
1085196.0
1085196.0
1085196.0
1085196.0
1085196.0
1085196.0
1085196.0
1085196.0
1085196.0
1085196.0
1085196.0
1085196.0
1085196.0
1085196.0
1085196.0
1085196.0
1085196.0
1085196.0
1085196.0
1085196.0
593771.0
793751.0
900089.0
969511.0
1025161.0
1061466.0
1082761.0
1093308.0
1098192.0
1100015.0
1100822.0
1101099.0
1101215.0
1101257.0
1101259.0
1101259.0
1101259.0
1101259.0
1101259.0
1101259.0
1101259.0
1101259.0
1101259.0
1101259.0
1101259.0
1101259.0
1101259.0
1101259.0
1101259.0
1101259.0
1101259.0
1101259.0
1101259.0
1101259.0
1101259.0
1101259.0
1101259.0
1101259.0
1101259.0
1101259.0
592099.0
784794.0
888121.0
954969.0
1008119.0
1043279.0
1062115.0
1071590.0
1075586.0
1077274.0
1078074.0
1078382.0
1078450.0
1078487.0
1078514.0
1078516.0
1078516.0
1078516.0
1078516.0
1078516.0
1078516.0
1078516.0
1078516.0
1078516.0
1078516.0
1078516.0
1078516.0
1078516.0
1078516.0
1078516.0
1078516.0
1078516.0
1078516.0
1078516.0
1078516.0
1078516.0
1078516.0
1078516.0
1078516.0
1078516.0
593309.0
786911.0
889852.0
957152.0
1010302.0
1045889.0
1065752.0
1075807.0
1080346.0
1082135.0
1083087.0
1083487.0
1083618.0
1083678.0
1083702.0
1083702.0
1083702.0
1083702.0
1083702.0
1083702.0
1083702.0
1083702.0
1083702.0
1083702.0
1083702.0
1083702.0
1083702.0
1083702.0
1083702.0
1083702.0
1083702.0
1083702.0
1083702.0
1083702.0
1083702.0
1083702.0
1083702.0
1083702.0
1083702.0
1083702.0
593897.0
792913.0
900368.0
970175.0
1025517.0
1062198.0
1082359.0
1093249.0
1098060.0
1100105.0
1100867.0
1101214.0
1101303.0
1101325.0
1101327.0
1101327.0
1101327.0
1101327.0
1101327.0
1101327.0
1101327.0
1101327.0
1101327.0
1101327.0
1101327.0
1101327.0
1101327.0
1101327.0
1101327.0
1101327.0
1101327.0
1101327.0
1101327.0
1101327.0
1101327.0
1101327.0
1101327.0
1101327.0
1101327.0
1101327.0
593471.0
787616.0
891706.0
958994.0
1012418.0
1047164.0
1066963.0
1077047.0
1082041.0
1084259.0
1085078.0
1085313.0
1085373.0
1085446.0
1085451.0
1085451.0
1085451.0
1085451.0
1085451.0
1085451.0
1085451.0
1085451.0
1085451.0
1085451.0
1085451.0
1085451.0
1085451.0
1085451.0
1085451.0
1085451.0
1085451.0
1085451.0
1085451.0
1085451.0
1085451.0
1085451.0
1085451.0
1085451.0
1085451.0
1085451.0
592989.0
784539.0
885131.0
951341.0
1004123.0
1038564.0
1057785.0
1066863.0
1070864.0
1072633.0
1073252.0
1073458.0
1073514.0
1073520.0
1073520.0
1073520.0
1073520.0
1073520.0
1073520.0
1073520.0
1073520.0
1073520.0
1073520.0
1073520.0
1073520.0
1073520.0
1073520.0
1073520.0
1073520.0
1073520.0
1073520.0
1073520.0
1073520.0
1073520.0
1073520.0
1073520.0
1073520.0
1073520.0
1073520.0
1073520.0
594112.0
792755.0
898392.0
967358.0
1021978.0
1057850.0
1078577.0
1088332.0
1092808.0
1094353.0
1094931.0
1095154.0
1095282.0
1095327.0
1095342.0
1095348.0
1095348.0
1095348.0
1095348.0
1095348.0
1095348.0
1095348.0
1095348.0
1095348.0
1095348.0
1095348.0
1095348.0
1095348.0
1095348.0
1095348.0
1095348.0
1095348.0
1095348.0
1095348.0
1095348.0
1095348.0
1095348.0
1095348.0
1095348.0
1095348.0
593198.0
785537.0
887883.0
954166.0
1006271.0
1040037.0
1059283.0
1068572.0
1072622.0
1074591.0
1075215.0
1075485.0
1075635.0
1075639.0
1075641.0
1075642.0
1075643.0
1075643.0
1075643.0
1075643.0
1075643.0
1075643.0
1075643.0
1075643.0
1075643.0
1075643.0
1075643.0
1075643.0
1075643.0
1075643.0
1075643.0
1075643.0
1075643.0
1075643.0
1075643.0
1075643.0
1075643.0
1075643.0
1075643.0
1075643.0
593506.0
785761.0
888046.0
953794.0
1006107.0
1040513.0
1059431.0
1068440.0
1072212.0
1073928.0
1074807.0
1075152.0
1075319.0
1075428.0
1075432.0
1075432.0
1075432.0
1075432.0
1075432.0
1075432.0
1075432.0
1075432.0
1075432.0
1075432.0
1075432.0
1075432.0
1075432.0
1075432.0
1075432.0
1075432.0
1075432.0
1075432.0
1075432.0
1075432.0
1075432.0
1075432.0
1075432.0
1075432.0
1075432.0
1075432.0
593839.0
788917.0
893350.0
960777.0
1014772.0
1049579.0
1069003.0
1079397.0
1083824.0
1085713.0
1086326.0
1086536.0
1086663.0
1086736.0
1086739.0
1086741.0
1086741.0
1086741.0
1086741.0
1086741.0
1086741.0
1086741.0
1086741.0
1086741.0
1086741.0
1086741.0
1086741.0
1086741.0
1086741.0
1086741.0
1086741.0
1086741.0
1086741.0
1086741.0
1086741.0
1086741.0
1086741.0
1086741.0
1086741.0
1086741.0
593341.0
791212.0
896757.0
964831.0
1019970.0
1055861.0
1076398.0
1086842.0
1091280.0
1093392.0
1094159.0
1094484.0
1094554.0
1094563.0
1094563.0
1094563.0
1094563.0
1094563.0
1094563.0
1094563.0
1094563.0
1094563.0
1094563.0
1094563.0
1094563.0
1094563.0
1094563.0
1094563.0
1094563.0
1094563.0
1094563.0
1094563.0
1094563.0
1094563.0
1094563.0
1094563.0
1094563.0
1094563.0
1094563.0
1094563.0
593745.0
787209.0
890568.0
958501.0
1011640.0
1045817.0
1064508.0
1073629.0
1077726.0
1079711.0
1080424.0
1080690.0
1080776.0
1080778.0
1080778.0
1080778.0
1080778.0
1080778.0
1080778.0
1080778.0
1080778.0
1080778.0
1080778.0
1080778.0
1080778.0
1080778.0
1080778.0
1080778.0
1080778.0
1080778.0
1080778.0
1080778.0
1080778.0
1080778.0
1080778.0
1080778.0
1080778.0
1080778.0
1080778.0
1080778.0
594356.0
785119.0
887916.0
955196.0
1008218.0
1042745.0
1062364.0
1071337.0
1075165.0
1076937.0
1077572.0
1077765.0
1077828.0
1077831.0
1077832.0
1077832.0
1077832.0
1077832.0
1077832.0
1077832.0
1077832.0
1077832.0
1077832.0
1077832.0
1077832.0
1077832.0
1077832.0
1077832.0
1077832.0
1077832.0
1077832.0
1077832.0
1077832.0
1077832.0
1077832.0
1077832.0
1077832.0
1077832.0
1077832.0
1077832.0
593816.0
787683.0
890287.0
957342.0
1011212.0
1047519.0
1067426.0
1077427.0
1081835.0
1083481.0
1084306.0
1084684.0
1084823.0
1084829.0
1084831.0
1084831.0
1084831.0
1084831.0
1084831.0
1084831.0
1084831.0
1084831.0
1084831.0
1084831.0
1084831.0
1084831.0
1084831.0
1084831.0
1084831.0
1084831.0
1084831.0
1084831.0
1084831.0
1084831.0
1084831.0
1084831.0
1084831.0
1084831.0
1084831.0
1084831.0
593160.0
787331.0
890747.0
958787.0
1013052.0
1048979.0
1069755.0
1079638.0
1083980.0
1086125.0
1086974.0
1087206.0
1087287.0
1087292.0
1087293.0
1087293.0
1087293.0
1087293.0
1087293.0
1087293.0
1087293.0
1087293.0
1087293.0
1087293.0
1087293.0
1087293.0
1087293.0
1087293.0
1087293.0
1087293.0
1087293.0
1087293.0
1087293.0
1087293.0
1087293.0
1087293.0
1087293.0
1087293.0
1087293.0
1087293.0
593338.0
788830.0
894110.0
961930.0
1015696.0
1050452.0
1069920.0
1079445.0
1083564.0
1085313.0
1086070.0
1086316.0
1086384.0
1086388.0
1086389.0
1086389.0
1086389.0
1086389.0
1086389.0
1086389.0
1086389.0
1086389.0
1086389.0
1086389.0
1086389.0
1086389.0
1086389.0
1086389.0
1086389.0
1086389.0
1086389.0
1086389.0
1086389.0
1086389.0
1086389.0
1086389.0
1086389.0
1086389.0
1086389.0
1086389.0
593614.0
788416.0
892721.0
960136.0
1014047.0
1050298.0
1070846.0
1081459.0
1086379.0
1088612.0
1089359.0
1089576.0
1089700.0
1089735.0
1089737.0
1089739.0
1089739.0
1089739.0
1089739.0
1089739.0
1089739.0
1089739.0
1089739.0
1089739.0
1089739.0
1089739.0
1089739.0
1089739.0
1089739.0
1089739.0
1089739.0
1089739.0
1089739.0
1089739.0
1089739.0
1089739.0
1089739.0
1089739.0
1089739.0
1089739.0
593626.0
788768.0
891980.0
959690.0
1012634.0
1047385.0
1066389.0
1076046.0
1080809.0
1082517.0
1083395.0
1083760.0
1083882.0
1083889.0
1083891.0
1083891.0
1083891.0
1083891.0
1083891.0
1083891.0
1083891.0
1083891.0
1083891.0
1083891.0
1083891.0
1083891.0
1083891.0
1083891.0
1083891.0
1083891.0
1083891.0
1083891.0
1083891.0
1083891.0
1083891.0
1083891.0
1083891.0
1083891.0
1083891.0
1083891.0
592760.0
788272.0
893170.0
961862.0
1016069.0
1051570.0
1071243.0
1081090.0
1085477.0
1087164.0
1087728.0
1087921.0
1087977.0
1087986.0
1087989.0
1087990.0
1087990.0
1087990.0
1087990.0
1087990.0
1087990.0
1087990.0
1087990.0
1087990.0
1087990.0
1087990.0
1087990.0
1087990.0
1087990.0
1087990.0
1087990.0
1087990.0
1087990.0
1087990.0
1087990.0
1087990.0
1087990.0
1087990.0
1087990.0
1087990.0
591909.0
778564.0
877328.0
940860.0
990851.0
1022388.0
1039337.0
1047060.0
1050576.0
1051958.0
1052737.0
1052989.0
1053041.0
1053100.0
1053100.0
1053100.0
1053100.0
1053100.0
1053100.0
1053100.0
1053100.0
1053100.0
1053100.0
1053100.0
1053100.0
1053100.0
1053100.0
1053100.0
1053100.0
1053100.0
1053100.0
1053100.0
1053100.0
1053100.0
1053100.0
1053100.0
1053100.0
1053100.0
1053100.0
1053100.0
593027.0
783716.0
886563.0
952196.0
1003830.0
1037082.0
1055498.0
1065250.0
1069633.0
1071710.0
1072535.0
1072870.0
1072978.0
1072987.0
1072989.0
1072989.0
1072989.0
1072989.0
1072989.0
1072989.0
1072989.0
1072989.0
1072989.0
1072989.0
1072989.0
1072989.0
1072989.0
1072989.0
1072989.0
1072989.0
1072989.0
1072989.0
1072989.0
1072989.0
1072989.0
1072989.0
1072989.0
1072989.0
1072989.0
1072989.0
592472.0
779387.0
878482.0
942043.0
992286.0
1025234.0
1042977.0
1051904.0
1055505.0
1056872.0
1057565.0
1057796.0
1057895.0
1057927.0
1057928.0
1057928.0
1057928.0
1057928.0
1057928.0
1057928.0
1057928.0
1057928.0
1057928.0
1057928.0
1057928.0
1057928.0
1057928.0
1057928.0
1057928.0
1057928.0
1057928.0
1057928.0
1057928.0
1057928.0
1057928.0
1057928.0
1057928.0
1057928.0
1057928.0
1057928.0
594862.0
797197.0
906560.0
977258.0
1032240.0
1068589.0
1088980.0
1099480.0
1104649.0
1106926.0
1107990.0
1108372.0
1108534.0
1108637.0
1108656.0
1108675.0
1108676.0
1108676.0
1108676.0
1108676.0
1108676.0
1108676.0
1108676.0
1108676.0
1108676.0
1108676.0
1108676.0
1108676.0
1108676.0
1108676.0
1108676.0
1108676.0
1108676.0
1108676.0
1108676.0
1108676.0
1108676.0
1108676.0
1108676.0
1108676.0
593799.0
787454.0
890718.0
958157.0
1010710.0
1045634.0
1065221.0
1075063.0
1079390.0
1081229.0
1081998.0
1082296.0
1082382.0
1082419.0
1082443.0
1082443.0
1082443.0
1082443.0
1082443.0
1082443.0
1082443.0
1082443.0
1082443.0
1082443.0
1082443.0
1082443.0
1082443.0
1082443.0
1082443.0
1082443.0
1082443.0
1082443.0
1082443.0
1082443.0
1082443.0
1082443.0
1082443.0
1082443.0
1082443.0
1082443.0
593786.0
788921.0
892871.0
960175.0
1013593.0
1048696.0
1068553.0
1078827.0
1083319.0
1085480.0
1086389.0
1086732.0
1086820.0
1086869.0
1086873.0
1086874.0
1086875.0
1086875.0
1086875.0
1086875.0
1086875.0
1086875.0
1086875.0
1086875.0
1086875.0
1086875.0
1086875.0
1086875.0
1086875.0
1086875.0
1086875.0
1086875.0
1086875.0
1086875.0
1086875.0
1086875.0
1086875.0
1086875.0
1086875.0
1086875.0
593113.0
786996.0
889513.0
955467.0
1007860.0
1041830.0
1060812.0
1070594.0
1075063.0
1076913.0
1077675.0
1077933.0
1078069.0
1078091.0
1078093.0
1078093.0
1078093.0
1078093.0
1078093.0
1078093.0
1078093.0
1078093.0
1078093.0
1078093.0
1078093.0
1078093.0
1078093.0
1078093.0
1078093.0
1078093.0
1078093.0
1078093.0
1078093.0
1078093.0
1078093.0
1078093.0
1078093.0
1078093.0
1078093.0
1078093.0
592801.0
782064.0
881900.0
947381.0
998075.0
1030601.0
1048916.0
1057774.0
1061668.0
1063565.0
1064245.0
1064492.0
1064510.0
1064530.0
1064530.0
1064530.0
1064530.0
1064530.0
1064530.0
1064530.0
1064530.0
1064530.0
1064530.0
1064530.0
1064530.0
1064530.0
1064530.0
1064530.0
1064530.0
1064530.0
1064530.0
1064530.0
1064530.0
1064530.0
1064530.0
1064530.0
1064530.0
1064530.0
1064530.0
1064530.0
593406.0
790514.0
896832.0
966263.0
1022232.0
1059284.0
1080614.0
1091058.0
1096315.0
1098820.0
1099849.0
1100196.0
1100377.0
1100433.0
1100461.0
1100462.0
1100462.0
1100462.0
1100462.0
1100462.0
1100462.0
1100462.0
1100462.0
1100462.0
1100462.0
1100462.0
1100462.0
1100462.0
1100462.0
1100462.0
1100462.0
1100462.0
1100462.0
1100462.0
1100462.0
1100462.0
1100462.0
1100462.0
1100462.0
1100462.0
593244.0
785692.0
888490.0
955730.0
1009261.0
1044391.0
1063844.0
1073195.0
1076982.0
1078731.0
1079224.0
1079427.0
1079467.0
1079483.0
1079539.0
1079540.0
1079540.0
1079540.0
1079540.0
1079540.0
1079540.0
1079540.0
1079540.0
1079540.0
1079540.0
1079540.0
1079540.0
1079540.0
1079540.0
1079540.0
1079540.0
1079540.0
1079540.0
1079540.0
1079540.0
1079540.0
1079540.0
1079540.0
1079540.0
1079540.0
593762.0
793188.0
898631.0
968078.0
1021498.0
1056734.0
1076584.0
1086243.0
1090926.0
1092761.0
1093505.0
1093751.0
1093856.0
1093896.0
1093901.0
1093903.0
1093903.0
1093903.0
1093903.0
1093903.0
1093903.0
1093903.0
1093903.0
1093903.0
1093903.0
1093903.0
1093903.0
1093903.0
1093903.0
1093903.0
1093903.0
1093903.0
1093903.0
1093903.0
1093903.0
1093903.0
1093903.0
1093903.0
1093903.0
1093903.0
592644.0
784876.0
887097.0
952463.0
1004301.0
1038187.0
1056771.0
1066738.0
1071486.0
1073254.0
1074007.0
1074259.0
1074283.0
1074291.0
1074292.0
1074292.0
1074292.0
1074292.0
1074292.0
1074292.0
1074292.0
1074292.0
1074292.0
1074292.0
1074292.0
1074292.0
1074292.0
1074292.0
1074292.0
1074292.0
1074292.0
1074292.0
1074292.0
1074292.0
1074292.0
1074292.0
1074292.0
1074292.0
1074292.0
1074292.0
593473.0
790061.0
895142.0
962102.0
1015677.0
1049659.0
1069599.0
1079233.0
1083533.0
1085403.0
1086078.0
1086277.0
1086347.0
1086361.0
1086363.0
1086363.0
1086363.0
1086363.0
1086363.0
1086363.0
1086363.0
1086363.0
1086363.0
1086363.0
1086363.0
1086363.0
1086363.0
1086363.0
1086363.0
1086363.0
1086363.0
1086363.0
1086363.0
1086363.0
1086363.0
1086363.0
1086363.0
1086363.0
1086363.0
1086363.0
593874.0
791302.0
897774.0
965898.0
1020867.0
1056904.0
1077885.0
1088130.0
1092713.0
1094963.0
1095803.0
1096088.0
1096242.0
1096278.0
1096301.0
1096302.0
1096302.0
1096302.0
1096302.0
1096302.0
1096302.0
1096302.0
1096302.0
1096302.0
1096302.0
1096302.0
1096302.0
1096302.0
1096302.0
1096302.0
1096302.0
1096302.0
1096302.0
1096302.0
1096302.0
1096302.0
1096302.0
1096302.0
1096302.0
1096302.0
593816.0
791036.0
895964.0
964150.0
1018508.0
1054473.0
1074957.0
1085502.0
1090076.0
1092116.0
1092881.0
1093148.0
1093235.0
1093243.0
1093248.0
1093249.0
1093249.0
1093249.0
1093249.0
1093249.0
1093249.0
1093249.0
1093249.0
1093249.0
1093249.0
1093249.0
1093249.0
1093249.0
1093249.0
1093249.0
1093249.0
1093249.0
1093249.0
1093249.0
1093249.0
1093249.0
1093249.0
1093249.0
1093249.0
1093249.0
593162.0
790323.0
895345.0
962291.0
1016349.0
1050414.0
1069152.0
1078638.0
1082879.0
1084592.0
1085125.0
1085332.0
1085411.0
1085417.0
1085451.0
1085482.0
1085506.0
1085506.0
1085506.0
1085506.0
1085506.0
1085506.0
1085506.0
1085506.0
1085506.0
1085506.0
1085506.0
1085506.0
1085506.0
1085506.0
1085506.0
1085506.0
1085506.0
1085506.0
1085506.0
1085506.0
1085506.0
1085506.0
1085506.0
1085506.0
592194.0
779168.0
878366.0
942373.0
993313.0
1026448.0
1044837.0
1053797.0
1058010.0
1059754.0
1060482.0
1060812.0
1060952.0
1060974.0
1061015.0
1061015.0
1061015.0
1061015.0
1061015.0
1061015.0
1061015.0
1061015.0
1061015.0
1061015.0
1061015.0
1061015.0
1061015.0
1061015.0
1061015.0
1061015.0
1061015.0
1061015.0
1061015.0
1061015.0
1061015.0
1061015.0
1061015.0
1061015.0
1061015.0
1061015.0
594262.0
785641.0
887903.0
953582.0
1005479.0
1039706.0
1058422.0
1067793.0
1071550.0
1073209.0
1073757.0
1073929.0
1073947.0
1073953.0
1073954.0
1073954.0
1073954.0
1073954.0
1073954.0
1073954.0
1073954.0
1073954.0
1073954.0
1073954.0
1073954.0
1073954.0
1073954.0
1073954.0
1073954.0
1073954.0
1073954.0
1073954.0
1073954.0
1073954.0
1073954.0
1073954.0
1073954.0
1073954.0
1073954.0
1073954.0
593353.0
790091.0
895232.0
964984.0
1019177.0
1055211.0
1076076.0
1086111.0
1090913.0
1092756.0
1093699.0
1093970.0
1094131.0
1094132.0
1094133.0
1094133.0
1094133.0
1094133.0
1094133.0
1094133.0
1094133.0
1094133.0
1094133.0
1094133.0
1094133.0
1094133.0
1094133.0
1094133.0
1094133.0
1094133.0
1094133.0
1094133.0
1094133.0
1094133.0
1094133.0
1094133.0
1094133.0
1094133.0
1094133.0
1094133.0
592768.0
785305.0
886387.0
952185.0
1003008.0
1035471.0
1053157.0
1061917.0
1065852.0
1067429.0
1068045.0
1068190.0
1068257.0
1068299.0
1068305.0
1068293.0
1068292.0
1068292.0
1068292.0
1068292.0
1068292.0
1068292.0
1068292.0
1068292.0
1068292.0
1068292.0
1068292.0
1068292.0
1068292.0
1068292.0
1068292.0
1068292.0
1068292.0
1068292.0
1068292.0
1068292.0
1068292.0
1068292.0
1068292.0
1068292.0
593468.0
784708.0
887728.0
954456.0
1007781.0
1042548.0
1061798.0
1071440.0
1075568.0
1077449.0
1078096.0
1078485.0
1078596.0
1078632.0
1078667.0
1078667.0
1078667.0
1078667.0
1078667.0
1078667.0
1078667.0
1078667.0
1078667.0
1078667.0
1078667.0
1078667.0
1078667.0
1078667.0
1078667.0
1078667.0
1078667.0
1078667.0
1078667.0
1078667.0
1078667.0
1078667.0
1078667.0
1078667.0
1078667.0
1078667.0
593067.0
780117.0
879383.0
944628.0
994962.0
1027580.0
1045352.0
1053600.0
1057091.0
1058486.0
1059021.0
1059303.0
1059340.0
1059344.0
1059345.0
1059345.0
1059345.0
1059345.0
1059345.0
1059345.0
1059345.0
1059345.0
1059345.0
1059345.0
1059345.0
1059345.0
1059345.0
1059345.0
1059345.0
1059345.0
1059345.0
1059345.0
1059345.0
1059345.0
1059345.0
1059345.0
1059345.0
1059345.0
1059345.0
1059345.0
593397.0
787422.0
891418.0
959265.0
1011998.0
1046759.0
1065939.0
1075020.0
1078934.0
1080613.0
1081455.0
1081820.0
1081984.0
1082032.0
1082032.0
1082032.0
1082032.0
1082032.0
1082032.0
1082032.0
1082032.0
1082032.0
1082032.0
1082032.0
1082032.0
1082032.0
1082032.0
1082032.0
1082032.0
1082032.0
1082032.0
1082032.0
1082032.0
1082032.0
1082032.0
1082032.0
1082032.0
1082032.0
1082032.0
1082032.0
592278.0
781760.0
882339.0
946781.0
998097.0
1031639.0
1049753.0
1059238.0
1063572.0
1065264.0
1065961.0
1066197.0
1066277.0
1066314.0
1066316.0
1066318.0
1066319.0
1066319.0
1066319.0
1066319.0
1066319.0
1066319.0
1066319.0
1066319.0
1066319.0
1066319.0
1066319.0
1066319.0
1066319.0
1066319.0
1066319.0
1066319.0
1066319.0
1066319.0
1066319.0
1066319.0
1066319.0
1066319.0
1066319.0
1066319.0
593986.0
788592.0
894001.0
962748.0
1018365.0
1055121.0
1076329.0
1086974.0
1091956.0
1094101.0
1094818.0
1095081.0
1095183.0
1095226.0
1095248.0
1095248.0
1095248.0
1095248.0
1095248.0
1095248.0
1095248.0
1095248.0
1095248.0
1095248.0
1095248.0
1095248.0
1095248.0
1095248.0
1095248.0
1095248.0
1095248.0
1095248.0
1095248.0
1095248.0
1095248.0
1095248.0
1095248.0
1095248.0
1095248.0
1095248.0
593523.0
787398.0
891662.0
958914.0
1011928.0
1046997.0
1067153.0
1077305.0
1082020.0
1083741.0
1084600.0
1084947.0
1085130.0
1085227.0
1085230.0
1085232.0
1085233.0
1085233.0
1085233.0
1085233.0
1085233.0
1085233.0
1085233.0
1085233.0
1085233.0
1085233.0
1085233.0
1085233.0
1085233.0
1085233.0
1085233.0
1085233.0
1085233.0
1085233.0
1085233.0
1085233.0
1085233.0
1085233.0
1085233.0
1085233.0
592853.0
784917.0
886678.0
952301.0
1003573.0
1036711.0
1055240.0
1064214.0
1068122.0
1069749.0
1070414.0
1070667.0
1070775.0
1070803.0
1070805.0
1070806.0
1070806.0
1070806.0
1070806.0
1070806.0
1070806.0
1070806.0
1070806.0
1070806.0
1070806.0
1070806.0
1070806.0
1070806.0
1070806.0
1070806.0
1070806.0
1070806.0
1070806.0
1070806.0
1070806.0
1070806.0
1070806.0
1070806.0
1070806.0
1070806.0
593061.0
789777.0
895673.0
963957.0
1017350.0
1052688.0
1072297.0
1081609.0
1085720.0
1087358.0
1088071.0
1088274.0
1088328.0
1088396.0
1088426.0
1088426.0
1088426.0
1088426.0
1088426.0
1088426.0
1088426.0
1088426.0
1088426.0
1088426.0
1088426.0
1088426.0
1088426.0
1088426.0
1088426.0
1088426.0
1088426.0
1088426.0
1088426.0
1088426.0
1088426.0
1088426.0
1088426.0
1088426.0
1088426.0
1088426.0
592308.0
782194.0
883300.0
948730.0
1000826.0
1034264.0
1052271.0
1061142.0
1065078.0
1066707.0
1067432.0
1067807.0
1067939.0
1068024.0
1068038.0
1068038.0
1068038.0
1068038.0
1068038.0
1068038.0
1068038.0
1068038.0
1068038.0
1068038.0
1068038.0
1068038.0
1068038.0
1068038.0
1068038.0
1068038.0
1068038.0
1068038.0
1068038.0
1068038.0
1068038.0
1068038.0
1068038.0
1068038.0
1068038.0
1068038.0
593099.0
790391.0
895301.0
963165.0
1016673.0
1051783.0
1071106.0
1080711.0
1085135.0
1087085.0
1087866.0
1088101.0
1088179.0
1088184.0
1088185.0
1088185.0
1088185.0
1088185.0
1088185.0
1088185.0
1088185.0
1088185.0
1088185.0
1088185.0
1088185.0
1088185.0
1088185.0
1088185.0
1088185.0
1088185.0
1088185.0
1088185.0
1088185.0
1088185.0
1088185.0
1088185.0
1088185.0
1088185.0
1088185.0
1088185.0
592924.0
787141.0
889935.0
956020.0
1007410.0
1040826.0
1059499.0
1068408.0
1072499.0
1074269.0
1075231.0
1075551.0
1075636.0
1075638.0
1075639.0
1075639.0
1075639.0
1075639.0
1075639.0
1075639.0
1075639.0
1075639.0
1075639.0
1075639.0
1075639.0
1075639.0
1075639.0
1075639.0
1075639.0
1075639.0
1075639.0
1075639.0
1075639.0
1075639.0
1075639.0
1075639.0
1075639.0
1075639.0
1075639.0
1075639.0
593086.0
789298.0
894208.0
962036.0
1015109.0
1050222.0
1070405.0
1080046.0
1084409.0
1086040.0
1086629.0
1086928.0
1087075.0
1087081.0
1087083.0
1087084.0
1087084.0
1087084.0
1087084.0
1087084.0
1087084.0
1087084.0
1087084.0
1087084.0
1087084.0
1087084.0
1087084.0
1087084.0
1087084.0
1087084.0
1087084.0
1087084.0
1087084.0
1087084.0
1087084.0
1087084.0
1087084.0
1087084.0
1087084.0
1087084.0
593056.0
789547.0
894437.0
962040.0
1016031.0
1051850.0
1071345.0
1080868.0
1085463.0
1087349.0
1088124.0
1088397.0
1088577.0
1088603.0
1088637.0
1088637.0
1088637.0
1088637.0
1088637.0
1088637.0
1088637.0
1088637.0
1088637.0
1088637.0
1088637.0
1088637.0
1088637.0
1088637.0
1088637.0
1088637.0
1088637.0
1088637.0
1088637.0
1088637.0
1088637.0
1088637.0
1088637.0
1088637.0
1088637.0
1088637.0
592990.0
789182.0
894020.0
962836.0
1016407.0
1052252.0
1072682.0
1082899.0
1087440.0
1089256.0
1090033.0
1090231.0
1090259.0
1090269.0
1090271.0
1090271.0
1090271.0
1090271.0
1090271.0
1090271.0
1090271.0
1090271.0
1090271.0
1090271.0
1090271.0
1090271.0
1090271.0
1090271.0
1090271.0
1090271.0
1090271.0
1090271.0
1090271.0
1090271.0
1090271.0
1090271.0
1090271.0
1090271.0
1090271.0
1090271.0
594871.0
800836.0
914329.0
987450.0
1044967.0
1084045.0
1106499.0
1117069.0
1122323.0
1124300.0
1125052.0
1125277.0
1125363.0
1125445.0
1125490.0
1125508.0
1125521.0
1125543.0
1125542.0
1125542.0
1125542.0
1125542.0
1125542.0
1125542.0
1125542.0
1125542.0
1125542.0
1125542.0
1125542.0
1125542.0
1125542.0
1125542.0
1125542.0
1125542.0
1125542.0
1125542.0
1125542.0
1125542.0
1125542.0
1125542.0
593592.0
784043.0
885346.0
950234.0
1002099.0
1035553.0
1054211.0
1063461.0
1067423.0
1069383.0
1069874.0
1070045.0
1070099.0
1070150.0
1070150.0
1070150.0
1070150.0
1070150.0
1070150.0
1070150.0
1070150.0
1070150.0
1070150.0
1070150.0
1070150.0
1070150.0
1070150.0
1070150.0
1070150.0
1070150.0
1070150.0
1070150.0
1070150.0
1070150.0
1070150.0
1070150.0
1070150.0
1070150.0
1070150.0
1070150.0
594459.0
798563.0
908901.0
980075.0
1037361.0
1075894.0
1098103.0
1108933.0
1113560.0
1115585.0
1116451.0
1116690.0
1116786.0
1116805.0
1116809.0
1116811.0
1116811.0
1116811.0
1116811.0
1116811.0
1116811.0
1116811.0
1116811.0
1116811.0
1116811.0
1116811.0
1116811.0
1116811.0
1116811.0
1116811.0
1116811.0
1116811.0
1116811.0
1116811.0
1116811.0
1116811.0
1116811.0
1116811.0
1116811.0
1116811.0
593222.0
792123.0
899218.0
968586.0
1023388.0
1059902.0
1080289.0
1090581.0
1094802.0
1096538.0
1097281.0
1097488.0
1097517.0
1097524.0
1097526.0
1097527.0
1097528.0
1097528.0
1097528.0
1097528.0
1097528.0
1097528.0
1097528.0
1097528.0
1097528.0
1097528.0
1097528.0
1097528.0
1097528.0
1097528.0
1097528.0
1097528.0
1097528.0
1097528.0
1097528.0
1097528.0
1097528.0
1097528.0
1097528.0
1097528.0
592837.0
786777.0
889623.0
957122.0
1010450.0
1044757.0
1064256.0
1073410.0
1077623.0
1079187.0
1079717.0
1079950.0
1080024.0
1080056.0
1080057.0
1080058.0
1080058.0
1080058.0
1080058.0
1080058.0
1080058.0
1080058.0
1080058.0
1080058.0
1080058.0
1080058.0
1080058.0
1080058.0
1080058.0
1080058.0
1080058.0
1080058.0
1080058.0
1080058.0
1080058.0
1080058.0
1080058.0
1080058.0
1080058.0
1080058.0
593810.0
794342.0
900506.0
970034.0
1026205.0
1063159.0
1084826.0
1095219.0
1100272.0
1102366.0
1103086.0
1103307.0
1103347.0
1103360.0
1103364.0
1103365.0
1103365.0
1103365.0
1103365.0
1103365.0
1103365.0
1103365.0
1103365.0
1103365.0
1103365.0
1103365.0
1103365.0
1103365.0
1103365.0
1103365.0
1103365.0
1103365.0
1103365.0
1103365.0
1103365.0
1103365.0
1103365.0
1103365.0
1103365.0
1103365.0
593334.0
783053.0
884214.0
949498.0
1001415.0
1035907.0
1054566.0
1063939.0
1068182.0
1069912.0
1070645.0
1070800.0
1070897.0
1070907.0
1070909.0
1070911.0
1070911.0
1070911.0
1070911.0
1070911.0
1070911.0
1070911.0
1070911.0
1070911.0
1070911.0
1070911.0
1070911.0
1070911.0
1070911.0
1070911.0
1070911.0
1070911.0
1070911.0
1070911.0
1070911.0
1070911.0
1070911.0
1070911.0
1070911.0
1070911.0
593843.0
784695.0
886714.0
952351.0
1004546.0
1038640.0
1057606.0
1066402.0
1070317.0
1071795.0
1072386.0
1072537.0
1072598.0
1072632.0
1072635.0
1072637.0
1072638.0
1072639.0
1072639.0
1072639.0
1072639.0
1072639.0
1072639.0
1072639.0
1072639.0
1072639.0
1072639.0
1072639.0
1072639.0
1072639.0
1072639.0
1072639.0
1072639.0
1072639.0
1072639.0
1072639.0
1072639.0
1072639.0
1072639.0
1072639.0
593357.0
782150.0
882230.0
947081.0
998758.0
1032227.0
1051315.0
1060892.0
1065346.0
1067043.0
1067707.0
1067968.0
1068043.0
1068061.0
1068104.0
1068105.0
1068105.0
1068105.0
1068105.0
1068105.0
1068105.0
1068105.0
1068105.0
1068105.0
1068105.0
1068105.0
1068105.0
1068105.0
1068105.0
1068105.0
1068105.0
1068105.0
1068105.0
1068105.0
1068105.0
1068105.0
1068105.0
1068105.0
1068105.0
1068105.0
593099.0
786090.0
889336.0
956659.0
1008910.0
1042095.0
1060816.0
1069642.0
1073359.0
1075023.0
1075795.0
1076053.0
1076118.0
1076151.0
1076176.0
1076177.0
1076179.0
1076180.0
1076180.0
1076180.0
1076180.0
1076180.0
1076180.0
1076180.0
1076180.0
1076180.0
1076180.0
1076180.0
1076180.0
1076180.0
1076180.0
1076180.0
1076180.0
1076180.0
1076180.0
1076180.0
1076180.0
1076180.0
1076180.0
1076180.0
593530.0
790946.0
897199.0
966089.0
1020556.0
1055932.0
1076012.0
1085734.0
1090386.0
1092192.0
1092920.0
1093136.0
1093318.0
1093348.0
1093349.0
1093349.0
1093349.0
1093349.0
1093349.0
1093349.0
1093349.0
1093349.0
1093349.0
1093349.0
1093349.0
1093349.0
1093349.0
1093349.0
1093349.0
1093349.0
1093349.0
1093349.0
1093349.0
1093349.0
1093349.0
1093349.0
1093349.0
1093349.0
1093349.0
1093349.0
593796.0
793268.0
901392.0
970371.0
1025646.0
1061279.0
1081366.0
1091165.0
1095342.0
1097044.0
1097838.0
1098164.0
1098256.0
1098259.0
1098260.0
1098260.0
1098260.0
1098260.0
1098260.0
1098260.0
1098260.0
1098260.0
1098260.0
1098260.0
1098260.0
1098260.0
1098260.0
1098260.0
1098260.0
1098260.0
1098260.0
1098260.0
1098260.0
1098260.0
1098260.0
1098260.0
1098260.0
1098260.0
1098260.0
1098260.0
593769.0
786074.0
888457.0
954494.0
1006388.0
1039590.0
1058429.0
1067716.0
1071781.0
1073721.0
1074497.0
1074823.0
1074899.0
1074902.0
1074903.0
1074903.0
1074903.0
1074903.0
1074903.0
1074903.0
1074903.0
1074903.0
1074903.0
1074903.0
1074903.0
1074903.0
1074903.0
1074903.0
1074903.0
1074903.0
1074903.0
1074903.0
1074903.0
1074903.0
1074903.0
1074903.0
1074903.0
1074903.0
1074903.0
1074903.0
593372.0
791078.0
896458.0
965021.0
1017732.0
1053184.0
1073815.0
1084224.0
1089061.0
1091343.0
1092254.0
1092566.0
1092666.0
1092673.0
1092674.0
1092675.0
1092676.0
1092676.0
1092676.0
1092676.0
1092676.0
1092676.0
1092676.0
1092676.0
1092676.0
1092676.0
1092676.0
1092676.0
1092676.0
1092676.0
1092676.0
1092676.0
1092676.0
1092676.0
1092676.0
1092676.0
1092676.0
1092676.0
1092676.0
1092676.0
592819.0
786631.0
889624.0
957043.0
1010214.0
1044161.0
1063159.0
1072315.0
1076418.0
1078095.0
1078681.0
1078901.0
1079030.0
1079055.0
1079065.0
1079067.0
1079068.0
1079068.0
1079068.0
1079068.0
1079068.0
1079068.0
1079068.0
1079068.0
1079068.0
1079068.0
1079068.0
1079068.0
1079068.0
1079068.0
1079068.0
1079068.0
1079068.0
1079068.0
1079068.0
1079068.0
1079068.0
1079068.0
1079068.0
1079068.0
593169.0
790974.0
896821.0
965081.0
1019097.0
1053403.0
1072323.0
1081268.0
1085496.0
1087106.0
1087751.0
1088083.0
1088245.0
1088278.0
1088278.0
1088278.0
1088278.0
1088278.0
1088278.0
1088278.0
1088278.0
1088278.0
1088278.0
1088278.0
1088278.0
1088278.0
1088278.0
1088278.0
1088278.0
1088278.0
1088278.0
1088278.0
1088278.0
1088278.0
1088278.0
1088278.0
1088278.0
1088278.0
1088278.0
1088278.0
592544.0
788308.0
894516.0
961951.0
1015536.0
1050385.0
1069455.0
1078896.0
1083072.0
1084950.0
1085583.0
1085763.0
1085810.0
1085811.0
1085812.0
1085812.0
1085812.0
1085812.0
1085812.0
1085812.0
1085812.0
1085812.0
1085812.0
1085812.0
1085812.0
1085812.0
1085812.0
1085812.0
1085812.0
1085812.0
1085812.0
1085812.0
1085812.0
1085812.0
1085812.0
1085812.0
1085812.0
1085812.0
1085812.0
1085812.0
593762.0
787949.0
891056.0
958231.0
1010675.0
1045133.0
1063993.0
1073266.0
1076993.0
1078509.0
1079092.0
1079255.0
1079299.0
1079328.0
1079344.0
1079377.0
1079378.0
1079378.0
1079378.0
1079378.0
1079378.0
1079378.0
1079378.0
1079378.0
1079378.0
1079378.0
1079378.0
1079378.0
1079378.0
1079378.0
1079378.0
1079378.0
1079378.0
1079378.0
1079378.0
1079378.0
1079378.0
1079378.0
1079378.0
1079378.0
593118.0
791320.0
897969.0
967008.0
1021723.0
1056726.0
1076524.0
1085931.0
1090425.0
1092276.0
1093045.0
1093414.0
1093605.0
1093671.0
1093675.0
1093677.0
1093678.0
1093678.0
1093678.0
1093678.0
1093678.0
1093678.0
1093678.0
1093678.0
1093678.0
1093678.0
1093678.0
1093678.0
1093678.0
1093678.0
1093678.0
1093678.0
1093678.0
1093678.0
1093678.0
1093678.0
1093678.0
1093678.0
1093678.0
1093678.0
592748.0
787184.0
892852.0
960677.0
1014422.0
1048976.0
1068274.0
1077410.0
1081669.0
1083532.0
1084315.0
1084556.0
1084595.0
1084626.0
1084628.0
1084629.0
1084629.0
1084629.0
1084629.0
1084629.0
1084629.0
1084629.0
1084629.0
1084629.0
1084629.0
1084629.0
1084629.0
1084629.0
1084629.0
1084629.0
1084629.0
1084629.0
1084629.0
1084629.0
1084629.0
1084629.0
1084629.0
1084629.0
1084629.0
1084629.0
593841.0
796235.0
904925.0
975153.0
1030812.0
1067368.0
1087392.0
1097794.0
1102554.0
1104514.0
1105194.0
1105472.0
1105564.0
1105605.0
1105605.0
1105605.0
1105605.0
1105605.0
1105605.0
1105605.0
1105605.0
1105605.0
1105605.0
1105605.0
1105605.0
1105605.0
1105605.0
1105605.0
1105605.0
1105605.0
1105605.0
1105605.0
1105605.0
1105605.0
1105605.0
1105605.0
1105605.0
1105605.0
1105605.0
1105605.0
593479.0
781817.0
882765.0
947524.0
999108.0
1033657.0
1051987.0
1061318.0
1065505.0
1067080.0
1067676.0
1067950.0
1068112.0
1068157.0
1068157.0
1068157.0
1068157.0
1068157.0
1068157.0
1068157.0
1068157.0
1068157.0
1068157.0
1068157.0
1068157.0
1068157.0
1068157.0
1068157.0
1068157.0
1068157.0
1068157.0
1068157.0
1068157.0
1068157.0
1068157.0
1068157.0
1068157.0
1068157.0
1068157.0
1068157.0
593058.0
785514.0
886955.0
952995.0
1004831.0
1039267.0
1057672.0
1066921.0
1071228.0
1072909.0
1073616.0
1073920.0
1074001.0
1074058.0
1074090.0
1074090.0
1074090.0
1074090.0
1074090.0
1074090.0
1074090.0
1074090.0
1074090.0
1074090.0
1074090.0
1074090.0
1074090.0
1074090.0
1074090.0
1074090.0
1074090.0
1074090.0
1074090.0
1074090.0
1074090.0
1074090.0
1074090.0
1074090.0
1074090.0
1074090.0
593998.0
789432.0
893547.0
961765.0
1016972.0
1054897.0
1076854.0
1088605.0
1093855.0
1096397.0
1097371.0
1097629.0
1097707.0
1097747.0
1097748.0
1097748.0
1097748.0
1097748.0
1097748.0
1097748.0
1097748.0
1097748.0
1097748.0
1097748.0
1097748.0
1097748.0
1097748.0
1097748.0
1097748.0
1097748.0
1097748.0
1097748.0
1097748.0
1097748.0
1097748.0
1097748.0
1097748.0
1097748.0
1097748.0
1097748.0
592764.0
784510.0
885576.0
951801.0
1004533.0
1038438.0
1057665.0
1066932.0
1070946.0
1072600.0
1073169.0
1073421.0
1073475.0
1073480.0
1073481.0
1073482.0
1073482.0
1073482.0
1073482.0
1073482.0
1073482.0
1073482.0
1073482.0
1073482.0
1073482.0
1073482.0
1073482.0
1073482.0
1073482.0
1073482.0
1073482.0
1073482.0
1073482.0
1073482.0
1073482.0
1073482.0
1073482.0
1073482.0
1073482.0
1073482.0
592995.0
785827.0
888104.0
954535.0
1006539.0
1041457.0
1061353.0
1071027.0
1075248.0
1077307.0
1078064.0
1078238.0
1078285.0
1078297.0
1078299.0
1078300.0
1078300.0
1078300.0
1078300.0
1078300.0
1078300.0
1078300.0
1078300.0
1078300.0
1078300.0
1078300.0
1078300.0
1078300.0
1078300.0
1078300.0
1078300.0
1078300.0
1078300.0
1078300.0
1078300.0
1078300.0
1078300.0
1078300.0
1078300.0
1078300.0
592374.0
787872.0
891595.0
958011.0
1010789.0
1045887.0
1064592.0
1073663.0
1077788.0
1079526.0
1080105.0
1080342.0
1080416.0
1080440.0
1080441.0
1080441.0
1080441.0
1080441.0
1080441.0
1080441.0
1080441.0
1080441.0
1080441.0
1080441.0
1080441.0
1080441.0
1080441.0
1080441.0
1080441.0
1080441.0
1080441.0
1080441.0
1080441.0
1080441.0
1080441.0
1080441.0
1080441.0
1080441.0
1080441.0
1080441.0
593001.0
787422.0
892639.0
960694.0
1015034.0
1050266.0
1069994.0
1079773.0
1084108.0
1085905.0
1086492.0
1086823.0
1086846.0
1086869.0
1086918.0
1086925.0
1086925.0
1086925.0
1086925.0
1086925.0
1086925.0
1086925.0
1086925.0
1086925.0
1086925.0
1086925.0
1086925.0
1086925.0
1086925.0
1086925.0
1086925.0
1086925.0
1086925.0
1086925.0
1086925.0
1086925.0
1086925.0
1086925.0
1086925.0
1086925.0
593022.0
790423.0
896430.0
965199.0
1020493.0
1056653.0
1076821.0
1087079.0
1091781.0
1093654.0
1094422.0
1094687.0
1094796.0
1094849.0
1094852.0
1094852.0
1094852.0
1094852.0
1094852.0
1094852.0
1094852.0
1094852.0
1094852.0
1094852.0
1094852.0
1094852.0
1094852.0
1094852.0
1094852.0
1094852.0
1094852.0
1094852.0
1094852.0
1094852.0
1094852.0
1094852.0
1094852.0
1094852.0
1094852.0
1094852.0
592878.0
785728.0
889467.0
956193.0
1009400.0
1043954.0
1063111.0
1072807.0
1077226.0
1079188.0
1079822.0
1080035.0
1080076.0
1080078.0
1080079.0
1080079.0
1080079.0
1080079.0
1080079.0
1080079.0
1080079.0
1080079.0
1080079.0
1080079.0
1080079.0
1080079.0
1080079.0
1080079.0
1080079.0
1080079.0
1080079.0
1080079.0
1080079.0
1080079.0
1080079.0
1080079.0
1080079.0
1080079.0
1080079.0
1080079.0
593649.0
789628.0
894023.0
962450.0
1016598.0
1052866.0
1072912.0
1082748.0
1087075.0
1088833.0
1089598.0
1089786.0
1089927.0
1089933.0
1089934.0
1089934.0
1089934.0
1089934.0
1089934.0
1089934.0
1089934.0
1089934.0
1089934.0
1089934.0
1089934.0
1089934.0
1089934.0
1089934.0
1089934.0
1089934.0
1089934.0
1089934.0
1089934.0
1089934.0
1089934.0
1089934.0
1089934.0
1089934.0
1089934.0
1089934.0
592629.0
784450.0
886994.0
952280.0
1004581.0
1038313.0
1057129.0
1065832.0
1069863.0
1071569.0
1072290.0
1072592.0
1072717.0
1072757.0
1072789.0
1072827.0
1072827.0
1072827.0
1072827.0
1072827.0
1072827.0
1072827.0
1072827.0
1072827.0
1072827.0
1072827.0
1072827.0
1072827.0
1072827.0
1072827.0
1072827.0
1072827.0
1072827.0
1072827.0
1072827.0
1072827.0
1072827.0
1072827.0
1072827.0
1072827.0
593119.0
791810.0
898698.0
967436.0
1023520.0
1060307.0
1081059.0
1091562.0
1096470.0
1098615.0
1099327.0
1099644.0
1099776.0
1099847.0
1099887.0
1099888.0
1099889.0
1099889.0
1099889.0
1099889.0
1099889.0
1099889.0
1099889.0
1099889.0
1099889.0
1099889.0
1099889.0
1099889.0
1099889.0
1099889.0
1099889.0
1099889.0
1099889.0
1099889.0
1099889.0
1099889.0
1099889.0
1099889.0
1099889.0
1099889.0
592318.0
781214.0
882130.0
947033.0
997523.0
1029351.0
1046620.0
1054706.0
1058385.0
1059797.0
1060374.0
1060576.0
1060604.0
1060609.0
1060610.0
1060610.0
1060610.0
1060610.0
1060610.0
1060610.0
1060610.0
1060610.0
1060610.0
1060610.0
1060610.0
1060610.0
1060610.0
1060610.0
1060610.0
1060610.0
1060610.0
1060610.0
1060610.0
1060610.0
1060610.0
1060610.0
1060610.0
1060610.0
1060610.0
1060610.0
593464.0
785745.0
887560.0
952949.0
1004312.0
1037708.0
1057133.0
1066719.0
1071059.0
1072972.0
1073820.0
1074096.0
1074170.0
1074181.0
1074182.0
1074182.0
1074182.0
1074182.0
1074182.0
1074182.0
1074182.0
1074182.0
1074182.0
1074182.0
1074182.0
1074182.0
1074182.0
1074182.0
1074182.0
1074182.0
1074182.0
1074182.0
1074182.0
1074182.0
1074182.0
1074182.0
1074182.0
1074182.0
1074182.0
1074182.0
593098.0
781522.0
881611.0
947408.0
1000576.0
1035957.0
1054727.0
1064517.0
1068673.0
1070229.0
1070814.0
1070997.0
1071062.0
1071065.0
1071066.0
1071066.0
1071066.0
1071066.0
1071066.0
1071066.0
1071066.0
1071066.0
1071066.0
1071066.0
1071066.0
1071066.0
1071066.0
1071066.0
1071066.0
1071066.0
1071066.0
1071066.0
1071066.0
1071066.0
1071066.0
1071066.0
1071066.0
1071066.0
1071066.0
1071066.0
593533.0
791755.0
897861.0
966407.0
1019952.0
1056252.0
1076692.0
1086441.0
1091162.0
1092916.0
1093525.0
1093808.0
1093917.0
1093947.0
1093947.0
1093947.0
1093947.0
1093947.0
1093947.0
1093947.0
1093947.0
1093947.0
1093947.0
1093947.0
1093947.0
1093947.0
1093947.0
1093947.0
1093947.0
1093947.0
1093947.0
1093947.0
1093947.0
1093947.0
1093947.0
1093947.0
1093947.0
1093947.0
1093947.0
1093947.0
593155.0
794830.0
903269.0
974049.0
1030585.0
1067718.0
1088418.0
1098637.0
1103342.0
1105564.0
1106347.0
1106774.0
1106906.0
1106951.0
1106951.0
1106951.0
1106951.0
1106951.0
1106951.0
1106951.0
1106951.0
1106951.0
1106951.0
1106951.0
1106951.0
1106951.0
1106951.0
1106951.0
1106951.0
1106951.0
1106951.0
1106951.0
1106951.0
1106951.0
1106951.0
1106951.0
1106951.0
1106951.0
1106951.0
1106951.0
593553.0
787772.0
891509.0
959600.0
1014311.0
1049538.0
1068787.0
1078179.0
1082351.0
1084166.0
1084841.0
1085029.0
1085104.0
1085109.0
1085111.0
1085111.0
1085111.0
1085111.0
1085111.0
1085111.0
1085111.0
1085111.0
1085111.0
1085111.0
1085111.0
1085111.0
1085111.0
1085111.0
1085111.0
1085111.0
1085111.0
1085111.0
1085111.0
1085111.0
1085111.0
1085111.0
1085111.0
1085111.0
1085111.0
1085111.0
593163.0
788469.0
892533.0
959738.0
1014350.0
1049322.0
1067838.0
1077013.0
1081465.0
1083146.0
1083900.0
1084189.0
1084338.0
1084369.0
1084395.0
1084395.0
1084395.0
1084395.0
1084395.0
1084395.0
1084395.0
1084395.0
1084395.0
1084395.0
1084395.0
1084395.0
1084395.0
1084395.0
1084395.0
1084395.0
1084395.0
1084395.0
1084395.0
1084395.0
1084395.0
1084395.0
1084395.0
1084395.0
1084395.0
1084395.0
594453.0
799326.0
909519.0
980224.0
1036645.0
1073476.0
1094405.0
1104820.0
1109961.0
1111840.0
1112520.0
1112698.0
1112797.0
1112842.0
1112849.0
1112849.0
1112849.0
1112849.0
1112849.0
1112849.0
1112849.0
1112849.0
1112849.0
1112849.0
1112849.0
1112849.0
1112849.0
1112849.0
1112849.0
1112849.0
1112849.0
1112849.0
1112849.0
1112849.0
1112849.0
1112849.0
1112849.0
1112849.0
1112849.0
1112849.0
593701.0
795414.0
903321.0
974485.0
1030369.0
1067761.0
1088600.0
1099622.0
1104441.0
1106478.0
1107292.0
1107629.0
1107695.0
1107702.0
1107703.0
1107704.0
1107704.0
1107704.0
1107704.0
1107704.0
1107704.0
1107704.0
1107704.0
1107704.0
1107704.0
1107704.0
1107704.0
1107704.0
1107704.0
1107704.0
1107704.0
1107704.0
1107704.0
1107704.0
1107704.0
1107704.0
1107704.0
1107704.0
1107704.0
1107704.0
593744.0
790452.0
894445.0
962878.0
1017154.0
1053912.0
1074804.0
1085116.0
1089781.0
1091801.0
1092505.0
1092775.0
1092859.0
1092911.0
1092912.0
1092913.0
1092913.0
1092913.0
1092913.0
1092913.0
1092913.0
1092913.0
1092913.0
1092913.0
1092913.0
1092913.0
1092913.0
1092913.0
1092913.0
1092913.0
1092913.0
1092913.0
1092913.0
1092913.0
1092913.0
1092913.0
1092913.0
1092913.0
1092913.0
1092913.0
592214.0
785270.0
888983.0
957006.0
1011582.0
1047452.0
1067471.0
1076778.0
1081103.0
1082588.0
1083125.0
1083325.0
1083373.0
1083378.0
1083378.0
1083378.0
1083378.0
1083378.0
1083378.0
1083378.0
1083378.0
1083378.0
1083378.0
1083378.0
1083378.0
1083378.0
1083378.0
1083378.0
1083378.0
1083378.0
1083378.0
1083378.0
1083378.0
1083378.0
1083378.0
1083378.0
1083378.0
1083378.0
1083378.0
1083378.0
592512.0
788061.0
892609.0
960070.0
1013316.0
1049279.0
1068736.0
1078584.0
1083246.0
1085070.0
1085857.0
1086182.0
1086241.0
1086244.0
1086245.0
1086245.0
1086245.0
1086245.0
1086245.0
1086245.0
1086245.0
1086245.0
1086245.0
1086245.0
1086245.0
1086245.0
1086245.0
1086245.0
1086245.0
1086245.0
1086245.0
1086245.0
1086245.0
1086245.0
1086245.0
1086245.0
1086245.0
1086245.0
1086245.0
1086245.0
592727.0
782143.0
882573.0
946997.0
998351.0
1031840.0
1050777.0
1059686.0
1063815.0
1065420.0
1066116.0
1066339.0
1066426.0
1066476.0
1066511.0
1066513.0
1066514.0
1066515.0
1066515.0
1066515.0
1066515.0
1066515.0
1066515.0
1066515.0
1066515.0
1066515.0
1066515.0
1066515.0
1066515.0
1066515.0
1066515.0
1066515.0
1066515.0
1066515.0
1066515.0
1066515.0
1066515.0
1066515.0
1066515.0
1066515.0
593221.0
788080.0
892973.0
961668.0
1016398.0
1051564.0
1071135.0
1081067.0
1085826.0
1087991.0
1088885.0
1089106.0
1089212.0
1089223.0
1089227.0
1089227.0
1089227.0
1089227.0
1089227.0
1089227.0
1089227.0
1089227.0
1089227.0
1089227.0
1089227.0
1089227.0
1089227.0
1089227.0
1089227.0
1089227.0
1089227.0
1089227.0
1089227.0
1089227.0
1089227.0
1089227.0
1089227.0
1089227.0
1089227.0
1089227.0
593778.0
782613.0
881312.0
945240.0
996832.0
1030711.0
1049163.0
1058768.0
1063129.0
1064960.0
1065759.0
1065987.0
1066035.0
1066061.0
1066062.0
1066062.0
1066062.0
1066062.0
1066062.0
1066062.0
1066062.0
1066062.0
1066062.0
1066062.0
1066062.0
1066062.0
1066062.0
1066062.0
1066062.0
1066062.0
1066062.0
1066062.0
1066062.0
1066062.0
1066062.0
1066062.0
1066062.0
1066062.0
1066062.0
1066062.0
592702.0
789695.0
894700.0
961764.0
1014369.0
1048524.0
1067867.0
1077247.0
1081053.0
1082596.0
1083180.0
1083536.0
1083571.0
1083603.0
1083606.0
1083607.0
1083608.0
1083608.0
1083608.0
1083608.0
1083608.0
1083608.0
1083608.0
1083608.0
1083608.0
1083608.0
1083608.0
1083608.0
1083608.0
1083608.0
1083608.0
1083608.0
1083608.0
1083608.0
1083608.0
1083608.0
1083608.0
1083608.0
1083608.0
1083608.0
592870.0
780724.0
881190.0
946152.0
997884.0
1032353.0
1051409.0
1060885.0
1064916.0
1066700.0
1067298.0
1067585.0
1067682.0
1067696.0
1067696.0
1067696.0
1067696.0
1067696.0
1067696.0
1067696.0
1067696.0
1067696.0
1067696.0
1067696.0
1067696.0
1067696.0
1067696.0
1067696.0
1067696.0
1067696.0
1067696.0
1067696.0
1067696.0
1067696.0
1067696.0
1067696.0
1067696.0
1067696.0
1067696.0
1067696.0
592264.0
781096.0
880511.0
944350.0
994278.0
1027692.0
1046270.0
1056004.0
1060287.0
1062061.0
1062693.0
1062912.0
1062949.0
1062964.0
1062964.0
1062964.0
1062964.0
1062964.0
1062964.0
1062964.0
1062964.0
1062964.0
1062964.0
1062964.0
1062964.0
1062964.0
1062964.0
1062964.0
1062964.0
1062964.0
1062964.0
1062964.0
1062964.0
1062964.0
1062964.0
1062964.0
1062964.0
1062964.0
1062964.0
1062964.0
594182.0
793619.0
901243.0
970388.0
1025616.0
1061369.0
1081415.0
1091643.0
1096375.0
1098348.0
1099154.0
1099420.0
1099517.0
1099531.0
1099531.0
1099531.0
1099531.0
1099531.0
1099531.0
1099531.0
1099531.0
1099531.0
1099531.0
1099531.0
1099531.0
1099531.0
1099531.0
1099531.0
1099531.0
1099531.0
1099531.0
1099531.0
1099531.0
1099531.0
1099531.0
1099531.0
1099531.0
1099531.0
1099531.0
1099531.0
593385.0
788523.0
893458.0
961034.0
1014681.0
1049879.0
1069571.0
1079238.0
1083718.0
1085539.0
1086288.0
1086505.0
1086615.0
1086701.0
1086703.0
1086705.0
1086706.0
1086706.0
1086706.0
1086706.0
1086706.0
1086706.0
1086706.0
1086706.0
1086706.0
1086706.0
1086706.0
1086706.0
1086706.0
1086706.0
1086706.0
1086706.0
1086706.0
1086706.0
1086706.0
1086706.0
1086706.0
1086706.0
1086706.0
1086706.0
592962.0
784079.0
885779.0
951352.0
1003796.0
1037566.0
1056163.0
1065066.0
1069234.0
1071035.0
1071886.0
1072224.0
1072337.0
1072437.0
1072459.0
1072461.0
1072463.0
1072464.0
1072465.0
1072465.0
1072465.0
1072465.0
1072465.0
1072465.0
1072465.0
1072465.0
1072465.0
1072465.0
1072465.0
1072465.0
1072465.0
1072465.0
1072465.0
1072465.0
1072465.0
1072465.0
1072465.0
1072465.0
1072465.0
1072465.0
594276.0
789661.0
895119.0
962433.0
1017479.0
1054202.0
1075471.0
1085200.0
1089311.0
1090830.0
1091407.0
1091584.0
1091682.0
1091702.0
1091706.0
1091707.0
1091707.0
1091707.0
1091707.0
1091707.0
1091707.0
1091707.0
1091707.0
1091707.0
1091707.0
1091707.0
1091707.0
1091707.0
1091707.0
1091707.0
1091707.0
1091707.0
1091707.0
1091707.0
1091707.0
1091707.0
1091707.0
1091707.0
1091707.0
1091707.0
591985.0
787320.0
890091.0
956033.0
1008122.0
1041673.0
1059943.0
1068750.0
1072653.0
1074197.0
1074758.0
1074907.0
1074987.0
1074993.0
1074994.0
1074994.0
1074994.0
1074994.0
1074994.0
1074994.0
1074994.0
1074994.0
1074994.0
1074994.0
1074994.0
1074994.0
1074994.0
1074994.0
1074994.0
1074994.0
1074994.0
1074994.0
1074994.0
1074994.0
1074994.0
1074994.0
1074994.0
1074994.0
1074994.0
1074994.0
593983.0
792510.0
899108.0
967875.0
1022906.0
1058698.0
1078539.0
1088559.0
1093131.0
1094712.0
1095565.0
1095920.0
1096049.0
1096093.0
1096095.0
1096095.0
1096095.0
1096095.0
1096095.0
1096095.0
1096095.0
1096095.0
1096095.0
1096095.0
1096095.0
1096095.0
1096095.0
1096095.0
1096095.0
1096095.0
1096095.0
1096095.0
1096095.0
1096095.0
1096095.0
1096095.0
1096095.0
1096095.0
1096095.0
1096095.0
593679.0
790546.0
896680.0
965772.0
1019822.0
1055188.0
1076149.0
1085914.0
1090400.0
1092288.0
1092934.0
1093196.0
1093344.0
1093380.0
1093384.0
1093385.0
1093385.0
1093385.0
1093385.0
1093385.0
1093385.0
1093385.0
1093385.0
1093385.0
1093385.0
1093385.0
1093385.0
1093385.0
1093385.0
1093385.0
1093385.0
1093385.0
1093385.0
1093385.0
1093385.0
1093385.0
1093385.0
1093385.0
1093385.0
1093385.0
592835.0
781181.0
881115.0
946457.0
998269.0
1032526.0
1051176.0
1060146.0
1064461.0
1065959.0
1066638.0
1066829.0
1066853.0
1066857.0
1066859.0
1066861.0
1066861.0
1066861.0
1066861.0
1066861.0
1066861.0
1066861.0
1066861.0
1066861.0
1066861.0
1066861.0
1066861.0
1066861.0
1066861.0
1066861.0
1066861.0
1066861.0
1066861.0
1066861.0
1066861.0
1066861.0
1066861.0
1066861.0
1066861.0
1066861.0
593572.0
791325.0
897152.0
965914.0
1021077.0
1056935.0
1077447.0
1087871.0
1092700.0
1094595.0
1095358.0
1095656.0
1095723.0
1095762.0
1095764.0
1095765.0
1095765.0
1095765.0
1095765.0
1095765.0
1095765.0
1095765.0
1095765.0
1095765.0
1095765.0
1095765.0
1095765.0
1095765.0
1095765.0
1095765.0
1095765.0
1095765.0
1095765.0
1095765.0
1095765.0
1095765.0
1095765.0
1095765.0
1095765.0
1095765.0
593183.0
789272.0
894883.0
962191.0
1016649.0
1052328.0
1072371.0
1082425.0
1087228.0
1089154.0
1089846.0
1090056.0
1090149.0
1090233.0
1090233.0
1090233.0
1090233.0
1090233.0
1090233.0
1090233.0
1090233.0
1090233.0
1090233.0
1090233.0
1090233.0
1090233.0
1090233.0
1090233.0
1090233.0
1090233.0
1090233.0
1090233.0
1090233.0
1090233.0
1090233.0
1090233.0
1090233.0
1090233.0
1090233.0
1090233.0
592624.0
781022.0
882153.0
947154.0
999722.0
1034392.0
1053518.0
1063076.0
1067299.0
1068988.0
1069691.0
1070065.0
1070139.0
1070162.0
1070173.0
1070198.0
1070198.0
1070198.0
1070198.0
1070198.0
1070198.0
1070198.0
1070198.0
1070198.0
1070198.0
1070198.0
1070198.0
1070198.0
1070198.0
1070198.0
1070198.0
1070198.0
1070198.0
1070198.0
1070198.0
1070198.0
1070198.0
1070198.0
1070198.0
1070198.0
592875.0
787525.0
891314.0
958116.0
1010658.0
1045079.0
1063763.0
1072197.0
1076105.0
1077859.0
1078540.0
1078759.0
1078828.0
1078870.0
1078871.0
1078872.0
1078872.0
1078872.0
1078872.0
1078872.0
1078872.0
1078872.0
1078872.0
1078872.0
1078872.0
1078872.0
1078872.0
1078872.0
1078872.0
1078872.0
1078872.0
1078872.0
1078872.0
1078872.0
1078872.0
1078872.0
1078872.0
1078872.0
1078872.0
1078872.0
593558.0
791732.0
895949.0
963575.0
1016617.0
1050154.0
1068772.0
1077345.0
1081549.0
1083202.0
1083877.0
1084088.0
1084213.0
1084220.0
1084251.0
1084282.0
1084283.0
1084283.0
1084283.0
1084283.0
1084283.0
1084283.0
1084283.0
1084283.0
1084283.0
1084283.0
1084283.0
1084283.0
1084283.0
1084283.0
1084283.0
1084283.0
1084283.0
1084283.0
1084283.0
1084283.0
1084283.0
1084283.0
1084283.0
1084283.0
593336.0
788007.0
891710.0
958422.0
1011597.0
1045196.0
1064539.0
1074094.0
1078596.0
1080216.0
1080836.0
1081098.0
1081172.0
1081175.0
1081176.0
1081177.0
1081178.0
1081178.0
1081178.0
1081178.0
1081178.0
1081178.0
1081178.0
1081178.0
1081178.0
1081178.0
1081178.0
1081178.0
1081178.0
1081178.0
1081178.0
1081178.0
1081178.0
1081178.0
1081178.0
1081178.0
1081178.0
1081178.0
1081178.0
1081178.0
592865.0
792226.0
899523.0
969615.0
1024207.0
1060436.0
1080921.0
1090776.0
1095422.0
1097301.0
1098266.0
1098545.0
1098665.0
1098689.0
1098689.0
1098689.0
1098689.0
1098689.0
1098689.0
1098689.0
1098689.0
1098689.0
1098689.0
1098689.0
1098689.0
1098689.0
1098689.0
1098689.0
1098689.0
1098689.0
1098689.0
1098689.0
1098689.0
1098689.0
1098689.0
1098689.0
1098689.0
1098689.0
1098689.0
1098689.0
593395.0
794016.0
901263.0
970491.0
1025532.0
1062009.0
1081553.0
1091445.0
1095996.0
1097804.0
1098515.0
1098768.0
1098853.0
1098857.0
1098857.0
1098857.0
1098857.0
1098857.0
1098857.0
1098857.0
1098857.0
1098857.0
1098857.0
1098857.0
1098857.0
1098857.0
1098857.0
1098857.0
1098857.0
1098857.0
1098857.0
1098857.0
1098857.0
1098857.0
1098857.0
1098857.0
1098857.0
1098857.0
1098857.0
1098857.0
593594.0
787918.0
892132.0
959467.0
1011468.0
1045781.0
1064201.0
1072683.0
1076961.0
1078714.0
1079328.0
1079605.0
1079677.0
1079688.0
1079690.0
1079690.0
1079690.0
1079690.0
1079690.0
1079690.0
1079690.0
1079690.0
1079690.0
1079690.0
1079690.0
1079690.0
1079690.0
1079690.0
1079690.0
1079690.0
1079690.0
1079690.0
1079690.0
1079690.0
1079690.0
1079690.0
1079690.0
1079690.0
1079690.0
1079690.0
593910.0
790847.0
895694.0
963172.0
1017439.0
1052665.0
1072908.0
1082926.0
1087498.0
1089268.0
1089887.0
1090106.0
1090228.0
1090233.0
1090234.0
1090234.0
1090234.0
1090234.0
1090234.0
1090234.0
1090234.0
1090234.0
1090234.0
1090234.0
1090234.0
1090234.0
1090234.0
1090234.0
1090234.0
1090234.0
1090234.0
1090234.0
1090234.0
1090234.0
1090234.0
1090234.0
1090234.0
1090234.0
1090234.0
1090234.0
593178.0
788113.0
891645.0
960126.0
1014796.0
1050169.0
1069370.0
1078151.0
1082059.0
1084020.0
1084892.0
1085251.0
1085322.0
1085355.0
1085378.0
1085378.0
1085378.0
1085378.0
1085378.0
1085378.0
1085378.0
1085378.0
1085378.0
1085378.0
1085378.0
1085378.0
1085378.0
1085378.0
1085378.0
1085378.0
1085378.0
1085378.0
1085378.0
1085378.0
1085378.0
1085378.0
1085378.0
1085378.0
1085378.0
1085378.0
594652.0
798730.0
908958.0
979622.0
1036493.0
1074201.0
1095743.0
1107388.0
1112144.0
1113980.0
1114641.0
1114818.0
1114907.0
1114977.0
1114977.0
1114977.0
1114977.0
1114977.0
1114977.0
1114977.0
1114977.0
1114977.0
1114977.0
1114977.0
1114977.0
1114977.0
1114977.0
1114977.0
1114977.0
1114977.0
1114977.0
1114977.0
1114977.0
1114977.0
1114977.0
1114977.0
1114977.0
1114977.0
1114977.0
1114977.0
592367.0
789456.0
893723.0
960342.0
1012710.0
1046777.0
1066651.0
1076252.0
1080246.0
1082058.0
1082731.0
1082908.0
1082983.0
1083023.0
1083026.0
1083028.0
1083028.0
1083028.0
1083028.0
1083028.0
1083028.0
1083028.0
1083028.0
1083028.0
1083028.0
1083028.0
1083028.0
1083028.0
1083028.0
1083028.0
1083028.0
1083028.0
1083028.0
1083028.0
1083028.0
1083028.0
1083028.0
1083028.0
1083028.0
1083028.0
592855.0
780015.0
879234.0
942991.0
993177.0
1025024.0
1042750.0
1051738.0
1055403.0
1056854.0
1057605.0
1057783.0
1057801.0
1057806.0
1057807.0
1057807.0
1057807.0
1057807.0
1057807.0
1057807.0
1057807.0
1057807.0
1057807.0
1057807.0
1057807.0
1057807.0
1057807.0
1057807.0
1057807.0
1057807.0
1057807.0
1057807.0
1057807.0
1057807.0
1057807.0
1057807.0
1057807.0
1057807.0
1057807.0
1057807.0
591955.0
781993.0
883448.0
948802.0
999268.0
1031550.0
1049098.0
1057463.0
1061150.0
1062530.0
1063088.0
1063290.0
1063372.0
1063382.0
1063384.0
1063385.0
1063385.0
1063385.0
1063385.0
1063385.0
1063385.0
1063385.0
1063385.0
1063385.0
1063385.0
1063385.0
1063385.0
1063385.0
1063385.0
1063385.0
1063385.0
1063385.0
1063385.0
1063385.0
1063385.0
1063385.0
1063385.0
1063385.0
1063385.0
1063385.0
