593333
990691
1254708
1454545
1595532
1688208
1744782
1777488
1794976
1803416
1806573
1807337
1807732
1808051
1808055
1808055
1808055
1808055
1808055
1808055
1808055
1808055
1808055
1808055
1808055
1808055
1808055
1808055
1808055
1808055
1808055
1808055
1808055
1808055
1808055
1808055
1808055
1808055
1808055
1808055
592958
988961
1252026
1450550
1589329
1680721
1737726
1769758
1786383
1794130
1796764
1797202
1797292
1797295
1797298
1797300
1797300
1797300
1797300
1797300
1797300
1797300
1797300
1797300
1797300
1797300
1797300
1797300
1797300
1797300
1797300
1797300
1797300
1797300
1797300
1797300
1797300
1797300
1797300
1797300
593140
991012
1255626
1455378
1594504
1686040
1742541
1774221
1790994
1797905
1800096
1800954
1801062
1801126
1801205
1801207
1801207
1801207
1801207
1801207
1801207
1801207
1801207
1801207
1801207
1801207
1801207
1801207
1801207
1801207
1801207
1801207
1801207
1801207
1801207
1801207
1801207
1801207
1801207
1801207
594963
994407
1261502
1465654
1608868
1705248
1765480
1801087
1819565
1827229
1830854
1832477
1833096
1833194
1833195
1833195
1833195
1833195
1833195
1833195
1833195
1833195
1833195
1833195
1833195
1833195
1833195
1833195
1833195
1833195
1833195
1833195
1833195
1833195
1833195
1833195
1833195
1833195
1833195
1833195
593883
992596
1258793
1461045
1602932
1697384
1756354
1790244
1808199
1816376
1819753
1821180
1821997
1822355
1822519
1822521
1822522
1822522
1822522
1822522
1822522
1822522
1822522
1822522
1822522
1822522
1822522
1822522
1822522
1822522
1822522
1822522
1822522
1822522
1822522
1822522
1822522
1822522
1822522
1822522
593400
983239
1238195
1429926
1563706
1652149
1706487
1737442
1753933
1761139
1764161
1765464
1766062
1766165
1766253
1766253
1766253
1766253
1766253
1766253
1766253
1766253
1766253
1766253
1766253
1766253
1766253
1766253
1766253
1766253
1766253
1766253
1766253
1766253
1766253
1766253
1766253
1766253
1766253
1766253
593679
989037
1252277
1451172
1590737
1682468
1739594
1772814
1790079
1797805
1800208
1801245
1801651
1801733
1801735
1801736
1801737
1801737
1801737
1801737
1801737
1801737
1801737
1801737
1801737
1801737
1801737
1801737
1801737
1801737
1801737
1801737
1801737
1801737
1801737
1801737
1801737
1801737
1801737
1801737
592287
980659
1234462
1426159
1559919
1648085
1701592
1730803
1745661
1752430
1754858
1755920
1756191
1756267
1756348
1756444
1756445
1756445
1756445
1756445
1756445
1756445
1756445
1756445
1756445
1756445
1756445
1756445
1756445
1756445
1756445
1756445
1756445
1756445
1756445
1756445
1756445
1756445
1756445
1756445
592531
986778
1246612
1440741
1577329
1666984
1722047
1753969
1772020
1780501
1783506
1784945
1785505
1785591
1785665
1785665
1785665
1785665
1785665
1785665
1785665
1785665
1785665
1785665
1785665
1785665
1785665
1785665
1785665
1785665
1785665
1785665
1785665
1785665
1785665
1785665
1785665
1785665
1785665
1785665
593104
991607
1258563
1461081
1604521
1699790
1759375
1794121
1813029
1821672
1825448
1826847
1827128
1827137
1827138
1827138
1827138
1827138
1827138
1827138
1827138
1827138
1827138
1827138
1827138
1827138
1827138
1827138
1827138
1827138
1827138
1827138
1827138
1827138
1827138
1827138
1827138
1827138
1827138
1827138
593107
984416
1241608
1434163
1568183
1657241
1712219
1745035
1762253
1769833
1772828
1773991
1774386
1774523
1774625
1774628
1774629
1774630
1774630
1774630
1774630
1774630
1774630
1774630
1774630
1774630
1774630
1774630
1774630
1774630
1774630
1774630
1774630
1774630
1774630
1774630
1774630
1774630
1774630
1774630
593657
992028
1256622
1457030
1597105
1690497
1748550
1782425
1799778
1807612
1810732
1811636
1812057
1812278
1812365
1812365
1812365
1812365
1812365
1812365
1812365
1812365
1812365
1812365
1812365
1812365
1812365
1812365
1812365
1812365
1812365
1812365
1812365
1812365
1812365
1812365
1812365
1812365
1812365
1812365
593261
989805
1253072
1452955
1593382
1686930
1744810
1778420
1796656
1804837
1808119
1809484
1809817
1809906
1809908
1809909
1809909
1809909
1809909
1809909
1809909
1809909
1809909
1809909
1809909
1809909
1809909
1809909
1809909
1809909
1809909
1809909
1809909
1809909
1809909
1809909
1809909
1809909
1809909
1809909
593957
989787
1251307
1449462
1588207
1679859
1736570
1770240
1787510
1795633
1799236
1801109
1801568
1801745
1801745
1801745
1801745
1801745
1801745
1801745
1801745
1801745
1801745
1801745
1801745
1801745
1801745
1801745
1801745
1801745
1801745
1801745
1801745
1801745
1801745
1801745
1801745
1801745
1801745
1801745
594324
994927
1263560
1467754
1610049
1704670
1763065
1796942
1815402
1823791
1827582
1828851
1829312
1829571
1829652
1829653
1829654
1829654
1829654
1829654
1829654
1829654
1829654
1829654
1829654
1829654
1829654
1829654
1829654
1829654
1829654
1829654
1829654
1829654
1829654
1829654
1829654
1829654
1829654
1829654
593700
995185
1265276
1470161
1614572
1710892
1771291
1806949
1825743
1834883
1838744
1840335
1840698
1840786
1840791
1840792
1840792
1840792
1840792
1840792
1840792
1840792
1840792
1840792
1840792
1840792
1840792
1840792
1840792
1840792
1840792
1840792
1840792
1840792
1840792
1840792
1840792
1840792
1840792
1840792
594341
997104
1270461
1480834
1630389
1731182
1794546
1831510
1850705
1859825
1863146
1864354
1864952
1865042
1865042
1865042
1865042
1865042
1865042
1865042
1865042
1865042
1865042
1865042
1865042
1865042
1865042
1865042
1865042
1865042
1865042
1865042
1865042
1865042
1865042
1865042
1865042
1865042
1865042
1865042
593540
990329
1254349
1454234
1594568
1688881
1747915
1782402
1800818
1808769
1812129
1813622
1813818
1813901
1813955
1813955
1813955
1813955
1813955
1813955
1813955
1813955
1813955
1813955
1813955
1813955
1813955
1813955
1813955
1813955
1813955
1813955
1813955
1813955
1813955
1813955
1813955
1813955
1813955
1813955
592473
986994
1246906
1442437
1578588
1667732
1721899
1752548
1768659
1776033
1779075
1780389
1780738
1780808
1780810
1780811
1780812
1780813
1780813
1780813
1780813
1780813
1780813
1780813
1780813
1780813
1780813
1780813
1780813
1780813
1780813
1780813
1780813
1780813
1780813
1780813
1780813
1780813
1780813
1780813
594208
989376
1251398
1450113
1590939
1684689
1742836
1777960
1794380
1801424
1804234
1805237
1805507
1805684
1805685
1805685
1805685
1805685
1805685
1805685
1805685
1805685
1805685
1805685
1805685
1805685
1805685
1805685
1805685
1805685
1805685
1805685
1805685
1805685
1805685
1805685
1805685
1805685
1805685
1805685
593106
988415
1250090
1447963
1586770
1679667
1737849
1772760
1789588
1796849
1800139
1801441
1802270
1802737
1802826
1802827
1802827
1802827
1802827
1802827
1802827
1802827
1802827
1802827
1802827
1802827
1802827
1802827
1802827
1802827
1802827
1802827
1802827
1802827
1802827
1802827
1802827
1802827
1802827
1802827
593978
991483
1255431
1455348
1596446
1689900
1747967
1781725
1799027
1806622
1810258
1811762
1812455
1812605
1812688
1812688
1812688
1812688
1812688
1812688
1812688
1812688
1812688
1812688
1812688
1812688
1812688
1812688
1812688
1812688
1812688
1812688
1812688
1812688
1812688
1812688
1812688
1812688
1812688
1812688
593674
992258
1258155
1461166
1603229
1696803
1753980
1787291
1804475
1812285
1815404
1816317
1816828
1816970
1816970
1816970
1816970
1816970
1816970
1816970
1816970
1816970
1816970
1816970
1816970
1816970
1816970
1816970
1816970
1816970
1816970
1816970
1816970
1816970
1816970
1816970
1816970
1816970
1816970
1816970
593338
988267
1250866
1449249
1587668
1680257
1737201
1769154
1785557
1792634
1795832
1796648
1797024
1797028
1797029
1797029
1797029
1797029
1797029
1797029
1797029
1797029
1797029
1797029
1797029
1797029
1797029
1797029
1797029
1797029
1797029
1797029
1797029
1797029
1797029
1797029
1797029
1797029
1797029
1797029
592793
987370
1247773
1442935
1578419
1667714
1722865
1755038
1770757
1776881
1779430
1780303
1780725
1780892
1780892
1780892
1780892
1780892
1780892
1780892
1780892
1780892
1780892
1780892
1780892
1780892
1780892
1780892
1780892
1780892
1780892
1780892
1780892
1780892
1780892
1780892
1780892
1780892
1780892
1780892
592915
988579
1250976
1448007
1585643
1676108
1730060
1761100
1777130
1784611
1787802
1789080
1789428
1789501
1789587
1789588
1789588
1789588
1789588
1789588
1789588
1789588
1789588
1789588
1789588
1789588
1789588
1789588
1789588
1789588
1789588
1789588
1789588
1789588
1789588
1789588
1789588
1789588
1789588
1789588
592729
991614
1258120
1459440
1601295
1695882
1754700
1790301
1809428
1817522
1821131
1822291
1822741
1822745
1822745
1822745
1822745
1822745
1822745
1822745
1822745
1822745
1822745
1822745
1822745
1822745
1822745
1822745
1822745
1822745
1822745
1822745
1822745
1822745
1822745
1822745
1822745
1822745
1822745
1822745
592281
986465
1246938
1440672
1574591
1661478
1712256
1739629
1753387
1759535
1761726
1762386
1762480
1762566
1762567
1762567
1762567
1762567
1762567
1762567
1762567
1762567
1762567
1762567
1762567
1762567
1762567
1762567
1762567
1762567
1762567
1762567
1762567
1762567
1762567
1762567
1762567
1762567
1762567
1762567
592959
988663
1251190
1449071
1585994
1676799
1732885
1765174
1781810
1789258
1792629
1793882
1794469
1794625
1794698
1794698
1794698
1794698
1794698
1794698
1794698
1794698
1794698
1794698
1794698
1794698
1794698
1794698
1794698
1794698
1794698
1794698
1794698
1794698
1794698
1794698
1794698
1794698
1794698
1794698
592185
986549
1247345
1443408
1580245
1670179
1724687
1756893
1773569
1781948
1785771
1787065
1787284
1787357
1787362
1787365
1787366
1787367
1787367
1787367
1787367
1787367
1787367
1787367
1787367
1787367
1787367
1787367
1787367
1787367
1787367
1787367
1787367
1787367
1787367
1787367
1787367
1787367
1787367
1787367
594105
992138
1259149
1462366
1605582
1701727
1762469
1797815
1817406
1826354
1830158
1831617
1831937
1831942
1831944
1831945
1831946
1831947
1831948
1831948
1831948
1831948
1831948
1831948
1831948
1831948
1831948
1831948
1831948
1831948
1831948
1831948
1831948
1831948
1831948
1831948
1831948
1831948
1831948
1831948
592610
984690
1243659
1438131
1574079
1661991
1715359
1745272
1760510
1767197
1769899
1770684
1770850
1770855
1770856
1770857
1770858
1770858
1770858
1770858
1770858
1770858
1770858
1770858
1770858
1770858
1770858
1770858
1770858
1770858
1770858
1770858
1770858
1770858
1770858
1770858
1770858
1770858
1770858
1770858
592845
988160
1250782
1449528
1587960
1679346
1735442
1767514
1784008
1790193
1792934
1793990
1794466
1794590
1794591
1794591
1794591
1794591
1794591
1794591
1794591
1794591
1794591
1794591
1794591
1794591
1794591
1794591
1794591
1794591
1794591
1794591
1794591
1794591
1794591
1794591
1794591
1794591
1794591
1794591
593787
988827
1249218
1445587
1581692
1671884
1727450
1759496
1776697
1784238
1787724
1789480
1790036
1790116
1790117
1790118
1790119
1790119
1790119
1790119
1790119
1790119
1790119
1790119
1790119
1790119
1790119
1790119
1790119
1790119
1790119
1790119
1790119
1790119
1790119
1790119
1790119
1790119
1790119
1790119
591478
981659
1237575
1430239
1564615
1652236
1705481
1735152
1749772
1756464
1759339
1760399
1760747
1760904
1760981
1761042
1761115
1761115
1761115
1761115
1761115
1761115
1761115
1761115
1761115
1761115
1761115
1761115
1761115
1761115
1761115
1761115
1761115
1761115
1761115
1761115
1761115
1761115
1761115
1761115
593336
987908
1249018
1446204
1585169
1676407
1732542
1764673
1780975
1787965
1790680
1791491
1791973
1792047
1792050
1792050
1792050
1792050
1792050
1792050
1792050
1792050
1792050
1792050
1792050
1792050
1792050
1792050
1792050
1792050
1792050
1792050
1792050
1792050
1792050
1792050
1792050
1792050
1792050
1792050
593099
986117
1244248
1438158
1573992
1663111
1717532
1749439
1765914
1773116
1775762
1776620
1776930
1777173
1777175
1777175
1777175
1777175
1777175
1777175
1777175
1777175
1777175
1777175
1777175
1777175
1777175
1777175
1777175
1777175
1777175
1777175
1777175
1777175
1777175
1777175
1777175
1777175
1777175
1777175
593886
989761
1252439
1450592
1589497
1682267
1739178
1771860
1788833
1796498
1799409
1800162
1800340
1800443
1800543
1800544
1800544
1800544
1800544
1800544
1800544
1800544
1800544
1800544
1800544
1800544
1800544
1800544
1800544
1800544
1800544
1800544
1800544
1800544
1800544
1800544
1800544
1800544
1800544
1800544
592533
984876
1243279
1436527
1571388
1658884
1713158
1743818
1759858
1766720
1769891
1771213
1771384
1771460
1771462
1771463
1771463
1771463
1771463
1771463
1771463
1771463
1771463
1771463
1771463
1771463
1771463
1771463
1771463
1771463
1771463
1771463
1771463
1771463
1771463
1771463
1771463
1771463
1771463
1771463
592886
982040
1236624
1425227
1556954
1643845
1697763
1729016
1743818
1750750
1753999
1754798
1755190
1755446
1755446
1755446
1755446
1755446
1755446
1755446
1755446
1755446
1755446
1755446
1755446
1755446
1755446
1755446
1755446
1755446
1755446
1755446
1755446
1755446
1755446
1755446
1755446
1755446
1755446
1755446
592202
979743
1231544
1420046
1549071
1632829
1683093
1711084
1725888
1732393
1735461
1736649
1737000
1737078
1737153
1737153
1737153
1737153
1737153
1737153
1737153
1737153
1737153
1737153
1737153
1737153
1737153
1737153
1737153
1737153
1737153
1737153
1737153
1737153
1737153
1737153
1737153
1737153
1737153
1737153
593406
990864
1255724
1454875
1595335
1688127
1745575
1779222
1795995
1802672
1805832
1806566
1806781
1806884
1806886
1806888
1806888
1806888
1806888
1806888
1806888
1806888
1806888
1806888
1806888
1806888
1806888
1806888
1806888
1806888
1806888
1806888
1806888
1806888
1806888
1806888
1806888
1806888
1806888
1806888
593975
993845
1261581
1464473
1607653
1702707
1762069
1796810
1814909
1822947
1826634
1827841
1828281
1828287
1828290
1828290
1828290
1828290
1828290
1828290
1828290
1828290
1828290
1828290
1828290
1828290
1828290
1828290
1828290
1828290
1828290
1828290
1828290
1828290
1828290
1828290
1828290
1828290
1828290
1828290
593203
987895
1248174
1442965
1578995
1668234
1722634
1753849
1770085
1778108
1781030
1782235
1782721
1782880
1782882
1782883
1782883
1782883
1782883
1782883
1782883
1782883
1782883
1782883
1782883
1782883
1782883
1782883
1782883
1782883
1782883
1782883
1782883
1782883
1782883
1782883
1782883
1782883
1782883
1782883
592410
983418
1239137
1428667
1559894
1645772
1697946
1728264
1743931
1752287
1755955
1757321
1757799
1758014
1758015
1758015
1758015
1758015
1758015
1758015
1758015
1758015
1758015
1758015
1758015
1758015
1758015
1758015
1758015
1758015
1758015
1758015
1758015
1758015
1758015
1758015
1758015
1758015
1758015
1758015
594177
994786
1263229
1467111
1610694
1706258
1765706
1801202
1820180
1828684
1831851
1833098
1833536
1833542
1833545
1833547
1833548
1833549
1833549
1833549
1833549
1833549
1833549
1833549
1833549
1833549
1833549
1833549
1833549
1833549
1833549
1833549
1833549
1833549
1833549
1833549
1833549
1833549
1833549
1833549
593831
992788
1260601
1464934
1607939
1704217
1763373
1798260
1816119
1824048
1827363
1828534
1828806
1828875
1828948
1828950
1828950
1828950
1828950
1828950
1828950
1828950
1828950
1828950
1828950
1828950
1828950
1828950
1828950
1828950
1828950
1828950
1828950
1828950
1828950
1828950
1828950
1828950
1828950
1828950
592291
983161
1238212
1428649
1560334
1646593
1699580
1728666
1743967
1750686
1754001
1755271
1755823
1756043
1756045
1756045
1756045
1756045
1756045
1756045
1756045
1756045
1756045
1756045
1756045
1756045
1756045
1756045
1756045
1756045
1756045
1756045
1756045
1756045
1756045
1756045
1756045
1756045
1756045
1756045
592578
983460
1239282
1432788
1568232
1658274
1713829
1745623
1761875
1769069
1771689
1772505
1772762
1772926
1772928
1772928
1772928
1772928
1772928
1772928
1772928
1772928
1772928
1772928
1772928
1772928
1772928
1772928
1772928
1772928
1772928
1772928
1772928
1772928
1772928
1772928
1772928
1772928
1772928
1772928
592191
985326
1242932
1436962
1571574
1659335
1713052
1743430
1757869
1765232
1767755
1768768
1769116
1769314
1769315
1769315
1769315
1769315
1769315
1769315
1769315
1769315
1769315
1769315
1769315
1769315
1769315
1769315
1769315
1769315
1769315
1769315
1769315
1769315
1769315
1769315
1769315
1769315
1769315
1769315
593365
989781
1252281
1451180
1589115
1679586
1734448
1766004
1782526
1789449
1792524
1793548
1793897
1793903
1793904
1793904
1793904
1793904
1793904
1793904
1793904
1793904
1793904
1793904
1793904
1793904
1793904
1793904
1793904
1793904
1793904
1793904
1793904
1793904
1793904
1793904
1793904
1793904
1793904
1793904
593065
988553
1249284
1445321
1583814
1674979
1732203
1765114
1783267
1791875
1795432
1797045
1797688
1797866
1798012
1798102
1798102
1798102
1798102
1798102
1798102
1798102
1798102
1798102
1798102
1798102
1798102
1798102
1798102
1798102
1798102
1798102
1798102
1798102
1798102
1798102
1798102
1798102
1798102
1798102
593124
989545
1252847
1450783
1589109
1678812
1734753
1767378
1783995
1792028
1795420
1796517
1797043
1797287
1797351
1797351
1797351
1797351
1797351
1797351
1797351
1797351
1797351
1797351
1797351
1797351
1797351
1797351
1797351
1797351
1797351
1797351
1797351
1797351
1797351
1797351
1797351
1797351
1797351
1797351
593174
988019
1248762
1445029
1581675
1672164
1728724
1760331
1775587
1782358
1785474
1786861
1787272
1787619
1787707
1787708
1787709
1787709
1787709
1787709
1787709
1787709
1787709
1787709
1787709
1787709
1787709
1787709
1787709
1787709
1787709
1787709
1787709
1787709
1787709
1787709
1787709
1787709
1787709
1787709
593659
984798
1242121
1435656
1570585
1659505
1714860
1747191
1765132
1773366
1776886
1777966
1778192
1778278
1778280
1778280
1778280
1778280
1778280
1778280
1778280
1778280
1778280
1778280
1778280
1778280
1778280
1778280
1778280
1778280
1778280
1778280
1778280
1778280
1778280
1778280
1778280
1778280
1778280
1778280
593518
987372
1246341
1441610
1577851
1667764
1722562
1753621
1769560
1777168
1779829
1780432
1780659
1780766
1780839
1780839
1780839
1780839
1780839
1780839
1780839
1780839
1780839
1780839
1780839
1780839
1780839
1780839
1780839
1780839
1780839
1780839
1780839
1780839
1780839
1780839
1780839
1780839
1780839
1780839
594218
992493
1257454
1457963
1598733
1691838
1749656
1782015
1799089
1805836
1808609
1809470
1809720
1809731
1809733
1809734
1809734
1809734
1809734
1809734
1809734
1809734
1809734
1809734
1809734
1809734
1809734
1809734
1809734
1809734
1809734
1809734
1809734
1809734
1809734
1809734
1809734
1809734
1809734
1809734
594079
988350
1249145
1446821
1585749
1678793
1736365
1768615
1785613
1793119
1796058
1797191
1797648
1797915
1797993
1797993
1797993
1797993
1797993
1797993
1797993
1797993
1797993
1797993
1797993
1797993
1797993
1797993
1797993
1797993
1797993
1797993
1797993
1797993
1797993
1797993
1797993
1797993
1797993
1797993
592854
985288
1242816
1436501
1570448
1658887
1711565
1741412
1757329
1764869
1768183
1769218
1769677
1769907
1769988
1769989
1769989
1769989
1769989
1769989
1769989
1769989
1769989
1769989
1769989
1769989
1769989
1769989
1769989
1769989
1769989
1769989
1769989
1769989
1769989
1769989
1769989
1769989
1769989
1769989
592855
982235
1236291
1427237
1559800
1647216
1701175
1732402
1748149
1755228
1758276
1759313
1759824
1759827
1759828
1759828
1759828
1759828
1759828
1759828
1759828
1759828
1759828
1759828
1759828
1759828
1759828
1759828
1759828
1759828
1759828
1759828
1759828
1759828
1759828
1759828
1759828
1759828
1759828
1759828
593840
990858
1257006
1458939
1600976
1695731
1755280
1790253
1807770
1816392
1819708
1821003
1821394
1821465
1821538
1821637
1821719
1821719
1821719
1821719
1821719
1821719
1821719
1821719
1821719
1821719
1821719
1821719
1821719
1821719
1821719
1821719
1821719
1821719
1821719
1821719
1821719
1821719
1821719
1821719
593294
987298
1248131
1444664
1583150
1673791
1729777
1761764
1778613
1786105
1789559
1790326
1790547
1790619
1790621
1790621
1790621
1790621
1790621
1790621
1790621
1790621
1790621
1790621
1790621
1790621
1790621
1790621
1790621
1790621
1790621
1790621
1790621
1790621
1790621
1790621
1790621
1790621
1790621
1790621
594732
996127
1266656
1473826
1621890
1721414
1785874
1823129
1842236
1850480
1853809
1855380
1855983
1856193
1856325
1856326
1856326
1856326
1856326
1856326
1856326
1856326
1856326
1856326
1856326
1856326
1856326
1856326
1856326
1856326
1856326
1856326
1856326
1856326
1856326
1856326
1856326
1856326
1856326
1856326
594345
990899
1256411
1459160
1601347
1696594
1756279
1790369
1806751
1813859
1816529
1817542
1817905
1817977
1817978
1817979
1817979
1817979
1817979
1817979
1817979
1817979
1817979
1817979
1817979
1817979
1817979
1817979
1817979
1817979
1817979
1817979
1817979
1817979
1817979
1817979
1817979
1817979
1817979
1817979
593150
988902
1252142
1450968
1590171
1681740
1737987
1770292
1786843
1794422
1797637
1798512
1798642
1798645
1798646
1798646
1798646
1798646
1798646
1798646
1798646
1798646
1798646
1798646
1798646
1798646
1798646
1798646
1798646
1798646
1798646
1798646
1798646
1798646
1798646
1798646
1798646
1798646
1798646
1798646
594712
995621
1264898
1469972
1615170
1712951
1774198
1808755
1827187
1836039
1840481
1842427
1843103
1843175
1843181
1843181
1843181
1843181
1843181
1843181
1843181
1843181
1843181
1843181
1843181
1843181
1843181
1843181
1843181
1843181
1843181
1843181
1843181
1843181
1843181
1843181
1843181
1843181
1843181
1843181
593478
989450
1251713
1450136
1588996
1680316
1736573
1767674
1783328
1790735
1793446
1794588
1795112
1795266
1795269
1795269
1795269
1795269
1795269
1795269
1795269
1795269
1795269
1795269
1795269
1795269
1795269
1795269
1795269
1795269
1795269
1795269
1795269
1795269
1795269
1795269
1795269
1795269
1795269
1795269
593008
987192
1248053
1446119
1583629
1676059
1733194
1764756
1781893
1789692
1793535
1794687
1795107
1795269
1795272
1795274
1795274
1795274
1795274
1795274
1795274
1795274
1795274
1795274
1795274
1795274
1795274
1795274
1795274
1795274
1795274
1795274
1795274
1795274
1795274
1795274
1795274
1795274
1795274
1795274
593286
986883
1247996
1445862
1584096
1674999
1730949
1761789
1777511
1784439
1787134
1788044
1788312
1788449
1788527
1788527
1788527
1788527
1788527
1788527
1788527
1788527
1788527
1788527
1788527
1788527
1788527
1788527
1788527
1788527
1788527
1788527
1788527
1788527
1788527
1788527
1788527
1788527
1788527
1788527
592053
979656
1232343
1419677
1551636
1638381
1691019
1721435
1737756
1745192
1748174
1748873
1749037
1749039
1749039
1749039
1749039
1749039
1749039
1749039
1749039
1749039
1749039
1749039
1749039
1749039
1749039
1749039
1749039
1749039
1749039
1749039
1749039
1749039
1749039
1749039
1749039
1749039
1749039
1749039
593012
986162
1246217
1440415
1575662
1662964
1716181
1746303
1761243
1768553
1771381
1772282
1772464
1772474
1772480
1772480
1772480
1772480
1772480
1772480
1772480
1772480
1772480
1772480
1772480
1772480
1772480
1772480
1772480
1772480
1772480
1772480
1772480
1772480
1772480
1772480
1772480
1772480
1772480
1772480
592721
984425
1242850
1436098
1569313
1656853
1709134
1738889
1753460
1759229
1761599
1762522
1762890
1762960
1762961
1762961
1762961
1762961
1762961
1762961
1762961
1762961
1762961
1762961
1762961
1762961
1762961
1762961
1762961
1762961
1762961
1762961
1762961
1762961
1762961
1762961
1762961
1762961
1762961
1762961
592760
988328
1250301
1447980
1586951
1679382
1737111
1770747
1787708
1794886
1797300
1798308
1798682
1798856
1798858
1798858
1798858
1798858
1798858
1798858
1798858
1798858
1798858
1798858
1798858
1798858
1798858
1798858
1798858
1798858
1798858
1798858
1798858
1798858
1798858
1798858
1798858
1798858
1798858
1798858
593771
991863
1259315
1463363
1606203
1701710
1762059
1797364
1814688
1822477
1825866
1827075
1827557
1827661
1827663
1827663
1827663
1827663
1827663
1827663
1827663
1827663
1827663
1827663
1827663
1827663
1827663
1827663
1827663
1827663
1827663
1827663
1827663
1827663
1827663
1827663
1827663
1827663
1827663
1827663
592099
984994
1244207
1439245
1575095
1664555
1718531
1749774
1765184
1772006
1775314
1776628
1776958
1777033
1777126
1777128
1777128
1777128
1777128
1777128
1777128
1777128
1777128
1777128
1777128
1777128
1777128
1777128
1777128
1777128
1777128
1777128
1777128
1777128
1777128
1777128
1777128
1777128
1777128
1777128
593309
987787
1250472
1450116
1589868
1683563
1741496
1775913
1792226
1800173
1804469
1806123
1806748
1806994
1807082
1807082
1807082
1807082
1807082
1807082
1807082
1807082
1807082
1807082
1807082
1807082
1807082
1807082
1807082
1807082
1807082
1807082
1807082
1807082
1807082
1807082
1807082
1807082
1807082
1807082
593897
992951
1259956
1463913
1606665
1701860
1760821
1795551
1814822
1823767
1827223
1828500
1828971
1829079
1829081
1829081
1829081
1829081
1829081
1829081
1829081
1829081
1829081
1829081
1829081
1829081
1829081
1829081
1829081
1829081
1829081
1829081
1829081
1829081
1829081
1829081
1829081
1829081
1829081
1829081
593471
988518
1249794
1445358
1583078
1674618
1731307
1764323
1782643
1791207
1794530
1795741
1796045
1796246
1796251
1796251
1796251
1796251
1796251
1796251
1796251
1796251
1796251
1796251
1796251
1796251
1796251
1796251
1796251
1796251
1796251
1796251
1796251
1796251
1796251
1796251
1796251
1796251
1796251
1796251
592989
985319
1244571
1440681
1577049
1667084
1722407
1753919
1769046
1775657
1778218
1779276
1779536
1779542
1779542
1779542
1779542
1779542
1779542
1779542
1779542
1779542
1779542
1779542
1779542
1779542
1779542
1779542
1779542
1779542
1779542
1779542
1779542
1779542
1779542
1779542
1779542
1779542
1779542
1779542
594112
992615
1258216
1459868
1601938
1696824
1755457
1788244
1804948
1812027
1814309
1815360
1815888
1816221
1816300
1816368
1816368
1816368
1816368
1816368
1816368
1816368
1816368
1816368
1816368
1816368
1816368
1816368
1816368
1816368
1816368
1816368
1816368
1816368
1816368
1816368
1816368
1816368
1816368
1816368
593198
986509
1247243
1443614
1580557
1670601
1725289
1757340
1774372
1782051
1785031
1786341
1786759
1786767
1786769
1786770
1786771
1786771
1786771
1786771
1786771
1786771
1786771
1786771
1786771
1786771
1786771
1786771
1786771
1786771
1786771
1786771
1786771
1786771
1786771
1786771
1786771
1786771
1786771
1786771
593506
987705
1248304
1445208
1583797
1675437
1730939
1762024
1776998
1784042
1787377
1788892
1789651
1790016
1790074
1790074
1790074
1790074
1790074
1790074
1790074
1790074
1790074
1790074
1790074
1790074
1790074
1790074
1790074
1790074
1790074
1790074
1790074
1790074
1790074
1790074
1790074
1790074
1790074
1790074
593839
988889
1251288
1449335
1587424
1677597
1733527
1767025
1783926
1792133
1794864
1795704
1796235
1796518
1796521
1796523
1796523
1796523
1796523
1796523
1796523
1796523
1796523
1796523
1796523
1796523
1796523
1796523
1796523
1796523
1796523
1796523
1796523
1796523
1796523
1796523
1796523
1796523
1796523
1796523
593341
990502
1256347
1458041
1599434
1693709
1751808
1786430
1803836
1813204
1816665
1817968
1818300
1818329
1818329
1818329
1818329
1818329
1818329
1818329
1818329
1818329
1818329
1818329
1818329
1818329
1818329
1818329
1818329
1818329
1818329
1818329
1818329
1818329
1818329
1818329
1818329
1818329
1818329
1818329
593745
988385
1249378
1445725
1583116
1673235
1728476
1760289
1775926
1783543
1786386
1787536
1787808
1787810
1787810
1787810
1787810
1787810
1787810
1787810
1787810
1787810
1787810
1787810
1787810
1787810
1787810
1787810
1787810
1787810
1787810
1787810
1787810
1787810
1787810
1787810
1787810
1787810
1787810
1787810
594356
988519
1248246
1444890
1582680
1673277
1728144
1759471
1775305
1782535
1785356
1786069
1786350
1786353
1786354
1786354
1786354
1786354
1786354
1786354
1786354
1786354
1786354
1786354
1786354
1786354
1786354
1786354
1786354
1786354
1786354
1786354
1786354
1786354
1786354
1786354
1786354
1786354
1786354
1786354
593816
989187
1251735
1451024
1590872
1683357
1740878
1774009
1790559
1797973
1800962
1802360
1802747
1802753
1802755
1802755
1802755
1802755
1802755
1802755
1802755
1802755
1802755
1802755
1802755
1802755
1802755
1802755
1802755
1802755
1802755
1802755
1802755
1802755
1802755
1802755
1802755
1802755
1802755
1802755
593160
988481
1250263
1449839
1590276
1683589
1742289
1775912
1794106
1802999
1807042
1808170
1808509
1808514
1808515
1808515
1808515
1808515
1808515
1808515
1808515
1808515
1808515
1808515
1808515
1808515
1808515
1808515
1808515
1808515
1808515
1808515
1808515
1808515
1808515
1808515
1808515
1808515
1808515
1808515
593338
989354
1253444
1453828
1594294
1686686
1743808
1776431
1792168
1799499
1802476
1803472
1803726
1803730
1803731
1803731
1803731
1803731
1803731
1803731
1803731
1803731
1803731
1803731
1803731
1803731
1803731
1803731
1803731
1803731
1803731
1803731
1803731
1803731
1803731
1803731
1803731
1803731
1803731
1803731
593614
989124
1251397
1449820
1590135
1683772
1742026
1776679
1795531
1803914
1806893
1807864
1808346
1808449
1808451
1808453
1808453
1808453
1808453
1808453
1808453
1808453
1808453
1808453
1808453
1808453
1808453
1808453
1808453
1808453
1808453
1808453
1808453
1808453
1808453
1808453
1808453
1808453
1808453
1808453
593626
989052
1252134
1450764
1590272
1682803
1739721
1773126
1790949
1798745
1802359
1803560
1803992
1803999
1804001
1804001
1804001
1804001
1804001
1804001
1804001
1804001
1804001
1804001
1804001
1804001
1804001
1804001
1804001
1804001
1804001
1804001
1804001
1804001
1804001
1804001
1804001
1804001
1804001
1804001
592760
988728
1251834
1451508
1592241
1684610
1740839
1773144
1789173
1796644
1799156
1799719
1799939
1799948
1799951
1799952
1799952
1799952
1799952
1799952
1799952
1799952
1799952
1799952
1799952
1799952
1799952
1799952
1799952
1799952
1799952
1799952
1799952
1799952
1799952
1799952
1799952
1799952
1799952
1799952
591909
980460
1232968
1422104
1552241
1637232
1688117
1715488
1729264
1735480
1738377
1739601
1739895
1740078
1740078
1740078
1740078
1740078
1740078
1740078
1740078
1740078
1740078
1740078
1740078
1740078
1740078
1740078
1740078
1740078
1740078
1740078
1740078
1740078
1740078
1740078
1740078
1740078
1740078
1740078
593027
985906
1244397
1438568
1573314
1662078
1716750
1748418
1765821
1774722
1778109
1779386
1779836
1779851
1779853
1779853
1779853
1779853
1779853
1779853
1779853
1779853
1779853
1779853
1779853
1779853
1779853
1779853
1779853
1779853
1779853
1779853
1779853
1779853
1779853
1779853
1779853
1779853
1779853
1779853
592472
981243
1234940
1424467
1556304
1642446
1695073
1723974
1737433
1743210
1745821
1746790
1747175
1747257
1747258
1747258
1747258
1747258
1747258
1747258
1747258
1747258
1747258
1747258
1747258
1747258
1747258
1747258
1747258
1747258
1747258
1747258
1747258
1747258
1747258
1747258
1747258
1747258
1747258
1747258
594862
996403
1265572
1469458
1612306
1706521
1767066
1801844
1820789
1829812
1833900
1835448
1836104
1836425
1836642
1836685
1836686
1836686
1836686
1836686
1836686
1836686
1836686
1836686
1836686
1836686
1836686
1836686
1836686
1836686
1836686
1836686
1836686
1836686
1836686
1836686
1836686
1836686
1836686
1836686
593799
988618
1250532
1449253
1588064
1680432
1738017
1771693
1789572
1797329
1800712
1801900
1802244
1802397
1802487
1802487
1802487
1802487
1802487
1802487
1802487
1802487
1802487
1802487
1802487
1802487
1802487
1802487
1802487
1802487
1802487
1802487
1802487
1802487
1802487
1802487
1802487
1802487
1802487
1802487
593786
988877
1251689
1450343
1589839
1683360
1740461
1773903
1791591
1800574
1804325
1805694
1806076
1806279
1806289
1806290
1806291
1806291
1806291
1806291
1806291
1806291
1806291
1806291
1806291
1806291
1806291
1806291
1806291
1806291
1806291
1806291
1806291
1806291
1806291
1806291
1806291
1806291
1806291
1806291
593113
986268
1245225
1440389
1576058
1665614
1720880
1753758
1771153
1779043
1782467
1783621
1784161
1784259
1784261
1784261
1784261
1784261
1784261
1784261
1784261
1784261
1784261
1784261
1784261
1784261
1784261
1784261
1784261
1784261
1784261
1784261
1784261
1784261
1784261
1784261
1784261
1784261
1784261
1784261
592801
982588
1238304
1429595
1562567
1648857
1701928
1732006
1747836
1755759
1758515
1759440
1759576
1759638
1759638
1759638
1759638
1759638
1759638
1759638
1759638
1759638
1759638
1759638
1759638
1759638
1759638
1759638
1759638
1759638
1759638
1759638
1759638
1759638
1759638
1759638
1759638
1759638
1759638
1759638
593406
991772
1257932
1460399
1603034
1698032
1757174
1791460
1810595
1820160
1824297
1825822
1826487
1826673
1826757
1826758
1826758
1826758
1826758
1826758
1826758
1826758
1826758
1826758
1826758
1826758
1826758
1826758
1826758
1826758
1826758
1826758
1826758
1826758
1826758
1826758
1826758
1826758
1826758
1826758
593244
987050
1248292
1445496
1583559
1675109
1730648
1762833
1777938
1785083
1787466
1788127
1788287
1788373
1788477
1788478
1788478
1788478
1788478
1788478
1788478
1788478
1788478
1788478
1788478
1788478
1788478
1788478
1788478
1788478
1788478
1788478
1788478
1788478
1788478
1788478
1788478
1788478
1788478
1788478
593762
991752
1256999
1457834
1597670
1689998
1747200
1780379
1798216
1806111
1809579
1810599
1811010
1811200
1811205
1811207
1811207
1811207
1811207
1811207
1811207
1811207
1811207
1811207
1811207
1811207
1811207
1811207
1811207
1811207
1811207
1811207
1811207
1811207
1811207
1811207
1811207
1811207
1811207
1811207
592644
985246
1242691
1434869
1567753
1656005
1709327
1740998
1758536
1766712
1770031
1771267
1771339
1771349
1771350
1771350
1771350
1771350
1771350
1771350
1771350
1771350
1771350
1771350
1771350
1771350
1771350
1771350
1771350
1771350
1771350
1771350
1771350
1771350
1771350
1771350
1771350
1771350
1771350
1771350
593473
989739
1254414
1453718
1592389
1684185
1740565
1772819
1789269
1796721
1799706
1800635
1800961
1801047
1801135
1801135
1801135
1801135
1801135
1801135
1801135
1801135
1801135
1801135
1801135
1801135
1801135
1801135
1801135
1801135
1801135
1801135
1801135
1801135
1801135
1801135
1801135
1801135
1801135
1801135
593874
992184
1256454
1457200
1597977
1691274
1749995
1785094
1802403
1810777
1814351
1815644
1816180
1816398
1816459
1816460
1816460
1816460
1816460
1816460
1816460
1816460
1816460
1816460
1816460
1816460
1816460
1816460
1816460
1816460
1816460
1816460
1816460
1816460
1816460
1816460
1816460
1816460
1816460
1816460
593816
990056
1254184
1455634
1598022
1692511
1751705
1785946
1804752
1812880
1816257
1817272
1817661
1817671
1817676
1817677
1817677
1817677
1817677
1817677
1817677
1817677
1817677
1817677
1817677
1817677
1817677
1817677
1817677
1817677
1817677
1817677
1817677
1817677
1817677
1817677
1817677
1817677
1817677
1817677
593162
989697
1253259
1450663
1587961
1677976
1732680
1764738
1781543
1789156
1791665
1792562
1792875
1793027
1793141
1793272
1793330
1793330
1793330
1793330
1793330
1793330
1793330
1793330
1793330
1793330
1793330
1793330
1793330
1793330
1793330
1793330
1793330
1793330
1793330
1793330
1793330
1793330
1793330
1793330
592194
981816
1235498
1426405
1559331
1646346
1699675
1729035
1744794
1752748
1755904
1757266
1757674
1757816
1757903
1757903
1757903
1757903
1757903
1757903
1757903
1757903
1757903
1757903
1757903
1757903
1757903
1757903
1757903
1757903
1757903
1757903
1757903
1757903
1757903
1757903
1757903
1757903
1757903
1757903
594262
987895
1247005
1442164
1577979
1667758
1722478
1753225
1767932
1774593
1776823
1777451
1777471
1777477
1777478
1777478
1777478
1777478
1777478
1777478
1777478
1777478
1777478
1777478
1777478
1777478
1777478
1777478
1777478
1777478
1777478
1777478
1777478
1777478
1777478
1777478
1777478
1777478
1777478
1777478
593353
990477
1255164
1455540
1594947
1688021
1745778
1778583
1796487
1804354
1807953
1809220
1809877
1809950
1809951
1809951
1809951
1809951
1809951
1809951
1809951
1809951
1809951
1809951
1809951
1809951
1809951
1809951
1809951
1809951
1809951
1809951
1809951
1809951
1809951
1809951
1809951
1809951
1809951
1809951
592768
986077
1245037
1439359
1572902
1659833
1711379
1741351
1756692
1763795
1766069
1766752
1766961
1767069
1767147
1767235
1767236
1767236
1767236
1767236
1767236
1767236
1767236
1767236
1767236
1767236
1767236
1767236
1767236
1767236
1767236
1767236
1767236
1767236
1767236
1767236
1767236
1767236
1767236
1767236
593468
987610
1248646
1445974
1584199
1675670
1732232
1765166
1781548
1789305
1792382
1793773
1794204
1794338
1794415
1794415
1794415
1794415
1794415
1794415
1794415
1794415
1794415
1794415
1794415
1794415
1794415
1794415
1794415
1794415
1794415
1794415
1794415
1794415
1794415
1794415
1794415
1794415
1794415
1794415
593067
983405
1238837
1431386
1565012
1652058
1704696
1732980
1747047
1753002
1755317
1756081
1756282
1756286
1756287
1756287
1756287
1756287
1756287
1756287
1756287
1756287
1756287
1756287
1756287
1756287
1756287
1756287
1756287
1756287
1756287
1756287
1756287
1756287
1756287
1756287
1756287
1756287
1756287
1756287
593397
989530
1251468
1449635
1587528
1679049
1734441
1765188
1781656
1789031
1792509
1794104
1794648
1794804
1794804
1794804
1794804
1794804
1794804
1794804
1794804
1794804
1794804
1794804
1794804
1794804
1794804
1794804
1794804
1794804
1794804
1794804
1794804
1794804
1794804
1794804
1794804
1794804
1794804
1794804
592278
982476
1238897
1429675
1562341
1649787
1702115
1732660
1749054
1756792
1759731
1760657
1760879
1761030
1761032
1761034
1761035
1761035
1761035
1761035
1761035
1761035
1761035
1761035
1761035
1761035
1761035
1761035
1761035
1761035
1761035
1761035
1761035
1761035
1761035
1761035
1761035
1761035
1761035
1761035
593986
989724
1253815
1454408
1596595
1693041
1753259
1788274
1807150
1815661
1818844
1819833
1820207
1820354
1820428
1820428
1820428
1820428
1820428
1820428
1820428
1820428
1820428
1820428
1820428
1820428
1820428
1820428
1820428
1820428
1820428
1820428
1820428
1820428
1820428
1820428
1820428
1820428
1820428
1820428
593523
988496
1250384
1447402
1584312
1674541
1730675
1763891
1780698
1788025
1791374
1792985
1793696
1793987
1793990
1793992
1793993
1793993
1793993
1793993
1793993
1793993
1793993
1793993
1793993
1793993
1793993
1793993
1793993
1793993
1793993
1793993
1793993
1793993
1793993
1793993
1793993
1793993
1793993
1793993
592853
985179
1242770
1434827
1568879
1656413
1710908
1740288
1756108
1763447
1766144
1766961
1767361
1767483
1767485
1767486
1767486
1767486
1767486
1767486
1767486
1767486
1767486
1767486
1767486
1767486
1767486
1767486
1767486
1767486
1767486
1767486
1767486
1767486
1767486
1767486
1767486
1767486
1767486
1767486
593061
989285
1253325
1452041
1590480
1682552
1739335
1771583
1787868
1795496
1798723
1799942
1800196
1800412
1800494
1800494
1800494
1800494
1800494
1800494
1800494
1800494
1800494
1800494
1800494
1800494
1800494
1800494
1800494
1800494
1800494
1800494
1800494
1800494
1800494
1800494
1800494
1800494
1800494
1800494
592308
982994
1239234
1431410
1565832
1653922
1706975
1737528
1753038
1759699
1762594
1764039
1764683
1765032
1765102
1765102
1765102
1765102
1765102
1765102
1765102
1765102
1765102
1765102
1765102
1765102
1765102
1765102
1765102
1765102
1765102
1765102
1765102
1765102
1765102
1765102
1765102
1765102
1765102
1765102
593099
990217
1255145
1454793
1592989
1683693
1739276
1771057
1787981
1795793
1799110
1800091
1800343
1800348
1800349
1800349
1800349
1800349
1800349
1800349
1800349
1800349
1800349
1800349
1800349
1800349
1800349
1800349
1800349
1800349
1800349
1800349
1800349
1800349
1800349
1800349
1800349
1800349
1800349
1800349
592924
986219
1246189
1441194
1576158
1665594
1720065
1750688
1766407
1773967
1777611
1778997
1779454
1779456
1779457
1779457
1779457
1779457
1779457
1779457
1779457
1779457
1779457
1779457
1779457
1779457
1779457
1779457
1779457
1779457
1779457
1779457
1779457
1779457
1779457
1779457
1779457
1779457
1779457
1779457
593086
988720
1252166
1449782
1589425
1681108
1737819
1770424
1787175
1793848
1796513
1797740
1798249
1798335
1798337
1798338
1798338
1798338
1798338
1798338
1798338
1798338
1798338
1798338
1798338
1798338
1798338
1798338
1798338
1798338
1798338
1798338
1798338
1798338
1798338
1798338
1798338
1798338
1798338
1798338
593056
989587
1254379
1453440
1592453
1685022
1741535
1773620
1791713
1799447
1802532
1803557
1804233
1804331
1804401
1804401
1804401
1804401
1804401
1804401
1804401
1804401
1804401
1804401
1804401
1804401
1804401
1804401
1804401
1804401
1804401
1804401
1804401
1804401
1804401
1804401
1804401
1804401
1804401
1804401
592990
988510
1252078
1452086
1591993
1684996
1742450
1776423
1794024
1801476
1804695
1805635
1805829
1805841
1805843
1805843
1805843
1805843
1805843
1805843
1805843
1805843
1805843
1805843
1805843
1805843
1805843
1805843
1805843
1805843
1805843
1805843
1805843
1805843
1805843
1805843
1805843
1805843
1805843
1805843
594871
1001222
1276013
1485460
1633325
1732325
1794827
1831027
1850435
1859264
1862722
1863777
1864127
1864389
1864546
1864636
1864691
1864783
1864784
1864784
1864784
1864784
1864784
1864784
1864784
1864784
1864784
1864784
1864784
1864784
1864784
1864784
1864784
1864784
1864784
1864784
1864784
1864784
1864784
1864784
593592
985643
1242466
1436274
1571281
1660179
1714281
1745943
1763157
1771029
1773114
1773705
1773847
1773948
1773948
1773948
1773948
1773948
1773948
1773948
1773948
1773948
1773948
1773948
1773948
1773948
1773948
1773948
1773948
1773948
1773948
1773948
1773948
1773948
1773948
1773948
1773948
1773948
1773948
1773948
594459
996613
1269549
1477451
1623499
1721614
1783057
1819373
1837472
1846031
1849257
1850318
1850696
1850769
1850773
1850775
1850775
1850775
1850775
1850775
1850775
1850775
1850775
1850775
1850775
1850775
1850775
1850775
1850775
1850775
1850775
1850775
1850775
1850775
1850775
1850775
1850775
1850775
1850775
1850775
593222
991739
1257586
1459100
1601056
1695686
1753731
1788829
1806222
1814622
1817991
1818914
1819001
1819008
1819010
1819011
1819012
1819012
1819012
1819012
1819012
1819012
1819012
1819012
1819012
1819012
1819012
1819012
1819012
1819012
1819012
1819012
1819012
1819012
1819012
1819012
1819012
1819012
1819012
1819012
592837
987181
1248679
1444872
1581824
1671359
1726436
1758244
1774981
1781857
1784519
1785500
1785846
1785998
1785999
1786000
1786000
1786000
1786000
1786000
1786000
1786000
1786000
1786000
1786000
1786000
1786000
1786000
1786000
1786000
1786000
1786000
1786000
1786000
1786000
1786000
1786000
1786000
1786000
1786000
593810
992422
1259526
1462466
1605659
1700955
1760394
1794877
1813682
1822618
1825518
1826227
1826411
1826488
1826492
1826493
1826493
1826493
1826493
1826493
1826493
1826493
1826493
1826493
1826493
1826493
1826493
1826493
1826493
1826493
1826493
1826493
1826493
1826493
1826493
1826493
1826493
1826493
1826493
1826493
593334
985585
1243760
1438280
1573839
1663621
1717484
1748265
1764100
1771206
1773747
1774278
1774541
1774551
1774553
1774555
1774555
1774555
1774555
1774555
1774555
1774555
1774555
1774555
1774555
1774555
1774555
1774555
1774555
1774555
1774555
1774555
1774555
1774555
1774555
1774555
1774555
1774555
1774555
1774555
593843
987537
1246384
1441015
1576774
1666626
1721330
1752102
1767249
1773615
1776014
1776667
1776890
1776980
1776983
1776985
1776986
1776987
1776987
1776987
1776987
1776987
1776987
1776987
1776987
1776987
1776987
1776987
1776987
1776987
1776987
1776987
1776987
1776987
1776987
1776987
1776987
1776987
1776987
1776987
593357
984642
1241032
1434697
1569464
1658713
1713331
1744992
1761424
1769053
1771987
1772882
1773121
1773205
1773284
1773285
1773285
1773285
1773285
1773285
1773285
1773285
1773285
1773285
1773285
1773285
1773285
1773285
1773285
1773285
1773285
1773285
1773285
1773285
1773285
1773285
1773285
1773285
1773285
1773285
593099
987464
1248038
1444175
1581358
1670707
1725292
1755808
1770671
1777979
1780857
1782063
1782346
1782443
1782534
1782537
1782539
1782540
1782540
1782540
1782540
1782540
1782540
1782540
1782540
1782540
1782540
1782540
1782540
1782540
1782540
1782540
1782540
1782540
1782540
1782540
1782540
1782540
1782540
1782540
593530
991844
1256809
1457619
1597740
1690426
1748328
1781132
1798182
1805672
1808700
1809728
1810330
1810492
1810493
1810493
1810493
1810493
1810493
1810493
1810493
1810493
1810493
1810493
1810493
1810493
1810493
1810493
1810493
1810493
1810493
1810493
1810493
1810493
1810493
1810493
1810493
1810493
1810493
1810493
593796
992962
1260330
1462363
1604650
1698771
1756912
1790697
1807292
1815212
1818526
1819848
1820144
1820147
1820148
1820148
1820148
1820148
1820148
1820148
1820148
1820148
1820148
1820148
1820148
1820148
1820148
1820148
1820148
1820148
1820148
1820148
1820148
1820148
1820148
1820148
1820148
1820148
1820148
1820148
593769
986858
1246537
1440990
1575554
1664154
1719329
1750736
1766665
1774627
1777811
1779215
1779591
1779594
1779595
1779595
1779595
1779595
1779595
1779595
1779595
1779595
1779595
1779595
1779595
1779595
1779595
1779595
1779595
1779595
1779595
1779595
1779595
1779595
1779595
1779595
1779595
1779595
1779595
1779595
593372
989880
1254212
1453345
1592580
1685472
1743443
1777256
1795833
1805095
1809102
1810146
1810404
1810415
1810416
1810417
1810418
1810418
1810418
1810418
1810418
1810418
1810418
1810418
1810418
1810418
1810418
1810418
1810418
1810418
1810418
1810418
1810418
1810418
1810418
1810418
1810418
1810418
1810418
1810418
592819
987409
1247818
1444331
1580972
1670543
1725501
1756785
1772200
1779061
1781717
1782667
1783032
1783121
1783203
1783205
1783206
1783206
1783206
1783206
1783206
1783206
1783206
1783206
1783206
1783206
1783206
1783206
1783206
1783206
1783206
1783206
1783206
1783206
1783206
1783206
1783206
1783206
1783206
1783206
593169
989856
1254145
1453337
1592201
1683983
1739979
1771664
1787658
1794722
1797571
1798581
1799021
1799164
1799164
1799164
1799164
1799164
1799164
1799164
1799164
1799164
1799164
1799164
1799164
1799164
1799164
1799164
1799164
1799164
1799164
1799164
1799164
1799164
1799164
1799164
1799164
1799164
1799164
1799164
592544
988598
1251602
1449617
1588922
1680637
1737187
1769400
1785742
1793696
1796271
1797069
1797360
1797441
1797442
1797442
1797442
1797442
1797442
1797442
1797442
1797442
1797442
1797442
1797442
1797442
1797442
1797442
1797442
1797442
1797442
1797442
1797442
1797442
1797442
1797442
1797442
1797442
1797442
1797442
593762
989217
1250050
1446939
1583325
1674013
1728707
1760366
1775645
1782529
1784804
1785451
1785801
1785958
1786008
1786105
1786106
1786106
1786106
1786106
1786106
1786106
1786106
1786106
1786106
1786106
1786106
1786106
1786106
1786106
1786106
1786106
1786106
1786106
1786106
1786106
1786106
1786106
1786106
1786106
593118
990120
1255813
1456982
1596941
1689650
1747136
1778669
1796201
1803822
1807179
1808640
1809299
1809497
1809501
1809503
1809504
1809504
1809504
1809504
1809504
1809504
1809504
1809504
1809504
1809504
1809504
1809504
1809504
1809504
1809504
1809504
1809504
1809504
1809504
1809504
1809504
1809504
1809504
1809504
592748
988798
1251858
1450295
1588586
1678556
1732978
1763846
1780313
1787828
1791249
1791948
1792097
1792180
1792182
1792183
1792183
1792183
1792183
1792183
1792183
1792183
1792183
1792183
1792183
1792183
1792183
1792183
1792183
1792183
1792183
1792183
1792183
1792183
1792183
1792183
1792183
1792183
1792183
1792183
593841
994957
1264597
1468239
1610074
1703678
1762848
1797340
1815548
1823420
1826452
1827546
1827950
1828093
1828093
1828093
1828093
1828093
1828093
1828093
1828093
1828093
1828093
1828093
1828093
1828093
1828093
1828093
1828093
1828093
1828093
1828093
1828093
1828093
1828093
1828093
1828093
1828093
1828093
1828093
593479
985147
1241165
1434130
1569244
1658641
1712785
1743878
1760039
1766752
1769480
1770696
1771138
1771349
1771349
1771349
1771349
1771349
1771349
1771349
1771349
1771349
1771349
1771349
1771349
1771349
1771349
1771349
1771349
1771349
1771349
1771349
1771349
1771349
1771349
1771349
1771349
1771349
1771349
1771349
593058
986634
1245497
1441639
1577789
1667627
1721866
1753249
1769918
1777009
1779756
1780820
1781241
1781414
1781510
1781510
1781510
1781510
1781510
1781510
1781510
1781510
1781510
1781510
1781510
1781510
1781510
1781510
1781510
1781510
1781510
1781510
1781510
1781510
1781510
1781510
1781510
1781510
1781510
1781510
593998
990550
1254829
1457525
1601356
1698887
1760588
1797553
1817791
1827597
1831839
1833057
1833435
1833547
1833548
1833548
1833548
1833548
1833548
1833548
1833548
1833548
1833548
1833548
1833548
1833548
1833548
1833548
1833548
1833548
1833548
1833548
1833548
1833548
1833548
1833548
1833548
1833548
1833548
1833548
592764
985710
1244626
1439203
1574433
1663478
1718343
1748422
1764454
1771710
1773959
1774917
1775309
1775314
1775315
1775316
1775316
1775316
1775316
1775316
1775316
1775316
1775316
1775316
1775316
1775316
1775316
1775316
1775316
1775316
1775316
1775316
1775316
1775316
1775316
1775316
1775316
1775316
1775316
1775316
592995
986685
1246276
1441857
1577973
1668423
1725027
1758469
1776036
1784485
1787936
1788698
1788849
1788929
1788931
1788932
1788932
1788932
1788932
1788932
1788932
1788932
1788932
1788932
1788932
1788932
1788932
1788932
1788932
1788932
1788932
1788932
1788932
1788932
1788932
1788932
1788932
1788932
1788932
1788932
592374
987654
1249179
1446121
1583391
1673791
1728344
1759139
1774828
1782000
1784231
1785250
1785524
1785664
1785665
1785665
1785665
1785665
1785665
1785665
1785665
1785665
1785665
1785665
1785665
1785665
1785665
1785665
1785665
1785665
1785665
1785665
1785665
1785665
1785665
1785665
1785665
1785665
1785665
1785665
593001
988466
1250671
1449200
1588548
1680856
1738166
1769543
1785474
1792759
1795654
1797131
1797580
1797705
1797856
1797927
1797927
1797927
1797927
1797927
1797927
1797927
1797927
1797927
1797927
1797927
1797927
1797927
1797927
1797927
1797927
1797927
1797927
1797927
1797927
1797927
1797927
1797927
1797927
1797927
593022
990351
1256500
1457921
1599507
1693073
1749557
1783109
1800871
1808244
1811738
1813173
1813626
1813781
1813784
1813784
1813784
1813784
1813784
1813784
1813784
1813784
1813784
1813784
1813784
1813784
1813784
1813784
1813784
1813784
1813784
1813784
1813784
1813784
1813784
1813784
1813784
1813784
1813784
1813784
592878
986590
1246695
1442773
1579620
1670140
1726263
1757975
1774558
1782108
1784688
1785609
1785678
1785680
1785681
1785681
1785681
1785681
1785681
1785681
1785681
1785681
1785681
1785681
1785681
1785681
1785681
1785681
1785681
1785681
1785681
1785681
1785681
1785681
1785681
1785681
1785681
1785681
1785681
1785681
593649
990330
1254265
1454640
1595458
1689904
1747726
1780746
1796899
1804255
1807364
1808542
1808989
1808995
1808996
1808996
1808996
1808996
1808996
1808996
1808996
1808996
1808996
1808996
1808996
1808996
1808996
1808996
1808996
1808996
1808996
1808996
1808996
1808996
1808996
1808996
1808996
1808996
1808996
1808996
592629
985314
1243774
1438208
1574165
1662777
1716497
1747470
1763597
1770693
1773792
1775236
1775887
1776035
1776179
1776253
1776253
1776253
1776253
1776253
1776253
1776253
1776253
1776253
1776253
1776253
1776253
1776253
1776253
1776253
1776253
1776253
1776253
1776253
1776253
1776253
1776253
1776253
1776253
1776253
593119
990892
1257230
1458434
1599502
1692917
1751013
1784966
1803236
1812509
1816151
1817298
1817748
1817925
1818013
1818014
1818015
1818015
1818015
1818015
1818015
1818015
1818015
1818015
1818015
1818015
1818015
1818015
1818015
1818015
1818015
1818015
1818015
1818015
1818015
1818015
1818015
1818015
1818015
1818015
592318
984012
1239550
1430293
1561203
1646087
1697650
1726396
1740985
1747287
1749838
1750710
1750902
1750907
1750908
1750908
1750908
1750908
1750908
1750908
1750908
1750908
1750908
1750908
1750908
1750908
1750908
1750908
1750908
1750908
1750908
1750908
1750908
1750908
1750908
1750908
1750908
1750908
1750908
1750908
593464
987121
1245118
1438515
1572840
1660684
1714459
1745771
1762869
1770890
1774166
1775470
1775828
1775893
1775894
1775894
1775894
1775894
1775894
1775894
1775894
1775894
1775894
1775894
1775894
1775894
1775894
1775894
1775894
1775894
1775894
1775894
1775894
1775894
1775894
1775894
1775894
1775894
1775894
1775894
593098
985576
1243265
1438590
1575930
1666887
1721751
1754333
1770553
1777413
1779974
1780611
1780796
1780801
1780802
1780802
1780802
1780802
1780802
1780802
1780802
1780802
1780802
1780802
1780802
1780802
1780802
1780802
1780802
1780802
1780802
1780802
1780802
1780802
1780802
1780802
1780802
1780802
1780802
1780802
593533
990721
1255091
1455153
1594204
1687872
1745994
1780101
1798028
1805450
1808441
1809548
1809929
1810043
1810043
1810043
1810043
1810043
1810043
1810043
1810043
1810043
1810043
1810043
1810043
1810043
1810043
1810043
1810043
1810043
1810043
1810043
1810043
1810043
1810043
1810043
1810043
1810043
1810043
1810043
593155
993920
1263071
1468093
1612519
1708838
1768946
1802795
1821408
1830834
1834245
1835780
1836394
1836493
1836499
1836499
1836499
1836499
1836499
1836499
1836499
1836499
1836499
1836499
1836499
1836499
1836499
1836499
1836499
1836499
1836499
1836499
1836499
1836499
1836499
1836499
1836499
1836499
1836499
1836499
593553
989658
1251877
1451956
1592183
1685648
1741663
1773749
1789585
1797086
1799993
1801013
1801332
1801337
1801339
1801339
1801339
1801339
1801339
1801339
1801339
1801339
1801339
1801339
1801339
1801339
1801339
1801339
1801339
1801339
1801339
1801339
1801339
1801339
1801339
1801339
1801339
1801339
1801339
1801339
593163
989535
1253829
1454288
1595102
1687868
1743714
1775567
1792151
1799698
1802722
1804071
1804732
1804875
1804967
1804967
1804967
1804967
1804967
1804967
1804967
1804967
1804967
1804967
1804967
1804967
1804967
1804967
1804967
1804967
1804967
1804967
1804967
1804967
1804967
1804967
1804967
1804967
1804967
1804967
594453
997572
1268239
1473614
1618103
1715298
1776725
1811636
1831163
1839706
1843038
1844254
1844705
1844872
1844957
1844957
1844957
1844957
1844957
1844957
1844957
1844957
1844957
1844957
1844957
1844957
1844957
1844957
1844957
1844957
1844957
1844957
1844957
1844957
1844957
1844957
1844957
1844957
1844957
1844957
593701
995378
1264201
1469611
1613857
1710677
1770054
1804882
1822909
1830754
1833982
1835245
1835521
1835528
1835529
1835530
1835530
1835530
1835530
1835530
1835530
1835530
1835530
1835530
1835530
1835530
1835530
1835530
1835530
1835530
1835530
1835530
1835530
1835530
1835530
1835530
1835530
1835530
1835530
1835530
593744
990080
1255081
1455954
1597870
1692814
1751868
1785692
1802571
1811067
1814195
1815497
1815869
1816031
1816032
1816033
1816033
1816033
1816033
1816033
1816033
1816033
1816033
1816033
1816033
1816033
1816033
1816033
1816033
1816033
1816033
1816033
1816033
1816033
1816033
1816033
1816033
1816033
1816033
1816033
592214
986930
1248979
1448150
1589038
1680934
1736569
1768512
1785171
1792084
1794633
1795507
1795695
1795700
1795700
1795700
1795700
1795700
1795700
1795700
1795700
1795700
1795700
1795700
1795700
1795700
1795700
1795700
1795700
1795700
1795700
1795700
1795700
1795700
1795700
1795700
1795700
1795700
1795700
1795700
592512
988263
1252233
1451760
1591934
1684993
1742606
1775244
1793234
1800802
1803823
1805118
1805375
1805378
1805379
1805379
1805379
1805379
1805379
1805379
1805379
1805379
1805379
1805379
1805379
1805379
1805379
1805379
1805379
1805379
1805379
1805379
1805379
1805379
1805379
1805379
1805379
1805379
1805379
1805379
592727
982973
1238371
1430441
1564003
1651650
1705339
1734872
1750673
1757898
1761090
1762023
1762350
1762498
1762573
1762575
1762576
1762577
1762577
1762577
1762577
1762577
1762577
1762577
1762577
1762577
1762577
1762577
1762577
1762577
1762577
1762577
1762577
1762577
1762577
1762577
1762577
1762577
1762577
1762577
593221
988664
1251845
1450706
1589600
1680856
1736897
1769825
1787692
1796399
1799885
1800790
1801232
1801295
1801299
1801299
1801299
1801299
1801299
1801299
1801299
1801299
1801299
1801299
1801299
1801299
1801299
1801299
1801299
1801299
1801299
1801299
1801299
1801299
1801299
1801299
1801299
1801299
1801299
1801299
593778
985441
1241584
1434542
1569172
1656859
1710731
1742326
1759301
1766868
1769987
1770849
1771017
1771103
1771104
1771104
1771104
1771104
1771104
1771104
1771104
1771104
1771104
1771104
1771104
1771104
1771104
1771104
1771104
1771104
1771104
1771104
1771104
1771104
1771104
1771104
1771104
1771104
1771104
1771104
592702
988961
1251034
1448456
1585447
1675840
1730985
1763011
1778207
1785316
1788062
1789386
1789547
1789635
1789638
1789639
1789640
1789640
1789640
1789640
1789640
1789640
1789640
1789640
1789640
1789640
1789640
1789640
1789640
1789640
1789640
1789640
1789640
1789640
1789640
1789640
1789640
1789640
1789640
1789640
592870
982426
1237094
1427502
1560678
1649261
1703583
1734975
1750708
1757624
1760036
1761259
1761622
1761704
1761704
1761704
1761704
1761704
1761704
1761704
1761704
1761704
1761704
1761704
1761704
1761704
1761704
1761704
1761704
1761704
1761704
1761704
1761704
1761704
1761704
1761704
1761704
1761704
1761704
1761704
592264
981872
1236689
1427728
1560374
1647696
1702454
1734714
1751485
1759575
1762141
1762820
1762993
1763088
1763088
1763088
1763088
1763088
1763088
1763088
1763088
1763088
1763088
1763088
1763088
1763088
1763088
1763088
1763088
1763088
1763088
1763088
1763088
1763088
1763088
1763088
1763088
1763088
1763088
1763088
594182
993259
1261169
1465056
1608726
1703483
1762209
1796179
1813707
1822290
1825562
1826818
1827159
1827235
1827235
1827235
1827235
1827235
1827235
1827235
1827235
1827235
1827235
1827235
1827235
1827235
1827235
1827235
1827235
1827235
1827235
1827235
1827235
1827235
1827235
1827235
1827235
1827235
1827235
1827235
593385
988883
1250384
1448476
1587167
1679357
1735635
1769090
1786798
1795023
1797954
1798951
1799389
1799637
1799639
1799641
1799642
1799642
1799642
1799642
1799642
1799642
1799642
1799642
1799642
1799642
1799642
1799642
1799642
1799642
1799642
1799642
1799642
1799642
1799642
1799642
1799642
1799642
1799642
1799642
592962
985401
1242539
1435454
1569588
1658088
1712653
1743996
1759904
1767627
1771082
1772688
1773259
1773567
1773651
1773653
1773655
1773656
1773657
1773657
1773657
1773657
1773657
1773657
1773657
1773657
1773657
1773657
1773657
1773657
1773657
1773657
1773657
1773657
1773657
1773657
1773657
1773657
1773657
1773657
594276
992015
1256599
1457375
1599653
1694700
1754551
1787874
1804875
1811406
1814019
1814830
1815278
1815370
1815374
1815375
1815375
1815375
1815375
1815375
1815375
1815375
1815375
1815375
1815375
1815375
1815375
1815375
1815375
1815375
1815375
1815375
1815375
1815375
1815375
1815375
1815375
1815375
1815375
1815375
591985
986286
1246859
1442265
1576340
1664625
1718017
1747806
1762597
1769171
1771802
1772497
1772661
1772667
1772668
1772668
1772668
1772668
1772668
1772668
1772668
1772668
1772668
1772668
1772668
1772668
1772668
1772668
1772668
1772668
1772668
1772668
1772668
1772668
1772668
1772668
1772668
1772668
1772668
1772668
593983
993492
1259526
1462063
1605166
1698968
1756563
1790251
1807841
1815244
1819445
1821048
1821455
1821679
1821681
1821681
1821681
1821681
1821681
1821681
1821681
1821681
1821681
1821681
1821681
1821681
1821681
1821681
1821681
1821681
1821681
1821681
1821681
1821681
1821681
1821681
1821681
1821681
1821681
1821681
593679
991564
1256374
1455568
1595942
1688694
1747035
1780372
1797664
1805312
1807998
1809316
1810054
1810176
1810180
1810181
1810181
1810181
1810181
1810181
1810181
1810181
1810181
1810181
1810181
1810181
1810181
1810181
1810181
1810181
1810181
1810181
1810181
1810181
1810181
1810181
1810181
1810181
1810181
1810181
592835
983585
1239801
1432643
1566805
1656236
1709910
1740564
1756331
1763363
1766282
1767249
1767335
1767339
1767341
1767343
1767343
1767343
1767343
1767343
1767343
1767343
1767343
1767343
1767343
1767343
1767343
1767343
1767343
1767343
1767343
1767343
1767343
1767343
1767343
1767343
1767343
1767343
1767343
1767343
593572
990627
1254564
1454228
1595177
1688921
1747761
1782967
1801376
1809937
1812986
1814252
1814551
1814722
1814724
1814725
1814725
1814725
1814725
1814725
1814725
1814725
1814725
1814725
1814725
1814725
1814725
1814725
1814725
1814725
1814725
1814725
1814725
1814725
1814725
1814725
1814725
1814725
1814725
1814725
593183
988770
1252033
1452553
1592999
1686340
1743779
1777751
1794992
1803382
1806668
1807704
1808199
1808447
1808447
1808447
1808447
1808447
1808447
1808447
1808447
1808447
1808447
1808447
1808447
1808447
1808447
1808447
1808447
1808447
1808447
1808447
1808447
1808447
1808447
1808447
1808447
1808447
1808447
1808447
592624
982816
1238209
1431348
1567150
1658124
1713802
1746404
1762439
1769634
1773353
1774705
1775219
1775370
1775429
1775510
1775510
1775510
1775510
1775510
1775510
1775510
1775510
1775510
1775510
1775510
1775510
1775510
1775510
1775510
1775510
1775510
1775510
1775510
1775510
1775510
1775510
1775510
1775510
1775510
592875
989225
1252296
1450996
1589150
1680451
1735243
1764971
1780469
1787867
1790658
1791721
1791938
1792108
1792109
1792110
1792110
1792110
1792110
1792110
1792110
1792110
1792110
1792110
1792110
1792110
1792110
1792110
1792110
1792110
1792110
1792110
1792110
1792110
1792110
1792110
1792110
1792110
1792110
1792110
593558
990802
1254755
1453807
1591839
1681480
1736054
1766081
1781845
1788372
1791095
1792056
1792709
1792798
1792889
1792996
1792997
1792997
1792997
1792997
1792997
1792997
1792997
1792997
1792997
1792997
1792997
1792997
1792997
1792997
1792997
1792997
1792997
1792997
1792997
1792997
1792997
1792997
1792997
1792997
593336
989291
1251712
1448298
1585383
1675302
1730375
1762274
1779448
1786608
1789416
1790390
1790784
1790791
1790792
1790793
1790794
1790794
1790794
1790794
1790794
1790794
1790794
1790794
1790794
1790794
1790794
1790794
1790794
1790794
1790794
1790794
1790794
1790794
1790794
1790794
1790794
1790794
1790794
1790794
592865
991364
1258053
1460989
1603329
1697946
1756733
1788938
1806230
1814501
1818634
1820131
1820537
1820679
1820679
1820679
1820679
1820679
1820679
1820679
1820679
1820679
1820679
1820679
1820679
1820679
1820679
1820679
1820679
1820679
1820679
1820679
1820679
1820679
1820679
1820679
1820679
1820679
1820679
1820679
593395
992154
1259409
1460775
1601992
1695887
1753371
1786633
1804580
1813194
1816181
1817248
1817561
1817567
1817567
1817567
1817567
1817567
1817567
1817567
1817567
1817567
1817567
1817567
1817567
1817567
1817567
1817567
1817567
1817567
1817567
1817567
1817567
1817567
1817567
1817567
1817567
1817567
1817567
1817567
593594
988480
1249674
1447189
1586040
1677715
1732937
1763689
1780577
1788428
1791066
1792169
1792423
1792530
1792532
1792532
1792532
1792532
1792532
1792532
1792532
1792532
1792532
1792532
1792532
1792532
1792532
1792532
1792532
1792532
1792532
1792532
1792532
1792532
1792532
1792532
1792532
1792532
1792532
1792532
593910
992375
1257760
1459154
1600001
1693701
1752452
1786176
1803912
1811450
1814057
1814942
1815270
1815275
1815276
1815276
1815276
1815276
1815276
1815276
1815276
1815276
1815276
1815276
1815276
1815276
1815276
1815276
1815276
1815276
1815276
1815276
1815276
1815276
1815276
1815276
1815276
1815276
1815276
1815276
593178
988543
1251431
1450620
1590548
1682707
1738718
1769983
1786243
1794124
1797726
1799215
1799456
1799581
1799644
1799644
1799644
1799644
1799644
1799644
1799644
1799644
1799644
1799644
1799644
1799644
1799644
1799644
1799644
1799644
1799644
1799644
1799644
1799644
1799644
1799644
1799644
1799644
1799644
1799644
594652
997410
1269460
1476482
1622565
1719981
1782157
1818586
1836814
1844872
1848131
1849090
1849583
1849819
1849819
1849819
1849819
1849819
1849819
1849819
1849819
1849819
1849819
1849819
1849819
1849819
1849819
1849819
1849819
1849819
1849819
1849819
1849819
1849819
1849819
1849819
1849819
1849819
1849819
1849819
592367
988290
1251159
1447896
1584486
1675539
1730559
1762032
1777658
1784940
1787519
1788416
1788745
1788847
1788850
1788852
1788852
1788852
1788852
1788852
1788852
1788852
1788852
1788852
1788852
1788852
1788852
1788852
1788852
1788852
1788852
1788852
1788852
1788852
1788852
1788852
1788852
1788852
1788852
1788852
592855
982895
1236180
1424759
1555953
1640426
1690840
1719976
1734199
1740536
1743581
1744213
1744297
1744302
1744303
1744303
1744303
1744303
1744303
1744303
1744303
1744303
1744303
1744303
1744303
1744303
1744303
1744303
1744303
1744303
1744303
1744303
1744303
1744303
1744303
1744303
1744303
1744303
1744303
1744303
591955
983075
1239056
1431018
1563348
1649186
1700838
1728535
1742020
1748246
1750890
1751520
1751756
1751766
1751768
1751769
1751769
1751769
1751769
1751769
1751769
1751769
1751769
1751769
1751769
1751769
1751769
1751769
1751769
1751769
1751769
1751769
1751769
1751769
1751769
1751769
1751769
1751769
1751769
1751769
