2680500
3381000
3477880
3490180
3490670
3490670
3490670
3490670
3490670
3490670
3490670
3490670
3490670
3490670
3490670
3490670
3490670
3490670
3490670
3490670
3490670
3490670
3490670
3490670
3490670
3490670
3490670
3490670
3490670
3490670
3490670
3490670
3490670
3490670
3490670
3490670
3490670
3490670
3490670
3490670
2659470
3327550
3418200
3426430
3426990
3426990
3426990
3426990
3426990
3426990
3426990
3426990
3426990
3426990
3426990
3426990
3426990
3426990
3426990
3426990
3426990
3426990
3426990
3426990
3426990
3426990
3426990
3426990
3426990
3426990
3426990
3426990
3426990
3426990
3426990
3426990
3426990
3426990
3426990
3426990
2641930
3330990
3434080
3444600
3444660
3444660
3444660
3444660
3444660
3444660
3444660
3444660
3444660
3444660
3444660
3444660
3444660
3444660
3444660
3444660
3444660
3444660
3444660
3444660
3444660
3444660
3444660
3444660
3444660
3444660
3444660
3444660
3444660
3444660
3444660
3444660
3444660
3444660
3444660
3444660
2600740
3236370
3326590
3331030
3331090
3331090
3331090
3331090
3331090
3331090
3331090
3331090
3331090
3331090
3331090
3331090
3331090
3331090
3331090
3331090
3331090
3331090
3331090
3331090
3331090
3331090
3331090
3331090
3331090
3331090
3331090
3331090
3331090
3331090
3331090
3331090
3331090
3331090
3331090
3331090
2637110
3353470
3453560
3464800
3465800
3465810
3465810
3465810
3465810
3465810
3465810
3465810
3465810
3465810
3465810
3465810
3465810
3465810
3465810
3465810
3465810
3465810
3465810
3465810
3465810
3465810
3465810
3465810
3465810
3465810
3465810
3465810
3465810
3465810
3465810
3465810
3465810
3465810
3465810
3465810
2734710
3378460
3450700
3454130
3454600
3454600
3454600
3454600
3454600
3454600
3454600
3454600
3454600
3454600
3454600
3454600
3454600
3454600
3454600
3454600
3454600
3454600
3454600
3454600
3454600
3454600
3454600
3454600
3454600
3454600
3454600
3454600
3454600
3454600
3454600
3454600
3454600
3454600
3454600
3454600
2623380
3300370
3393980
3406820
3408310
3408320
3408320
3408320
3408320
3408320
3408320
3408320
3408320
3408320
3408320
3408320
3408320
3408320
3408320
3408320
3408320
3408320
3408320
3408320
3408320
3408320
3408320
3408320
3408320
3408320
3408320
3408320
3408320
3408320
3408320
3408320
3408320
3408320
3408320
3408320
2820340
3496990
3584100
3587750
3587780
3587780
3587780
3587780
3587780
3587780
3587780
3587780
3587780
3587780
3587780
3587780
3587780
3587780
3587780
3587780
3587780
3587780
3587780
3587780
3587780
3587780
3587780
3587780
3587780
3587780
3587780
3587780
3587780
3587780
3587780
3587780
3587780
3587780
3587780
3587780
2672790
3353450
3446150
3454490
3455050
3455050
3455050
3455050
3455050
3455050
3455050
3455050
3455050
3455050
3455050
3455050
3455050
3455050
3455050
3455050
3455050
3455050
3455050
3455050
3455050
3455050
3455050
3455050
3455050
3455050
3455050
3455050
3455050
3455050
3455050
3455050
3455050
3455050
3455050
3455050
2673450
3383570
3483470
3492150
3492720
3492730
3492730
3492730
3492730
3492730
3492730
3492730
3492730
3492730
3492730
3492730
3492730
3492730
3492730
3492730
3492730
3492730
3492730
3492730
3492730
3492730
3492730
3492730
3492730
3492730
3492730
3492730
3492730
3492730
3492730
3492730
3492730
3492730
3492730
3492730
2756850
3409750
3479030
3484960
3485020
3485020
3485020
3485020
3485020
3485020
3485020
3485020
3485020
3485020
3485020
3485020
3485020
3485020
3485020
3485020
3485020
3485020
3485020
3485020
3485020
3485020
3485020
3485020
3485020
3485020
3485020
3485020
3485020
3485020
3485020
3485020
3485020
3485020
3485020
3485020
2645790
3369330
3484840
3495980
3497520
3497990
3497990
3497990
3497990
3497990
3497990
3497990
3497990
3497990
3497990
3497990
3497990
3497990
3497990
3497990
3497990
3497990
3497990
3497990
3497990
3497990
3497990
3497990
3497990
3497990
3497990
3497990
3497990
3497990
3497990
3497990
3497990
3497990
3497990
3497990
2636050
3299990
3392870
3401260
3401280
3401280
3401280
3401280
3401280
3401280
3401280
3401280
3401280
3401280
3401280
3401280
3401280
3401280
3401280
3401280
3401280
3401280
3401280
3401280
3401280
3401280
3401280
3401280
3401280
3401280
3401280
3401280
3401280
3401280
3401280
3401280
3401280
3401280
3401280
3401280
2657400
3344120
3445050
3455430
3456950
3457460
3457470
3457470
3457470
3457470
3457470
3457470
3457470
3457470
3457470
3457470
3457470
3457470
3457470
3457470
3457470
3457470
3457470
3457470
3457470
3457470
3457470
3457470
3457470
3457470
3457470
3457470
3457470
3457470
3457470
3457470
3457470
3457470
3457470
3457470
2597850
3259480
3350200
3359270
3359810
3359810
3359810
3359810
3359810
3359810
3359810
3359810
3359810
3359810
3359810
3359810
3359810
3359810
3359810
3359810
3359810
3359810
3359810
3359810
3359810
3359810
3359810
3359810
3359810
3359810
3359810
3359810
3359810
3359810
3359810
3359810
3359810
3359810
3359810
3359810
2589980
3339810
3458540
3468380
3469390
3469390
3469390
3469390
3469390
3469390
3469390
3469390
3469390
3469390
3469390
3469390
3469390
3469390
3469390
3469390
3469390
3469390
3469390
3469390
3469390
3469390
3469390
3469390
3469390
3469390
3469390
3469390
3469390
3469390
3469390
3469390
3469390
3469390
3469390
3469390
2551040
3246170
3339280
3344740
3344760
3344760
3344760
3344760
3344760
3344760
3344760
3344760
3344760
3344760
3344760
3344760
3344760
3344760
3344760
3344760
3344760
3344760
3344760
3344760
3344760
3344760
3344760
3344760
3344760
3344760
3344760
3344760
3344760
3344760
3344760
3344760
3344760
3344760
3344760
3344760
2639750
3346150
3445820
3455680
3455700
3455700
3455700
3455700
3455700
3455700
3455700
3455700
3455700
3455700
3455700
3455700
3455700
3455700
3455700
3455700
3455700
3455700
3455700
3455700
3455700
3455700
3455700
3455700
3455700
3455700
3455700
3455700
3455700
3455700
3455700
3455700
3455700
3455700
3455700
3455700
2630320
3326340
3423870
3431420
3431500
3431500
3431500
3431500
3431500
3431500
3431500
3431500
3431500
3431500
3431500
3431500
3431500
3431500
3431500
3431500
3431500
3431500
3431500
3431500
3431500
3431500
3431500
3431500
3431500
3431500
3431500
3431500
3431500
3431500
3431500
3431500
3431500
3431500
3431500
3431500
2657790
3348810
3433230
3439620
3439660
3439660
3439660
3439660
3439660
3439660
3439660
3439660
3439660
3439660
3439660
3439660
3439660
3439660
3439660
3439660
3439660
3439660
3439660
3439660
3439660
3439660
3439660
3439660
3439660
3439660
3439660
3439660
3439660
3439660
3439660
3439660
3439660
3439660
3439660
3439660
2682290
3366060
3465080
3473550
3473600
3473600
3473600
3473600
3473600
3473600
3473600
3473600
3473600
3473600
3473600
3473600
3473600
3473600
3473600
3473600
3473600
3473600
3473600
3473600
3473600
3473600
3473600
3473600
3473600
3473600
3473600
3473600
3473600
3473600
3473600
3473600
3473600
3473600
3473600
3473600
2611580
3272530
3350120
3355850
3356900
3356900
3356900
3356900
3356900
3356900
3356900
3356900
3356900
3356900
3356900
3356900
3356900
3356900
3356900
3356900
3356900
3356900
3356900
3356900
3356900
3356900
3356900
3356900
3356900
3356900
3356900
3356900
3356900
3356900
3356900
3356900
3356900
3356900
3356900
3356900
2659580
3355440
3452870
3460750
3460770
3460770
3460770
3460770
3460770
3460770
3460770
3460770
3460770
3460770
3460770
3460770
3460770
3460770
3460770
3460770
3460770
3460770
3460770
3460770
3460770
3460770
3460770
3460770
3460770
3460770
3460770
3460770
3460770
3460770
3460770
3460770
3460770
3460770
3460770
3460770
2695820
3402480
3496300
3502200
3502240
3502240
3502240
3502240
3502240
3502240
3502240
3502240
3502240
3502240
3502240
3502240
3502240
3502240
3502240
3502240
3502240
3502240
3502240
3502240
3502240
3502240
3502240
3502240
3502240
3502240
3502240
3502240
3502240
3502240
3502240
3502240
3502240
3502240
3502240
3502240
2681440
3391690
3489120
3496800
3497810
3497810
3497810
3497810
3497810
3497810
3497810
3497810
3497810
3497810
3497810
3497810
3497810
3497810
3497810
3497810
3497810
3497810
3497810
3497810
3497810
3497810
3497810
3497810
3497810
3497810
3497810
3497810
3497810
3497810
3497810
3497810
3497810
3497810
3497810
3497810
2616690
3261800
3335930
3341650
3342190
3342200
3342200
3342200
3342200
3342200
3342200
3342200
3342200
3342200
3342200
3342200
3342200
3342200
3342200
3342200
3342200
3342200
3342200
3342200
3342200
3342200
3342200
3342200
3342200
3342200
3342200
3342200
3342200
3342200
3342200
3342200
3342200
3342200
3342200
3342200
2591100
3321410
3423990
3434730
3434790
3434800
3434800
3434800
3434800
3434800
3434800
3434800
3434800
3434800
3434800
3434800
3434800
3434800
3434800
3434800
3434800
3434800
3434800
3434800
3434800
3434800
3434800
3434800
3434800
3434800
3434800
3434800
3434800
3434800
3434800
3434800
3434800
3434800
3434800
3434800
2611310
3294880
3378690
3382750
3382780
3382780
3382780
3382780
3382780
3382780
3382780
3382780
3382780
3382780
3382780
3382780
3382780
3382780
3382780
3382780
3382780
3382780
3382780
3382780
3382780
3382780
3382780
3382780
3382780
3382780
3382780
3382780
3382780
3382780
3382780
3382780
3382780
3382780
3382780
3382780
2604090
3277860
3369920
3379080
3379150
3379160
3379160
3379160
3379160
3379160
3379160
3379160
3379160
3379160
3379160
3379160
3379160
3379160
3379160
3379160
3379160
3379160
3379160
3379160
3379160
3379160
3379160
3379160
3379160
3379160
3379160
3379160
3379160
3379160
3379160
3379160
3379160
3379160
3379160
3379160
2659780
3294640
3369200
3374020
3374540
3374540
3374540
3374540
3374540
3374540
3374540
3374540
3374540
3374540
3374540
3374540
3374540
3374540
3374540
3374540
3374540
3374540
3374540
3374540
3374540
3374540
3374540
3374540
3374540
3374540
3374540
3374540
3374540
3374540
3374540
3374540
3374540
3374540
3374540
3374540
2666240
3344680
3439540
3446240
3446280
3446280
3446280
3446280
3446280
3446280
3446280
3446280
3446280
3446280
3446280
3446280
3446280
3446280
3446280
3446280
3446280
3446280
3446280
3446280
3446280
3446280
3446280
3446280
3446280
3446280
3446280
3446280
3446280
3446280
3446280
3446280
3446280
3446280
3446280
3446280
2669170
3347600
3448340
3458570
3458620
3458620
3458620
3458620
3458620
3458620
3458620
3458620
3458620
3458620
3458620
3458620
3458620
3458620
3458620
3458620
3458620
3458620
3458620
3458620
3458620
3458620
3458620
3458620
3458620
3458620
3458620
3458620
3458620
3458620
3458620
3458620
3458620
3458620
3458620
3458620
2698240
3389910
3473670
3478900
3479430
3479430
3479430
3479430
3479430
3479430
3479430
3479430
3479430
3479430
3479430
3479430
3479430
3479430
3479430
3479430
3479430
3479430
3479430
3479430
3479430
3479430
3479430
3479430
3479430
3479430
3479430
3479430
3479430
3479430
3479430
3479430
3479430
3479430
3479430
3479430
2651870
3295470
3388330
3395420
3395930
3395930
3395930
3395930
3395930
3395930
3395930
3395930
3395930
3395930
3395930
3395930
3395930
3395930
3395930
3395930
3395930
3395930
3395930
3395930
3395930
3395930
3395930
3395930
3395930
3395930
3395930
3395930
3395930
3395930
3395930
3395930
3395930
3395930
3395930
3395930
2647070
3301640
3381830
3386710
3387250
3387250
3387250
3387250
3387250
3387250
3387250
3387250
3387250
3387250
3387250
3387250
3387250
3387250
3387250
3387250
3387250
3387250
3387250
3387250
3387250
3387250
3387250
3387250
3387250
3387250
3387250
3387250
3387250
3387250
3387250
3387250
3387250
3387250
3387250
3387250
2645030
3327380
3414660
3425530
3425580
3425580
3425580
3425580
3425580
3425580
3425580
3425580
3425580
3425580
3425580
3425580
3425580
3425580
3425580
3425580
3425580
3425580
3425580
3425580
3425580
3425580
3425580
3425580
3425580
3425580
3425580
3425580
3425580
3425580
3425580
3425580
3425580
3425580
3425580
3425580
2718800
3399640
3484490
3489960
3490010
3490010
3490010
3490010
3490010
3490010
3490010
3490010
3490010
3490010
3490010
3490010
3490010
3490010
3490010
3490010
3490010
3490010
3490010
3490010
3490010
3490010
3490010
3490010
3490010
3490010
3490010
3490010
3490010
3490010
3490010
3490010
3490010
3490010
3490010
3490010
2683140
3364180
3461410
3472710
3472760
3472760
3472760
3472760
3472760
3472760
3472760
3472760
3472760
3472760
3472760
3472760
3472760
3472760
3472760
3472760
3472760
3472760
3472760
3472760
3472760
3472760
3472760
3472760
3472760
3472760
3472760
3472760
3472760
3472760
3472760
3472760
3472760
3472760
3472760
3472760
2688010
3379030
3470620
3480720
3481700
3481710
3481710
3481710
3481710
3481710
3481710
3481710
3481710
3481710
3481710
3481710
3481710
3481710
3481710
3481710
3481710
3481710
3481710
3481710
3481710
3481710
3481710
3481710
3481710
3481710
3481710
3481710
3481710
3481710
3481710
3481710
3481710
3481710
3481710
3481710
2737980
3392810
3456890
3463660
3463690
3463700
3463700
3463700
3463700
3463700
3463700
3463700
3463700
3463700
3463700
3463700
3463700
3463700
3463700
3463700
3463700
3463700
3463700
3463700
3463700
3463700
3463700
3463700
3463700
3463700
3463700
3463700
3463700
3463700
3463700
3463700
3463700
3463700
3463700
3463700
2771760
3438040
3518390
3522750
3522800
3522800
3522800
3522800
3522800
3522800
3522800
3522800
3522800
3522800
3522800
3522800
3522800
3522800
3522800
3522800
3522800
3522800
3522800
3522800
3522800
3522800
3522800
3522800
3522800
3522800
3522800
3522800
3522800
3522800
3522800
3522800
3522800
3522800
3522800
3522800
2671600
3340910
3430550
3437340
3437410
3437420
3437420
3437420
3437420
3437420
3437420
3437420
3437420
3437420
3437420
3437420
3437420
3437420
3437420
3437420
3437420
3437420
3437420
3437420
3437420
3437420
3437420
3437420
3437420
3437420
3437420
3437420
3437420
3437420
3437420
3437420
3437420
3437420
3437420
3437420
2619700
3331530
3430190
3437540
3438540
3438540
3438540
3438540
3438540
3438540
3438540
3438540
3438540
3438540
3438540
3438540
3438540
3438540
3438540
3438540
3438540
3438540
3438540
3438540
3438540
3438540
3438540
3438540
3438540
3438540
3438540
3438540
3438540
3438540
3438540
3438540
3438540
3438540
3438540
3438540
2654070
3295670
3380460
3389520
3390030
3390030
3390030
3390030
3390030
3390030
3390030
3390030
3390030
3390030
3390030
3390030
3390030
3390030
3390030
3390030
3390030
3390030
3390030
3390030
3390030
3390030
3390030
3390030
3390030
3390030
3390030
3390030
3390030
3390030
3390030
3390030
3390030
3390030
3390030
3390030
2655650
3301740
3376200
3380300
3380850
3380850
3380850
3380850
3380850
3380850
3380850
3380850
3380850
3380850
3380850
3380850
3380850
3380850
3380850
3380850
3380850
3380850
3380850
3380850
3380850
3380850
3380850
3380850
3380850
3380850
3380850
3380850
3380850
3380850
3380850
3380850
3380850
3380850
3380850
3380850
2585930
3268230
3368840
3378280
3378780
3378780
3378780
3378780
3378780
3378780
3378780
3378780
3378780
3378780
3378780
3378780
3378780
3378780
3378780
3378780
3378780
3378780
3378780
3378780
3378780
3378780
3378780
3378780
3378780
3378780
3378780
3378780
3378780
3378780
3378780
3378780
3378780
3378780
3378780
3378780
2668210
3326180
3415330
3420070
3420110
3420110
3420110
3420110
3420110
3420110
3420110
3420110
3420110
3420110
3420110
3420110
3420110
3420110
3420110
3420110
3420110
3420110
3420110
3420110
3420110
3420110
3420110
3420110
3420110
3420110
3420110
3420110
3420110
3420110
3420110
3420110
3420110
3420110
3420110
3420110
2692450
3370720
3466510
3474050
3474540
3474540
3474540
3474540
3474540
3474540
3474540
3474540
3474540
3474540
3474540
3474540
3474540
3474540
3474540
3474540
3474540
3474540
3474540
3474540
3474540
3474540
3474540
3474540
3474540
3474540
3474540
3474540
3474540
3474540
3474540
3474540
3474540
3474540
3474540
3474540
2713510
3361230
3438970
3443810
3443890
3443890
3443890
3443890
3443890
3443890
3443890
3443890
3443890
3443890
3443890
3443890
3443890
3443890
3443890
3443890
3443890
3443890
3443890
3443890
3443890
3443890
3443890
3443890
3443890
3443890
3443890
3443890
3443890
3443890
3443890
3443890
3443890
3443890
3443890
3443890
2679620
3364980
3448400
3453560
3454150
3454170
3454170
3454170
3454170
3454170
3454170
3454170
3454170
3454170
3454170
3454170
3454170
3454170
3454170
3454170
3454170
3454170
3454170
3454170
3454170
3454170
3454170
3454170
3454170
3454170
3454170
3454170
3454170
3454170
3454170
3454170
3454170
3454170
3454170
3454170
2554760
3156310
3223630
3227860
3228400
3228400
3228400
3228400
3228400
3228400
3228400
3228400
3228400
3228400
3228400
3228400
3228400
3228400
3228400
3228400
3228400
3228400
3228400
3228400
3228400
3228400
3228400
3228400
3228400
3228400
3228400
3228400
3228400
3228400
3228400
3228400
3228400
3228400
3228400
3228400
2662410
3352150
3449240
3458090
3459560
3459560
3459560
3459560
3459560
3459560
3459560
3459560
3459560
3459560
3459560
3459560
3459560
3459560
3459560
3459560
3459560
3459560
3459560
3459560
3459560
3459560
3459560
3459560
3459560
3459560
3459560
3459560
3459560
3459560
3459560
3459560
3459560
3459560
3459560
3459560
2638020
3342620
3446400
3453160
3454160
3454160
3454160
3454160
3454160
3454160
3454160
3454160
3454160
3454160
3454160
3454160
3454160
3454160
3454160
3454160
3454160
3454160
3454160
3454160
3454160
3454160
3454160
3454160
3454160
3454160
3454160
3454160
3454160
3454160
3454160
3454160
3454160
3454160
3454160
3454160
2649430
3316900
3407750
3412170
3412220
3412220
3412220
3412220
3412220
3412220
3412220
3412220
3412220
3412220
3412220
3412220
3412220
3412220
3412220
3412220
3412220
3412220
3412220
3412220
3412220
3412220
3412220
3412220
3412220
3412220
3412220
3412220
3412220
3412220
3412220
3412220
3412220
3412220
3412220
3412220
2717760
3438960
3527850
3533900
3533960
3533960
3533960
3533960
3533960
3533960
3533960
3533960
3533960
3533960
3533960
3533960
3533960
3533960
3533960
3533960
3533960
3533960
3533960
3533960
3533960
3533960
3533960
3533960
3533960
3533960
3533960
3533960
3533960
3533960
3533960
3533960
3533960
3533960
3533960
3533960
2660100
3330350
3422110
3427940
3428000
3428000
3428000
3428000
3428000
3428000
3428000
3428000
3428000
3428000
3428000
3428000
3428000
3428000
3428000
3428000
3428000
3428000
3428000
3428000
3428000
3428000
3428000
3428000
3428000
3428000
3428000
3428000
3428000
3428000
3428000
3428000
3428000
3428000
3428000
3428000
2743120
3450690
3548960
3555810
3555820
3555820
3555820
3555820
3555820
3555820
3555820
3555820
3555820
3555820
3555820
3555820
3555820
3555820
3555820
3555820
3555820
3555820
3555820
3555820
3555820
3555820
3555820
3555820
3555820
3555820
3555820
3555820
3555820
3555820
3555820
3555820
3555820
3555820
3555820
3555820
2681330
3367440
3442680
3447180
3447190
3447190
3447190
3447190
3447190
3447190
3447190
3447190
3447190
3447190
3447190
3447190
3447190
3447190
3447190
3447190
3447190
3447190
3447190
3447190
3447190
3447190
3447190
3447190
3447190
3447190
3447190
3447190
3447190
3447190
3447190
3447190
3447190
3447190
3447190
3447190
2735350
3456430
3569960
3578270
3578340
3578350
3578350
3578350
3578350
3578350
3578350
3578350
3578350
3578350
3578350
3578350
3578350
3578350
3578350
3578350
3578350
3578350
3578350
3578350
3578350
3578350
3578350
3578350
3578350
3578350
3578350
3578350
3578350
3578350
3578350
3578350
3578350
3578350
3578350
3578350
2757410
3393740
3461730
3464240
3464300
3464300
3464300
3464300
3464300
3464300
3464300
3464300
3464300
3464300
3464300
3464300
3464300
3464300
3464300
3464300
3464300
3464300
3464300
3464300
3464300
3464300
3464300
3464300
3464300
3464300
3464300
3464300
3464300
3464300
3464300
3464300
3464300
3464300
3464300
3464300
2671030
3361410
3461290
3470170
3471210
3471210
3471210
3471210
3471210
3471210
3471210
3471210
3471210
3471210
3471210
3471210
3471210
3471210
3471210
3471210
3471210
3471210
3471210
3471210
3471210
3471210
3471210
3471210
3471210
3471210
3471210
3471210
3471210
3471210
3471210
3471210
3471210
3471210
3471210
3471210
2637110
3290150
3383530
3390830
3390890
3390890
3390890
3390890
3390890
3390890
3390890
3390890
3390890
3390890
3390890
3390890
3390890
3390890
3390890
3390890
3390890
3390890
3390890
3390890
3390890
3390890
3390890
3390890
3390890
3390890
3390890
3390890
3390890
3390890
3390890
3390890
3390890
3390890
3390890
3390890
2581480
3306520
3423070
3439730
3440810
3440830
3440830
3440830
3440830
3440830
3440830
3440830
3440830
3440830
3440830
3440830
3440830
3440830
3440830
3440830
3440830
3440830
3440830
3440830
3440830
3440830
3440830
3440830
3440830
3440830
3440830
3440830
3440830
3440830
3440830
3440830
3440830
3440830
3440830
3440830
2632910
3290120
3376350
3383530
3383980
3383980
3383980
3383980
3383980
3383980
3383980
3383980
3383980
3383980
3383980
3383980
3383980
3383980
3383980
3383980
3383980
3383980
3383980
3383980
3383980
3383980
3383980
3383980
3383980
3383980
3383980
3383980
3383980
3383980
3383980
3383980
3383980
3383980
3383980
3383980
2599230
3235120
3311480
3316760
3316770
3316770
3316770
3316770
3316770
3316770
3316770
3316770
3316770
3316770
3316770
3316770
3316770
3316770
3316770
3316770
3316770
3316770
3316770
3316770
3316770
3316770
3316770
3316770
3316770
3316770
3316770
3316770
3316770
3316770
3316770
3316770
3316770
3316770
3316770
3316770
2566660
3260530
3361420
3374420
3376370
3376380
3376380
3376380
3376380
3376380
3376380
3376380
3376380
3376380
3376380
3376380
3376380
3376380
3376380
3376380
3376380
3376380
3376380
3376380
3376380
3376380
3376380
3376380
3376380
3376380
3376380
3376380
3376380
3376380
3376380
3376380
3376380
3376380
3376380
3376380
2634910
3318830
3417420
3425130
3425750
3425770
3425770
3425770
3425770
3425770
3425770
3425770
3425770
3425770
3425770
3425770
3425770
3425770
3425770
3425770
3425770
3425770
3425770
3425770
3425770
3425770
3425770
3425770
3425770
3425770
3425770
3425770
3425770
3425770
3425770
3425770
3425770
3425770
3425770
3425770
2653840
3303070
3383540
3391340
3391380
3391380
3391380
3391380
3391380
3391380
3391380
3391380
3391380
3391380
3391380
3391380
3391380
3391380
3391380
3391380
3391380
3391380
3391380
3391380
3391380
3391380
3391380
3391380
3391380
3391380
3391380
3391380
3391380
3391380
3391380
3391380
3391380
3391380
3391380
3391380
2687990
3392690
3490870
3498090
3498120
3498120
3498120
3498120
3498120
3498120
3498120
3498120
3498120
3498120
3498120
3498120
3498120
3498120
3498120
3498120
3498120
3498120
3498120
3498120
3498120
3498120
3498120
3498120
3498120
3498120
3498120
3498120
3498120
3498120
3498120
3498120
3498120
3498120
3498120
3498120
2749170
3412050
3494700
3496640
3496660
3496660
3496660
3496660
3496660
3496660
3496660
3496660
3496660
3496660
3496660
3496660
3496660
3496660
3496660
3496660
3496660
3496660
3496660
3496660
3496660
3496660
3496660
3496660
3496660
3496660
3496660
3496660
3496660
3496660
3496660
3496660
3496660
3496660
3496660
3496660
2660360
3320290
3407720
3414000
3414020
3414020
3414020
3414020
3414020
3414020
3414020
3414020
3414020
3414020
3414020
3414020
3414020
3414020
3414020
3414020
3414020
3414020
3414020
3414020
3414020
3414020
3414020
3414020
3414020
3414020
3414020
3414020
3414020
3414020
3414020
3414020
3414020
3414020
3414020
3414020
2663190
3309530
3390290
3395140
3395240
3395260
3395270
3395270
3395270
3395270
3395270
3395270
3395270
3395270
3395270
3395270
3395270
3395270
3395270
3395270
3395270
3395270
3395270
3395270
3395270
3395270
3395270
3395270
3395270
3395270
3395270
3395270
3395270
3395270
3395270
3395270
3395270
3395270
3395270
3395270
2640640
3316510
3405000
3408350
3408910
3408910
3408910
3408910
3408910
3408910
3408910
3408910
3408910
3408910
3408910
3408910
3408910
3408910
3408910
3408910
3408910
3408910
3408910
3408910
3408910
3408910
3408910
3408910
3408910
3408910
3408910
3408910
3408910
3408910
3408910
3408910
3408910
3408910
3408910
3408910
2601870
3293370
3378620
3383920
3383970
3383970
3383970
3383970
3383970
3383970
3383970
3383970
3383970
3383970
3383970
3383970
3383970
3383970
3383970
3383970
3383970
3383970
3383970
3383970
3383970
3383970
3383970
3383970
3383970
3383970
3383970
3383970
3383970
3383970
3383970
3383970
3383970
3383970
3383970
3383970
2676490
3377730
3476040
3486300
3486840
3486840
3486840
3486840
3486840
3486840
3486840
3486840
3486840
3486840
3486840
3486840
3486840
3486840
3486840
3486840
3486840
3486840
3486840
3486840
3486840
3486840
3486840
3486840
3486840
3486840
3486840
3486840
3486840
3486840
3486840
3486840
3486840
3486840
3486840
3486840
2701640
3379380
3460340
3466110
3466140
3466140
3466140
3466140
3466140
3466140
3466140
3466140
3466140
3466140
3466140
3466140
3466140
3466140
3466140
3466140
3466140
3466140
3466140
3466140
3466140
3466140
3466140
3466140
3466140
3466140
3466140
3466140
3466140
3466140
3466140
3466140
3466140
3466140
3466140
3466140
2577170
3230760
3307670
3313930
3313950
3313950
3313950
3313950
3313950
3313950
3313950
3313950
3313950
3313950
3313950
3313950
3313950
3313950
3313950
3313950
3313950
3313950
3313950
3313950
3313950
3313950
3313950
3313950
3313950
3313950
3313950
3313950
3313950
3313950
3313950
3313950
3313950
3313950
3313950
3313950
2653340
3371850
3475660
3485500
3486060
3486060
3486060
3486060
3486060
3486060
3486060
3486060
3486060
3486060
3486060
3486060
3486060
3486060
3486060
3486060
3486060
3486060
3486060
3486060
3486060
3486060
3486060
3486060
3486060
3486060
3486060
3486060
3486060
3486060
3486060
3486060
3486060
3486060
3486060
3486060
2713490
3356530
3424740
3429130
3429140
3429140
3429140
3429140
3429140
3429140
3429140
3429140
3429140
3429140
3429140
3429140
3429140
3429140
3429140
3429140
3429140
3429140
3429140
3429140
3429140
3429140
3429140
3429140
3429140
3429140
3429140
3429140
3429140
3429140
3429140
3429140
3429140
3429140
3429140
3429140
2667050
3344320
3425430
3431690
3433120
3433120
3433120
3433120
3433120
3433120
3433120
3433120
3433120
3433120
3433120
3433120
3433120
3433120
3433120
3433120
3433120
3433120
3433120
3433120
3433120
3433120
3433120
3433120
3433120
3433120
3433120
3433120
3433120
3433120
3433120
3433120
3433120
3433120
3433120
3433120
2651360
3322650
3412940
3423680
3424660
3424660
3424660
3424660
3424660
3424660
3424660
3424660
3424660
3424660
3424660
3424660
3424660
3424660
3424660
3424660
3424660
3424660
3424660
3424660
3424660
3424660
3424660
3424660
3424660
3424660
3424660
3424660
3424660
3424660
3424660
3424660
3424660
3424660
3424660
3424660
2716420
3376140
3455950
3466740
3466810
3466810
3466810
3466810
3466810
3466810
3466810
3466810
3466810
3466810
3466810
3466810
3466810
3466810
3466810
3466810
3466810
3466810
3466810
3466810
3466810
3466810
3466810
3466810
3466810
3466810
3466810
3466810
3466810
3466810
3466810
3466810
3466810
3466810
3466810
3466810
2684620
3383730
3484880
3491430
3491950
3491950
3491950
3491950
3491950
3491950
3491950
3491950
3491950
3491950
3491950
3491950
3491950
3491950
3491950
3491950
3491950
3491950
3491950
3491950
3491950
3491950
3491950
3491950
3491950
3491950
3491950
3491950
3491950
3491950
3491950
3491950
3491950
3491950
3491950
3491950
2640140
3313030
3393680
3400640
3400670
3400670
3400670
3400670
3400670
3400670
3400670
3400670
3400670
3400670
3400670
3400670
3400670
3400670
3400670
3400670
3400670
3400670
3400670
3400670
3400670
3400670
3400670
3400670
3400670
3400670
3400670
3400670
3400670
3400670
3400670
3400670
3400670
3400670
3400670
3400670
2608230
3320760
3407520
3414100
3414150
3414150
3414150
3414150
3414150
3414150
3414150
3414150
3414150
3414150
3414150
3414150
3414150
3414150
3414150
3414150
3414150
3414150
3414150
3414150
3414150
3414150
3414150
3414150
3414150
3414150
3414150
3414150
3414150
3414150
3414150
3414150
3414150
3414150
3414150
3414150
2652440
3278650
3351310
3355950
3355980
3355980
3355980
3355980
3355980
3355980
3355980
3355980
3355980
3355980
3355980
3355980
3355980
3355980
3355980
3355980
3355980
3355980
3355980
3355980
3355980
3355980
3355980
3355980
3355980
3355980
3355980
3355980
3355980
3355980
3355980
3355980
3355980
3355980
3355980
3355980
2714800
3374010
3456750
3465120
3465160
3465160
3465160
3465160
3465160
3465160
3465160
3465160
3465160
3465160
3465160
3465160
3465160
3465160
3465160
3465160
3465160
3465160
3465160
3465160
3465160
3465160
3465160
3465160
3465160
3465160
3465160
3465160
3465160
3465160
3465160
3465160
3465160
3465160
3465160
3465160
2685440
3370990
3457040
3461830
3461870
3461880
3461880
3461880
3461880
3461880
3461880
3461880
3461880
3461880
3461880
3461880
3461880
3461880
3461880
3461880
3461880
3461880
3461880
3461880
3461880
3461880
3461880
3461880
3461880
3461880
3461880
3461880
3461880
3461880
3461880
3461880
3461880
3461880
3461880
3461880
2655040
3310520
3383260
3385890
3385900
3385900
3385900
3385900
3385900
3385900
3385900
3385900
3385900
3385900
3385900
3385900
3385900
3385900
3385900
3385900
3385900
3385900
3385900
3385900
3385900
3385900
3385900
3385900
3385900
3385900
3385900
3385900
3385900
3385900
3385900
3385900
3385900
3385900
3385900
3385900
2676650
3345150
3433180
3440950
3441020
3441020
3441020
3441020
3441020
3441020
3441020
3441020
3441020
3441020
3441020
3441020
3441020
3441020
3441020
3441020
3441020
3441020
3441020
3441020
3441020
3441020
3441020
3441020
3441020
3441020
3441020
3441020
3441020
3441020
3441020
3441020
3441020
3441020
3441020
3441020
2620570
3285260
3366030
3371810
3371850
3371850
3371850
3371850
3371850
3371850
3371850
3371850
3371850
3371850
3371850
3371850
3371850
3371850
3371850
3371850
3371850
3371850
3371850
3371850
3371850
3371850
3371850
3371850
3371850
3371850
3371850
3371850
3371850
3371850
3371850
3371850
3371850
3371850
3371850
3371850
2656230
3361790
3446400
3450770
3450800
3450800
3450800
3450800
3450800
3450800
3450800
3450800
3450800
3450800
3450800
3450800
3450800
3450800
3450800
3450800
3450800
3450800
3450800
3450800
3450800
3450800
3450800
3450800
3450800
3450800
3450800
3450800
3450800
3450800
3450800
3450800
3450800
3450800
3450800
3450800
2704650
3383420
3464320
3471670
3472240
3472720
3472720
3472720
3472720
3472720
3472720
3472720
3472720
3472720
3472720
3472720
3472720
3472720
3472720
3472720
3472720
3472720
3472720
3472720
3472720
3472720
3472720
3472720
3472720
3472720
3472720
3472720
3472720
3472720
3472720
3472720
3472720
3472720
3472720
3472720
2724660
3410100
3502870
3510300
3510370
3510370
3510370
3510370
3510370
3510370
3510370
3510370
3510370
3510370
3510370
3510370
3510370
3510370
3510370
3510370
3510370
3510370
3510370
3510370
3510370
3510370
3510370
3510370
3510370
3510370
3510370
3510370
3510370
3510370
3510370
3510370
3510370
3510370
3510370
3510370
2670710
3311040
3394400
3400710
3401180
3401180
3401180
3401180
3401180
3401180
3401180
3401180
3401180
3401180
3401180
3401180
3401180
3401180
3401180
3401180
3401180
3401180
3401180
3401180
3401180
3401180
3401180
3401180
3401180
3401180
3401180
3401180
3401180
3401180
3401180
3401180
3401180
3401180
3401180
3401180
2602160
3316840
3426620
3434680
3434700
3434700
3434700
3434700
3434700
3434700
3434700
3434700
3434700
3434700
3434700
3434700
3434700
3434700
3434700
3434700
3434700
3434700
3434700
3434700
3434700
3434700
3434700
3434700
3434700
3434700
3434700
3434700
3434700
3434700
3434700
3434700
3434700
3434700
3434700
3434700
2652020
3323410
3395340
3399130
3399150
3399150
3399150
3399150
3399150
3399150
3399150
3399150
3399150
3399150
3399150
3399150
3399150
3399150
3399150
3399150
3399150
3399150
3399150
3399150
3399150
3399150
3399150
3399150
3399150
3399150
3399150
3399150
3399150
3399150
3399150
3399150
3399150
3399150
3399150
3399150
2636680
3275340
3346830
3351630
3352140
3352140
3352140
3352140
3352140
3352140
3352140
3352140
3352140
3352140
3352140
3352140
3352140
3352140
3352140
3352140
3352140
3352140
3352140
3352140
3352140
3352140
3352140
3352140
3352140
3352140
3352140
3352140
3352140
3352140
3352140
3352140
3352140
3352140
3352140
3352140
2653520
3318390
3404320
3412720
3413280
3413290
3413290
3413290
3413290
3413290
3413290
3413290
3413290
3413290
3413290
3413290
3413290
3413290
3413290
3413290
3413290
3413290
3413290
3413290
3413290
3413290
3413290
3413290
3413290
3413290
3413290
3413290
3413290
3413290
3413290
3413290
3413290
3413290
3413290
3413290
2702340
3375200
3460340
3466300
3467310
3467310
3467310
3467310
3467310
3467310
3467310
3467310
3467310
3467310
3467310
3467310
3467310
3467310
3467310
3467310
3467310
3467310
3467310
3467310
3467310
3467310
3467310
3467310
3467310
3467310
3467310
3467310
3467310
3467310
3467310
3467310
3467310
3467310
3467310
3467310
2636600
3283750
3383990
3393400
3393460
3393460
3393460
3393460
3393460
3393460
3393460
3393460
3393460
3393460
3393460
3393460
3393460
3393460
3393460
3393460
3393460
3393460
3393460
3393460
3393460
3393460
3393460
3393460
3393460
3393460
3393460
3393460
3393460
3393460
3393460
3393460
3393460
3393460
3393460
3393460
2693520
3374990
3451160
3456520
3456620
3456630
3456630
3456630
3456630
3456630
3456630
3456630
3456630
3456630
3456630
3456630
3456630
3456630
3456630
3456630
3456630
3456630
3456630
3456630
3456630
3456630
3456630
3456630
3456630
3456630
3456630
3456630
3456630
3456630
3456630
3456630
3456630
3456630
3456630
3456630
2603650
3282750
3386640
3397070
3397550
3397550
3397550
3397550
3397550
3397550
3397550
3397550
3397550
3397550
3397550
3397550
3397550
3397550
3397550
3397550
3397550
3397550
3397550
3397550
3397550
3397550
3397550
3397550
3397550
3397550
3397550
3397550
3397550
3397550
3397550
3397550
3397550
3397550
3397550
3397550
2599820
3220960
3304890
3312270
3312840
3312850
3312850
3312850
3312850
3312850
3312850
3312850
3312850
3312850
3312850
3312850
3312850
3312850
3312850
3312850
3312850
3312850
3312850
3312850
3312850
3312850
3312850
3312850
3312850
3312850
3312850
3312850
3312850
3312850
3312850
3312850
3312850
3312850
3312850
3312850
2641770
3296380
3384380
3391920
3392920
3392920
3392920
3392920
3392920
3392920
3392920
3392920
3392920
3392920
3392920
3392920
3392920
3392920
3392920
3392920
3392920
3392920
3392920
3392920
3392920
3392920
3392920
3392920
3392920
3392920
3392920
3392920
3392920
3392920
3392920
3392920
3392920
3392920
3392920
3392920
2671870
3400230
3510800
3523400
3524870
3524870
3524870
3524870
3524870
3524870
3524870
3524870
3524870
3524870
3524870
3524870
3524870
3524870
3524870
3524870
3524870
3524870
3524870
3524870
3524870
3524870
3524870
3524870
3524870
3524870
3524870
3524870
3524870
3524870
3524870
3524870
3524870
3524870
3524870
3524870
2680360
3360710
3461430
3470970
3471590
3471600
3471600
3471600
3471600
3471600
3471600
3471600
3471600
3471600
3471600
3471600
3471600
3471600
3471600
3471600
3471600
3471600
3471600
3471600
3471600
3471600
3471600
3471600
3471600
3471600
3471600
3471600
3471600
3471600
3471600
3471600
3471600
3471600
3471600
3471600
2608780
3271060
3354840
3361370
3361420
3361420
3361420
3361420
3361420
3361420
3361420
3361420
3361420
3361420
3361420
3361420
3361420
3361420
3361420
3361420
3361420
3361420
3361420
3361420
3361420
3361420
3361420
3361420
3361420
3361420
3361420
3361420
3361420
3361420
3361420
3361420
3361420
3361420
3361420
3361420
2751080
3444950
3541220
3551290
3551800
3552270
3552270
3552270
3552270
3552270
3552270
3552270
3552270
3552270
3552270
3552270
3552270
3552270
3552270
3552270
3552270
3552270
3552270
3552270
3552270
3552270
3552270
3552270
3552270
3552270
3552270
3552270
3552270
3552270
3552270
3552270
3552270
3552270
3552270
3552270
2723160
3444090
3543440
3551440
3552010
3552010
3552010
3552010
3552010
3552010
3552010
3552010
3552010
3552010
3552010
3552010
3552010
3552010
3552010
3552010
3552010
3552010
3552010
3552010
3552010
3552010
3552010
3552010
3552010
3552010
3552010
3552010
3552010
3552010
3552010
3552010
3552010
3552010
3552010
3552010
2651210
3374460
3472370
3482840
3483330
3483330
3483330
3483330
3483330
3483330
3483330
3483330
3483330
3483330
3483330
3483330
3483330
3483330
3483330
3483330
3483330
3483330
3483330
3483330
3483330
3483330
3483330
3483330
3483330
3483330
3483330
3483330
3483330
3483330
3483330
3483330
3483330
3483330
3483330
3483330
2619330
3260230
3339900
3345860
3345900
3345900
3345900
3345900
3345900
3345900
3345900
3345900
3345900
3345900
3345900
3345900
3345900
3345900
3345900
3345900
3345900
3345900
3345900
3345900
3345900
3345900
3345900
3345900
3345900
3345900
3345900
3345900
3345900
3345900
3345900
3345900
3345900
3345900
3345900
3345900
2634100
3252440
3333430
3338860
3338900
3338910
3338910
3338910
3338910
3338910
3338910
3338910
3338910
3338910
3338910
3338910
3338910
3338910
3338910
3338910
3338910
3338910
3338910
3338910
3338910
3338910
3338910
3338910
3338910
3338910
3338910
3338910
3338910
3338910
3338910
3338910
3338910
3338910
3338910
3338910
2681070
3333970
3401630
3405100
3405160
3405160
3405160
3405160
3405160
3405160
3405160
3405160
3405160
3405160
3405160
3405160
3405160
3405160
3405160
3405160
3405160
3405160
3405160
3405160
3405160
3405160
3405160
3405160
3405160
3405160
3405160
3405160
3405160
3405160
3405160
3405160
3405160
3405160
3405160
3405160
2641690
3281440
3364230
3368840
3369400
3369400
3369400
3369400
3369400
3369400
3369400
3369400
3369400
3369400
3369400
3369400
3369400
3369400
3369400
3369400
3369400
3369400
3369400
3369400
3369400
3369400
3369400
3369400
3369400
3369400
3369400
3369400
3369400
3369400
3369400
3369400
3369400
3369400
3369400
3369400
2686290
3404030
3516830
3534340
3536360
3536370
3536370
3536370
3536370
3536370
3536370
3536370
3536370
3536370
3536370
3536370
3536370
3536370
3536370
3536370
3536370
3536370
3536370
3536370
3536370
3536370
3536370
3536370
3536370
3536370
3536370
3536370
3536370
3536370
3536370
3536370
3536370
3536370
3536370
3536370
2663010
3347920
3447290
3455570
3455600
3455600
3455600
3455600
3455600
3455600
3455600
3455600
3455600
3455600
3455600
3455600
3455600
3455600
3455600
3455600
3455600
3455600
3455600
3455600
3455600
3455600
3455600
3455600
3455600
3455600
3455600
3455600
3455600
3455600
3455600
3455600
3455600
3455600
3455600
3455600
2654870
3370120
3483850
3495200
3495280
3495280
3495280
3495280
3495280
3495280
3495280
3495280
3495280
3495280
3495280
3495280
3495280
3495280
3495280
3495280
3495280
3495280
3495280
3495280
3495280
3495280
3495280
3495280
3495280
3495280
3495280
3495280
3495280
3495280
3495280
3495280
3495280
3495280
3495280
3495280
2644370
3307680
3401440
3408780
3409300
3409300
3409300
3409300
3409300
3409300
3409300
3409300
3409300
3409300
3409300
3409300
3409300
3409300
3409300
3409300
3409300
3409300
3409300
3409300
3409300
3409300
3409300
3409300
3409300
3409300
3409300
3409300
3409300
3409300
3409300
3409300
3409300
3409300
3409300
3409300
2614950
3270460
3368670
3376150
3376170
3376170
3376170
3376170
3376170
3376170
3376170
3376170
3376170
3376170
3376170
3376170
3376170
3376170
3376170
3376170
3376170
3376170
3376170
3376170
3376170
3376170
3376170
3376170
3376170
3376170
3376170
3376170
3376170
3376170
3376170
3376170
3376170
3376170
3376170
3376170
2728300
3420050
3502390
3507310
3507390
3507390
3507390
3507390
3507390
3507390
3507390
3507390
3507390
3507390
3507390
3507390
3507390
3507390
3507390
3507390
3507390
3507390
3507390
3507390
3507390
3507390
3507390
3507390
3507390
3507390
3507390
3507390
3507390
3507390
3507390
3507390
3507390
3507390
3507390
3507390
2660760
3334140
3426100
3434050
3434120
3434120
3434120
3434120
3434120
3434120
3434120
3434120
3434120
3434120
3434120
3434120
3434120
3434120
3434120
3434120
3434120
3434120
3434120
3434120
3434120
3434120
3434120
3434120
3434120
3434120
3434120
3434120
3434120
3434120
3434120
3434120
3434120
3434120
3434120
3434120
2665070
3333630
3420050
3424870
3425390
3425390
3425390
3425390
3425390
3425390
3425390
3425390
3425390
3425390
3425390
3425390
3425390
3425390
3425390
3425390
3425390
3425390
3425390
3425390
3425390
3425390
3425390
3425390
3425390
3425390
3425390
3425390
3425390
3425390
3425390
3425390
3425390
3425390
3425390
3425390
2626490
3310470
3409360
3421580
3422160
3422170
3422170
3422170
3422170
3422170
3422170
3422170
3422170
3422170
3422170
3422170
3422170
3422170
3422170
3422170
3422170
3422170
3422170
3422170
3422170
3422170
3422170
3422170
3422170
3422170
3422170
3422170
3422170
3422170
3422170
3422170
3422170
3422170
3422170
3422170
2602100
3245060
3335380
3342530
3342580
3342580
3342580
3342580
3342580
3342580
3342580
3342580
3342580
3342580
3342580
3342580
3342580
3342580
3342580
3342580
3342580
3342580
3342580
3342580
3342580
3342580
3342580
3342580
3342580
3342580
3342580
3342580
3342580
3342580
3342580
3342580
3342580
3342580
3342580
3342580
2616770
3332500
3436090
3445930
3446030
3446030
3446030
3446030
3446030
3446030
3446030
3446030
3446030
3446030
3446030
3446030
3446030
3446030
3446030
3446030
3446030
3446030
3446030
3446030
3446030
3446030
3446030
3446030
3446030
3446030
3446030
3446030
3446030
3446030
3446030
3446030
3446030
3446030
3446030
3446030
2532670
3255350
3362180
3370560
3370640
3370640
3370640
3370640
3370640
3370640
3370640
3370640
3370640
3370640
3370640
3370640
3370640
3370640
3370640
3370640
3370640
3370640
3370640
3370640
3370640
3370640
3370640
3370640
3370640
3370640
3370640
3370640
3370640
3370640
3370640
3370640
3370640
3370640
3370640
3370640
2679060
3317380
3386560
3391370
3391910
3391910
3391910
3391910
3391910
3391910
3391910
3391910
3391910
3391910
3391910
3391910
3391910
3391910
3391910
3391910
3391910
3391910
3391910
3391910
3391910
3391910
3391910
3391910
3391910
3391910
3391910
3391910
3391910
3391910
3391910
3391910
3391910
3391910
3391910
3391910
2567850
3267830
3363230
3371290
3371350
3371360
3371360
3371360
3371360
3371360
3371360
3371360
3371360
3371360
3371360
3371360
3371360
3371360
3371360
3371360
3371360
3371360
3371360
3371360
3371360
3371360
3371360
3371360
3371360
3371360
3371360
3371360
3371360
3371360
3371360
3371360
3371360
3371360
3371360
3371360
2616340
3262510
3355280
3360600
3360640
3360640
3360640
3360640
3360640
3360640
3360640
3360640
3360640
3360640
3360640
3360640
3360640
3360640
3360640
3360640
3360640
3360640
3360640
3360640
3360640
3360640
3360640
3360640
3360640
3360640
3360640
3360640
3360640
3360640
3360640
3360640
3360640
3360640
3360640
3360640
2664620
3367170
3464280
3472670
3472740
3472740
3472740
3472740
3472740
3472740
3472740
3472740
3472740
3472740
3472740
3472740
3472740
3472740
3472740
3472740
3472740
3472740
3472740
3472740
3472740
3472740
3472740
3472740
3472740
3472740
3472740
3472740
3472740
3472740
3472740
3472740
3472740
3472740
3472740
3472740
2643270
3350670
3453360
3461790
3461840
3461840
3461840
3461840
3461840
3461840
3461840
3461840
3461840
3461840
3461840
3461840
3461840
3461840
3461840
3461840
3461840
3461840
3461840
3461840
3461840
3461840
3461840
3461840
3461840
3461840
3461840
3461840
3461840
3461840
3461840
3461840
3461840
3461840
3461840
3461840
2719670
3367870
3446500
3455240
3455290
3455290
3455290
3455290
3455290
3455290
3455290
3455290
3455290
3455290
3455290
3455290
3455290
3455290
3455290
3455290
3455290
3455290
3455290
3455290
3455290
3455290
3455290
3455290
3455290
3455290
3455290
3455290
3455290
3455290
3455290
3455290
3455290
3455290
3455290
3455290
2678340
3361030
3446730
3451480
3451510
3451510
3451510
3451510
3451510
3451510
3451510
3451510
3451510
3451510
3451510
3451510
3451510
3451510
3451510
3451510
3451510
3451510
3451510
3451510
3451510
3451510
3451510
3451510
3451510
3451510
3451510
3451510
3451510
3451510
3451510
3451510
3451510
3451510
3451510
3451510
2702240
3347090
3422500
3430020
3430590
3430590
3430590
3430590
3430590
3430590
3430590
3430590
3430590
3430590
3430590
3430590
3430590
3430590
3430590
3430590
3430590
3430590
3430590
3430590
3430590
3430590
3430590
3430590
3430590
3430590
3430590
3430590
3430590
3430590
3430590
3430590
3430590
3430590
3430590
3430590
2660170
3360080
3463840
3472970
3473970
3473970
3473970
3473970
3473970
3473970
3473970
3473970
3473970
3473970
3473970
3473970
3473970
3473970
3473970
3473970
3473970
3473970
3473970
3473970
3473970
3473970
3473970
3473970
3473970
3473970
3473970
3473970
3473970
3473970
3473970
3473970
3473970
3473970
3473970
3473970
2610130
3285400
3384620
3396750
3398290
3398310
3398310
3398310
3398310
3398310
3398310
3398310
3398310
3398310
3398310
3398310
3398310
3398310
3398310
3398310
3398310
3398310
3398310
3398310
3398310
3398310
3398310
3398310
3398310
3398310
3398310
3398310
3398310
3398310
3398310
3398310
3398310
3398310
3398310
3398310
2555240
3206070
3279240
3285410
3285960
3285960
3285960
3285960
3285960
3285960
3285960
3285960
3285960
3285960
3285960
3285960
3285960
3285960
3285960
3285960
3285960
3285960
3285960
3285960
3285960
3285960
3285960
3285960
3285960
3285960
3285960
3285960
3285960
3285960
3285960
3285960
3285960
3285960
3285960
3285960
2693820
3379140
3467510
3476450
3476500
3476500
3476500
3476500
3476500
3476500
3476500
3476500
3476500
3476500
3476500
3476500
3476500
3476500
3476500
3476500
3476500
3476500
3476500
3476500
3476500
3476500
3476500
3476500
3476500
3476500
3476500
3476500
3476500
3476500
3476500
3476500
3476500
3476500
3476500
3476500
2648110
3357920
3459560
3468380
3468960
3468960
3468960
3468960
3468960
3468960
3468960
3468960
3468960
3468960
3468960
3468960
3468960
3468960
3468960
3468960
3468960
3468960
3468960
3468960
3468960
3468960
3468960
3468960
3468960
3468960
3468960
3468960
3468960
3468960
3468960
3468960
3468960
3468960
3468960
3468960
2641850
3354180
3457210
3464400
3465000
3465000
3465000
3465000
3465000
3465000
3465000
3465000
3465000
3465000
3465000
3465000
3465000
3465000
3465000
3465000
3465000
3465000
3465000
3465000
3465000
3465000
3465000
3465000
3465000
3465000
3465000
3465000
3465000
3465000
3465000
3465000
3465000
3465000
3465000
3465000
2649870
3324880
3429940
3442330
3442490
3442500
3442500
3442500
3442500
3442500
3442500
3442500
3442500
3442500
3442500
3442500
3442500
3442500
3442500
3442500
3442500
3442500
3442500
3442500
3442500
3442500
3442500
3442500
3442500
3442500
3442500
3442500
3442500
3442500
3442500
3442500
3442500
3442500
3442500
3442500
2664960
3344020
3435420
3442170
3442630
3442630
3442630
3442630
3442630
3442630
3442630
3442630
3442630
3442630
3442630
3442630
3442630
3442630
3442630
3442630
3442630
3442630
3442630
3442630
3442630
3442630
3442630
3442630
3442630
3442630
3442630
3442630
3442630
3442630
3442630
3442630
3442630
3442630
3442630
3442630
2601370
3245490
3339610
3345790
3345820
3345820
3345820
3345820
3345820
3345820
3345820
3345820
3345820
3345820
3345820
3345820
3345820
3345820
3345820
3345820
3345820
3345820
3345820
3345820
3345820
3345820
3345820
3345820
3345820
3345820
3345820
3345820
3345820
3345820
3345820
3345820
3345820
3345820
3345820
3345820
2614470
3314340
3416240
3426330
3427350
3427350
3427350
3427350
3427350
3427350
3427350
3427350
3427350
3427350
3427350
3427350
3427350
3427350
3427350
3427350
3427350
3427350
3427350
3427350
3427350
3427350
3427350
3427350
3427350
3427350
3427350
3427350
3427350
3427350
3427350
3427350
3427350
3427350
3427350
3427350
2611850
3296700
3399310
3410670
3410720
3410720
3410720
3410720
3410720
3410720
3410720
3410720
3410720
3410720
3410720
3410720
3410720
3410720
3410720
3410720
3410720
3410720
3410720
3410720
3410720
3410720
3410720
3410720
3410720
3410720
3410720
3410720
3410720
3410720
3410720
3410720
3410720
3410720
3410720
3410720
2609240
3309250
3409290
3416550
3417140
3417140
3417140
3417140
3417140
3417140
3417140
3417140
3417140
3417140
3417140
3417140
3417140
3417140
3417140
3417140
3417140
3417140
3417140
3417140
3417140
3417140
3417140
3417140
3417140
3417140
3417140
3417140
3417140
3417140
3417140
3417140
3417140
3417140
3417140
3417140
2749200
3457880
3546780
3555180
3555750
3555760
3555760
3555760
3555760
3555760
3555760
3555760
3555760
3555760
3555760
3555760
3555760
3555760
3555760
3555760
3555760
3555760
3555760
3555760
3555760
3555760
3555760
3555760
3555760
3555760
3555760
3555760
3555760
3555760
3555760
3555760
3555760
3555760
3555760
3555760
2679250
3368990
3438320
3442390
3442440
3442440
3442440
3442440
3442440
3442440
3442440
3442440
3442440
3442440
3442440
3442440
3442440
3442440
3442440
3442440
3442440
3442440
3442440
3442440
3442440
3442440
3442440
3442440
3442440
3442440
3442440
3442440
3442440
3442440
3442440
3442440
3442440
3442440
3442440
3442440
2668910
3387060
3479080
3486580
3486640
3486640
3486640
3486640
3486640
3486640
3486640
3486640
3486640
3486640
3486640
3486640
3486640
3486640
3486640
3486640
3486640
3486640
3486640
3486640
3486640
3486640
3486640
3486640
3486640
3486640
3486640
3486640
3486640
3486640
3486640
3486640
3486640
3486640
3486640
3486640
2657520
3328560
3415210
3418670
3418710
3418710
3418710
3418710
3418710
3418710
3418710
3418710
3418710
3418710
3418710
3418710
3418710
3418710
3418710
3418710
3418710
3418710
3418710
3418710
3418710
3418710
3418710
3418710
3418710
3418710
3418710
3418710
3418710
3418710
3418710
3418710
3418710
3418710
3418710
3418710
2679160
3367320
3461920
3469220
3469850
3469850
3469850
3469850
3469850
3469850
3469850
3469850
3469850
3469850
3469850
3469850
3469850
3469850
3469850
3469850
3469850
3469850
3469850
3469850
3469850
3469850
3469850
3469850
3469850
3469850
3469850
3469850
3469850
3469850
3469850
3469850
3469850
3469850
3469850
3469850
2619620
3274180
3358350
3362740
3362810
3362820
3362820
3362820
3362820
3362820
3362820
3362820
3362820
3362820
3362820
3362820
3362820
3362820
3362820
3362820
3362820
3362820
3362820
3362820
3362820
3362820
3362820
3362820
3362820
3362820
3362820
3362820
3362820
3362820
3362820
3362820
3362820
3362820
3362820
3362820
2647850
3341130
3437110
3448320
3448780
3448780
3448780
3448780
3448780
3448780
3448780
3448780
3448780
3448780
3448780
3448780
3448780
3448780
3448780
3448780
3448780
3448780
3448780
3448780
3448780
3448780
3448780
3448780
3448780
3448780
3448780
3448780
3448780
3448780
3448780
3448780
3448780
3448780
3448780
3448780
2656560
3358270
3463270
3475360
3476860
3476860
3476860
3476860
3476860
3476860
3476860
3476860
3476860
3476860
3476860
3476860
3476860
3476860
3476860
3476860
3476860
3476860
3476860
3476860
3476860
3476860
3476860
3476860
3476860
3476860
3476860
3476860
3476860
3476860
3476860
3476860
3476860
3476860
3476860
3476860
2633250
3313990
3404080
3408910
3408970
3408970
3408970
3408970
3408970
3408970
3408970
3408970
3408970
3408970
3408970
3408970
3408970
3408970
3408970
3408970
3408970
3408970
3408970
3408970
3408970
3408970
3408970
3408970
3408970
3408970
3408970
3408970
3408970
3408970
3408970
3408970
3408970
3408970
3408970
3408970
2656510
3339970
3414470
3417290
3417290
3417290
3417290
3417290
3417290
3417290
3417290
3417290
3417290
3417290
3417290
3417290
3417290
3417290
3417290
3417290
3417290
3417290
3417290
3417290
3417290
3417290
3417290
3417290
3417290
3417290
3417290
3417290
3417290
3417290
3417290
3417290
3417290
3417290
3417290
3417290
2664580
3283890
3359330
3363340
3363370
3363370
3363370
3363370
3363370
3363370
3363370
3363370
3363370
3363370
3363370
3363370
3363370
3363370
3363370
3363370
3363370
3363370
3363370
3363370
3363370
3363370
3363370
3363370
3363370
3363370
3363370
3363370
3363370
3363370
3363370
3363370
3363370
3363370
3363370
3363370
2652350
3390290
3503040
3509240
3509310
3509330
3509330
3509330
3509330
3509330
3509330
3509330
3509330
3509330
3509330
3509330
3509330
3509330
3509330
3509330
3509330
3509330
3509330
3509330
3509330
3509330
3509330
3509330
3509330
3509330
3509330
3509330
3509330
3509330
3509330
3509330
3509330
3509330
3509330
3509330
2664670
3315020
3390780
3397640
3398140
3398140
3398140
3398140
3398140
3398140
3398140
3398140
3398140
3398140
3398140
3398140
3398140
3398140
3398140
3398140
3398140
3398140
3398140
3398140
3398140
3398140
3398140
3398140
3398140
3398140
3398140
3398140
3398140
3398140
3398140
3398140
3398140
3398140
3398140
3398140
2645620
3264270
3334830
3342330
3342340
3342340
3342340
3342340
3342340
3342340
3342340
3342340
3342340
3342340
3342340
3342340
3342340
3342340
3342340
3342340
3342340
3342340
3342340
3342340
3342340
3342340
3342340
3342340
3342340
3342340
3342340
3342340
3342340
3342340
3342340
3342340
3342340
3342340
3342340
3342340
2790490
3496890
3589770
3598510
3599640
3599640
3599640
3599640
3599640
3599640
3599640
3599640
3599640
3599640
3599640
3599640
3599640
3599640
3599640
3599640
3599640
3599640
3599640
3599640
3599640
3599640
3599640
3599640
3599640
3599640
3599640
3599640
3599640
3599640
3599640
3599640
3599640
3599640
3599640
3599640
2691520
3373510
3473330
3482260
3482280
3482280
3482280
3482280
3482280
3482280
3482280
3482280
3482280
3482280
3482280
3482280
3482280
3482280
3482280
3482280
3482280
3482280
3482280
3482280
3482280
3482280
3482280
3482280
3482280
3482280
3482280
3482280
3482280
3482280
3482280
3482280
3482280
3482280
3482280
3482280
2577840
3279480
3381430
3390070
3390160
3390160
3390160
3390160
3390160
3390160
3390160
3390160
3390160
3390160
3390160
3390160
3390160
3390160
3390160
3390160
3390160
3390160
3390160
3390160
3390160
3390160
3390160
3390160
3390160
3390160
3390160
3390160
3390160
3390160
3390160
3390160
3390160
3390160
3390160
3390160
2646630
3332200
3423700
3433220
3433750
3433750
3433750
3433750
3433750
3433750
3433750
3433750
3433750
3433750
3433750
3433750
3433750
3433750
3433750
3433750
3433750
3433750
3433750
3433750
3433750
3433750
3433750
3433750
3433750
3433750
3433750
3433750
3433750
3433750
3433750
3433750
3433750
3433750
3433750
3433750
2635140
3269920
3339970
3343150
3343150
3343150
3343150
3343150
3343150
3343150
3343150
3343150
3343150
3343150
3343150
3343150
3343150
3343150
3343150
3343150
3343150
3343150
3343150
3343150
3343150
3343150
3343150
3343150
3343150
3343150
3343150
3343150
3343150
3343150
3343150
3343150
3343150
3343150
3343150
3343150
2571190
3292730
3415490
3423900
3423960
3423960
3423960
3423960
3423960
3423960
3423960
3423960
3423960
3423960
3423960
3423960
3423960
3423960
3423960
3423960
3423960
3423960
3423960
3423960
3423960
3423960
3423960
3423960
3423960
3423960
3423960
3423960
3423960
3423960
3423960
3423960
3423960
3423960
3423960
3423960
2628760
3316610
3417070
3424720
3424760
3424760
3424760
3424760
3424760
3424760
3424760
3424760
3424760
3424760
3424760
3424760
3424760
3424760
3424760
3424760
3424760
3424760
3424760
3424760
3424760
3424760
3424760
3424760
3424760
3424760
3424760
3424760
3424760
3424760
3424760
3424760
3424760
3424760
3424760
3424760
2669680
3359750
3452450
3458410
3458490
3458490
3458490
3458490
3458490
3458490
3458490
3458490
3458490
3458490
3458490
3458490
3458490
3458490
3458490
3458490
3458490
3458490
3458490
3458490
3458490
3458490
3458490
3458490
3458490
3458490
3458490
3458490
3458490
3458490
3458490
3458490
3458490
3458490
3458490
3458490
2671040
3328060
3410250
3417740
3418230
3418230
3418230
3418230
3418230
3418230
3418230
3418230
3418230
3418230
3418230
3418230
3418230
3418230
3418230
3418230
3418230
3418230
3418230
3418230
3418230
3418230
3418230
3418230
3418230
3418230
3418230
3418230
3418230
3418230
3418230
3418230
3418230
3418230
3418230
3418230
2648190
3328550
3427560
3435030
3435100
3435100
3435100
3435100
3435100
3435100
3435100
3435100
3435100
3435100
3435100
3435100
3435100
3435100
3435100
3435100
3435100
3435100
3435100
3435100
3435100
3435100
3435100
3435100
3435100
3435100
3435100
3435100
3435100
3435100
3435100
3435100
3435100
3435100
3435100
3435100
2733820
3419430
3517370
3527450
3528820
3528820
3528820
3528820
3528820
3528820
3528820
3528820
3528820
3528820
3528820
3528820
3528820
3528820
3528820
3528820
3528820
3528820
3528820
3528820
3528820
3528820
3528820
3528820
3528820
3528820
3528820
3528820
3528820
3528820
3528820
3528820
3528820
3528820
3528820
3528820
2645970
3325450
3420640
3432080
3433100
3433100
3433100
3433100
3433100
3433100
3433100
3433100
3433100
3433100
3433100
3433100
3433100
3433100
3433100
3433100
3433100
3433100
3433100
3433100
3433100
3433100
3433100
3433100
3433100
3433100
3433100
3433100
3433100
3433100
3433100
3433100
3433100
3433100
3433100
3433100
2726720
3404250
3478750
3484670
3485250
3485740
3485740
3485740
3485740
3485740
3485740
3485740
3485740
3485740
3485740
3485740
3485740
3485740
3485740
3485740
3485740
3485740
3485740
3485740
3485740
3485740
3485740
3485740
3485740
3485740
3485740
3485740
3485740
3485740
3485740
3485740
3485740
3485740
3485740
3485740
2627380
3327060
3420770
3428070
3428700
3428710
3428710
3428710
3428710
3428710
3428710
3428710
3428710
3428710
3428710
3428710
3428710
3428710
3428710
3428710
3428710
3428710
3428710
3428710
3428710
3428710
3428710
3428710
3428710
3428710
3428710
3428710
3428710
3428710
3428710
3428710
3428710
3428710
3428710
3428710
2741290
3436360
3528690
3537050
3537120
3537120
3537120
3537120
3537120
3537120
3537120
3537120
3537120
3537120
3537120
3537120
3537120
3537120
3537120
3537120
3537120
3537120
3537120
3537120
3537120
3537120
3537120
3537120
3537120
3537120
3537120
3537120
3537120
3537120
3537120
3537120
3537120
3537120
3537120
3537120
2718660
3382760
3459620
3463880
3464440
3464440
3464440
3464440
3464440
3464440
3464440
3464440
3464440
3464440
3464440
3464440
3464440
3464440
3464440
3464440
3464440
3464440
3464440
3464440
3464440
3464440
3464440
3464440
3464440
3464440
3464440
3464440
3464440
3464440
3464440
3464440
3464440
3464440
3464440
3464440
2625590
3271680
3356760
3362210
3362260
3362260
3362260
3362260
3362260
3362260
3362260
3362260
3362260
3362260
3362260
3362260
3362260
3362260
3362260
3362260
3362260
3362260
3362260
3362260
3362260
3362260
3362260
3362260
3362260
3362260
3362260
3362260
3362260
3362260
3362260
3362260
3362260
3362260
3362260
3362260
2637740
3300040
3392820
3400100
3400150
3400160
3400160
3400160
3400160
3400160
3400160
3400160
3400160
3400160
3400160
3400160
3400160
3400160
3400160
3400160
3400160
3400160
3400160
3400160
3400160
3400160
3400160
3400160
3400160
3400160
3400160
3400160
3400160
3400160
3400160
3400160
3400160
3400160
3400160
3400160
2703760
3383590
3481440
3494330
3495870
3495890
3495890
3495890
3495890
3495890
3495890
3495890
3495890
3495890
3495890
3495890
3495890
3495890
3495890
3495890
3495890
3495890
3495890
3495890
3495890
3495890
3495890
3495890
3495890
3495890
3495890
3495890
3495890
3495890
3495890
3495890
3495890
3495890
3495890
3495890
2643010
3323430
3423670
3434990
3435610
3435630
3435630
3435630
3435630
3435630
3435630
3435630
3435630
3435630
3435630
3435630
3435630
3435630
3435630
3435630
3435630
3435630
3435630
3435630
3435630
3435630
3435630
3435630
3435630
3435630
3435630
3435630
3435630
3435630
3435630
3435630
3435630
3435630
3435630
3435630
2621490
3316240
3422170
3429970
3430490
3430490
3430490
3430490
3430490
3430490
3430490
3430490
3430490
3430490
3430490
3430490
3430490
3430490
3430490
3430490
3430490
3430490
3430490
3430490
3430490
3430490
3430490
3430490
3430490
3430490
3430490
3430490
3430490
3430490
3430490
3430490
3430490
3430490
3430490
3430490
2590670
3195790
3264830
3271970
3272050
3272050
3272050
3272050
3272050
3272050
3272050
3272050
3272050
3272050
3272050
3272050
3272050
3272050
3272050
3272050
3272050
3272050
3272050
3272050
3272050
3272050
3272050
3272050
3272050
3272050
3272050
3272050
3272050
3272050
3272050
3272050
3272050
3272050
3272050
3272050
2678220
3380390
3485310
3495370
3495460
3495470
3495480
3495480
3495480
3495480
3495480
3495480
3495480
3495480
3495480
3495480
3495480
3495480
3495480
3495480
3495480
3495480
3495480
3495480
3495480
3495480
3495480
3495480
3495480
3495480
3495480
3495480
3495480
3495480
3495480
3495480
3495480
3495480
3495480
3495480
2744310
3424940
3508780
3513880
3513970
3513990
3513990
3513990
3513990
3513990
3513990
3513990
3513990
3513990
3513990
3513990
3513990
3513990
3513990
3513990
3513990
3513990
3513990
3513990
3513990
3513990
3513990
3513990
3513990
3513990
3513990
3513990
3513990
3513990
3513990
3513990
3513990
3513990
3513990
3513990
2665070
3385320
3500880
3513270
3514390
3514400
3514400
3514400
3514400
3514400
3514400
3514400
3514400
3514400
3514400
3514400
3514400
3514400
3514400
3514400
3514400
3514400
3514400
3514400
3514400
3514400
3514400
3514400
3514400
3514400
3514400
3514400
3514400
3514400
3514400
3514400
3514400
3514400
3514400
3514400
2637330
3310180
3410680
3416750
3416800
3416800
3416800
3416800
3416800
3416800
3416800
3416800
3416800
3416800
3416800
3416800
3416800
3416800
3416800
3416800
3416800
3416800
3416800
3416800
3416800
3416800
3416800
3416800
3416800
3416800
3416800
3416800
3416800
3416800
3416800
3416800
3416800
3416800
3416800
3416800
2696970
3387690
3484480
3494140
3495170
3495170
3495170
3495170
3495170
3495170
3495170
3495170
3495170
3495170
3495170
3495170
3495170
3495170
3495170
3495170
3495170
3495170
3495170
3495170
3495170
3495170
3495170
3495170
3495170
3495170
3495170
3495170
3495170
3495170
3495170
3495170
3495170
3495170
3495170
3495170
2590610
3221760
3301300
3305300
3305330
3305330
3305330
3305330
3305330
3305330
3305330
3305330
3305330
3305330
3305330
3305330
3305330
3305330
3305330
3305330
3305330
3305330
3305330
3305330
3305330
3305330
3305330
3305330
3305330
3305330
3305330
3305330
3305330
3305330
3305330
3305330
3305330
3305330
3305330
3305330
2604560
3245350
3317640
3320940
3320960
3320960
3320960
3320960
3320960
3320960
3320960
3320960
3320960
3320960
3320960
3320960
3320960
3320960
3320960
3320960
3320960
3320960
3320960
3320960
3320960
3320960
3320960
3320960
3320960
3320960
3320960
3320960
3320960
3320960
3320960
3320960
3320960
3320960
3320960
3320960
2629180
3342820
3438780
3447870
3449800
3449800
3449800
3449800
3449800
3449800
3449800
3449800
3449800
3449800
3449800
3449800
3449800
3449800
3449800
3449800
3449800
3449800
3449800
3449800
3449800
3449800
3449800
3449800
3449800
3449800
3449800
3449800
3449800
3449800
3449800
3449800
3449800
3449800
3449800
3449800
2627980
3320040
3414220
3422300
3422330
3422330
3422330
3422330
3422330
3422330
3422330
3422330
3422330
3422330
3422330
3422330
3422330
3422330
3422330
3422330
3422330
3422330
3422330
3422330
3422330
3422330
3422330
3422330
3422330
3422330
3422330
3422330
3422330
3422330
3422330
3422330
3422330
3422330
3422330
3422330
2630960
3332530
3424530
3434950
3435460
3435460
3435460
3435460
3435460
3435460
3435460
3435460
3435460
3435460
3435460
3435460
3435460
3435460
3435460
3435460
3435460
3435460
3435460
3435460
3435460
3435460
3435460
3435460
3435460
3435460
3435460
3435460
3435460
3435460
3435460
3435460
3435460
3435460
3435460
3435460
2632140
3250560
3321980
3325830
3325860
3325860
3325860
3325860
3325860
3325860
3325860
3325860
3325860
3325860
3325860
3325860
3325860
3325860
3325860
3325860
3325860
3325860
3325860
3325860
3325860
3325860
3325860
3325860
3325860
3325860
3325860
3325860
3325860
3325860
3325860
3325860
3325860
3325860
3325860
3325860
2637330
3295720
3372040
3377160
3377190
3377190
3377190
3377190
3377190
3377190
3377190
3377190
3377190
3377190
3377190
3377190
3377190
3377190
3377190
3377190
3377190
3377190
3377190
3377190
3377190
3377190
3377190
3377190
3377190
3377190
3377190
3377190
3377190
3377190
3377190
3377190
3377190
3377190
3377190
3377190
2670860
3360700
3439970
3446700
3446730
3446730
3446730
3446730
3446730
3446730
3446730
3446730
3446730
3446730
3446730
3446730
3446730
3446730
3446730
3446730
3446730
3446730
3446730
3446730
3446730
3446730
3446730
3446730
3446730
3446730
3446730
3446730
3446730
3446730
3446730
3446730
3446730
3446730
3446730
3446730
2614180
3321280
3426450
3436970
3437000
3437000
3437000
3437000
3437000
3437000
3437000
3437000
3437000
3437000
3437000
3437000
3437000
3437000
3437000
3437000
3437000
3437000
3437000
3437000
3437000
3437000
3437000
3437000
3437000
3437000
3437000
3437000
3437000
3437000
3437000
3437000
3437000
3437000
3437000
3437000
2603130
3236660
3319350
3326060
3326090
3326090
3326090
3326090
3326090
3326090
3326090
3326090
3326090
3326090
3326090
3326090
3326090
3326090
3326090
3326090
3326090
3326090
3326090
3326090
3326090
3326090
3326090
3326090
3326090
3326090
3326090
3326090
3326090
3326090
3326090
3326090
3326090
3326090
3326090
3326090
2698280
3335690
3420270
3423810
3423840
3423840
3423840
3423840
3423840
3423840
3423840
3423840
3423840
3423840
3423840
3423840
3423840
3423840
3423840
3423840
3423840
3423840
3423840
3423840
3423840
3423840
3423840
3423840
3423840
3423840
3423840
3423840
3423840
3423840
3423840
3423840
3423840
3423840
3423840
3423840
2681530
3368130
3452140
3457160
3457190
3457190
3457190
3457190
3457190
3457190
3457190
3457190
3457190
3457190
3457190
3457190
3457190
3457190
3457190
3457190
3457190
3457190
3457190
3457190
3457190
3457190
3457190
3457190
3457190
3457190
3457190
3457190
3457190
3457190
3457190
3457190
3457190
3457190
3457190
3457190
