12522.0
17093.0
18291.0
18483.0
18489.0
18489.0
18489.0
18489.0
18489.0
18489.0
18489.0
18489.0
18489.0
18489.0
18489.0
18489.0
18489.0
18489.0
18489.0
18489.0
18489.0
18489.0
18489.0
18489.0
18489.0
18489.0
18489.0
18489.0
18489.0
18489.0
18489.0
18489.0
18489.0
18489.0
18489.0
18489.0
18489.0
18489.0
18489.0
18489.0
12603.0
16976.0
18049.0
18180.0
18195.0
18195.0
18195.0
18195.0
18195.0
18195.0
18195.0
18195.0
18195.0
18195.0
18195.0
18195.0
18195.0
18195.0
18195.0
18195.0
18195.0
18195.0
18195.0
18195.0
18195.0
18195.0
18195.0
18195.0
18195.0
18195.0
18195.0
18195.0
18195.0
18195.0
18195.0
18195.0
18195.0
18195.0
18195.0
18195.0
12526.0
17047.0
18242.0
18405.0
18411.0
18411.0
18411.0
18411.0
18411.0
18411.0
18411.0
18411.0
18411.0
18411.0
18411.0
18411.0
18411.0
18411.0
18411.0
18411.0
18411.0
18411.0
18411.0
18411.0
18411.0
18411.0
18411.0
18411.0
18411.0
18411.0
18411.0
18411.0
18411.0
18411.0
18411.0
18411.0
18411.0
18411.0
18411.0
18411.0
12502.0
16767.0
17764.0
17864.0
17870.0
17870.0
17870.0
17870.0
17870.0
17870.0
17870.0
17870.0
17870.0
17870.0
17870.0
17870.0
17870.0
17870.0
17870.0
17870.0
17870.0
17870.0
17870.0
17870.0
17870.0
17870.0
17870.0
17870.0
17870.0
17870.0
17870.0
17870.0
17870.0
17870.0
17870.0
17870.0
17870.0
17870.0
17870.0
17870.0
12395.0
17058.0
18261.0
18424.0
18440.0
18441.0
18441.0
18441.0
18441.0
18441.0
18441.0
18441.0
18441.0
18441.0
18441.0
18441.0
18441.0
18441.0
18441.0
18441.0
18441.0
18441.0
18441.0
18441.0
18441.0
18441.0
18441.0
18441.0
18441.0
18441.0
18441.0
18441.0
18441.0
18441.0
18441.0
18441.0
18441.0
18441.0
18441.0
18441.0
12756.0
17025.0
17989.0
18066.0
18072.0
18072.0
18072.0
18072.0
18072.0
18072.0
18072.0
18072.0
18072.0
18072.0
18072.0
18072.0
18072.0
18072.0
18072.0
18072.0
18072.0
18072.0
18072.0
18072.0
18072.0
18072.0
18072.0
18072.0
18072.0
18072.0
18072.0
18072.0
18072.0
18072.0
18072.0
18072.0
18072.0
18072.0
18072.0
18072.0
12387.0
16775.0
17836.0
18018.0
18040.0
18041.0
18041.0
18041.0
18041.0
18041.0
18041.0
18041.0
18041.0
18041.0
18041.0
18041.0
18041.0
18041.0
18041.0
18041.0
18041.0
18041.0
18041.0
18041.0
18041.0
18041.0
18041.0
18041.0
18041.0
18041.0
18041.0
18041.0
18041.0
18041.0
18041.0
18041.0
18041.0
18041.0
18041.0
18041.0
12934.0
17507.0
18649.0
18748.0
18751.0
18751.0
18751.0
18751.0
18751.0
18751.0
18751.0
18751.0
18751.0
18751.0
18751.0
18751.0
18751.0
18751.0
18751.0
18751.0
18751.0
18751.0
18751.0
18751.0
18751.0
18751.0
18751.0
18751.0
18751.0
18751.0
18751.0
18751.0
18751.0
18751.0
18751.0
18751.0
18751.0
18751.0
18751.0
18751.0
12531.0
17083.0
18133.0
18297.0
18302.0
18302.0
18302.0
18302.0
18302.0
18302.0
18302.0
18302.0
18302.0
18302.0
18302.0
18302.0
18302.0
18302.0
18302.0
18302.0
18302.0
18302.0
18302.0
18302.0
18302.0
18302.0
18302.0
18302.0
18302.0
18302.0
18302.0
18302.0
18302.0
18302.0
18302.0
18302.0
18302.0
18302.0
18302.0
18302.0
12480.0
17031.0
18188.0
18325.0
18337.0
18338.0
18338.0
18338.0
18338.0
18338.0
18338.0
18338.0
18338.0
18338.0
18338.0
18338.0
18338.0
18338.0
18338.0
18338.0
18338.0
18338.0
18338.0
18338.0
18338.0
18338.0
18338.0
18338.0
18338.0
18338.0
18338.0
18338.0
18338.0
18338.0
18338.0
18338.0
18338.0
18338.0
18338.0
18338.0
12864.0
17326.0
18255.0
18352.0
18358.0
18358.0
18358.0
18358.0
18358.0
18358.0
18358.0
18358.0
18358.0
18358.0
18358.0
18358.0
18358.0
18358.0
18358.0
18358.0
18358.0
18358.0
18358.0
18358.0
18358.0
18358.0
18358.0
18358.0
18358.0
18358.0
18358.0
18358.0
18358.0
18358.0
18358.0
18358.0
18358.0
18358.0
18358.0
18358.0
12444.0
17161.0
18466.0
18646.0
18667.0
18667.0
18667.0
18667.0
18667.0
18667.0
18667.0
18667.0
18667.0
18667.0
18667.0
18667.0
18667.0
18667.0
18667.0
18667.0
18667.0
18667.0
18667.0
18667.0
18667.0
18667.0
18667.0
18667.0
18667.0
18667.0
18667.0
18667.0
18667.0
18667.0
18667.0
18667.0
18667.0
18667.0
18667.0
18667.0
12367.0
16747.0
17803.0
17948.0
17950.0
17950.0
17950.0
17950.0
17950.0
17950.0
17950.0
17950.0
17950.0
17950.0
17950.0
17950.0
17950.0
17950.0
17950.0
17950.0
17950.0
17950.0
17950.0
17950.0
17950.0
17950.0
17950.0
17950.0
17950.0
17950.0
17950.0
17950.0
17950.0
17950.0
17950.0
17950.0
17950.0
17950.0
17950.0
17950.0
12552.0
16992.0
18123.0
18288.0
18311.0
18319.0
18320.0
18320.0
18320.0
18320.0
18320.0
18320.0
18320.0
18320.0
18320.0
18320.0
18320.0
18320.0
18320.0
18320.0
18320.0
18320.0
18320.0
18320.0
18320.0
18320.0
18320.0
18320.0
18320.0
18320.0
18320.0
18320.0
18320.0
18320.0
18320.0
18320.0
18320.0
18320.0
18320.0
18320.0
12252.0
16685.0
17777.0
17922.0
17929.0
17929.0
17929.0
17929.0
17929.0
17929.0
17929.0
17929.0
17929.0
17929.0
17929.0
17929.0
17929.0
17929.0
17929.0
17929.0
17929.0
17929.0
17929.0
17929.0
17929.0
17929.0
17929.0
17929.0
17929.0
17929.0
17929.0
17929.0
17929.0
17929.0
17929.0
17929.0
17929.0
17929.0
17929.0
17929.0
12206.0
16909.0
18249.0
18424.0
18437.0
18437.0
18437.0
18437.0
18437.0
18437.0
18437.0
18437.0
18437.0
18437.0
18437.0
18437.0
18437.0
18437.0
18437.0
18437.0
18437.0
18437.0
18437.0
18437.0
18437.0
18437.0
18437.0
18437.0
18437.0
18437.0
18437.0
18437.0
18437.0
18437.0
18437.0
18437.0
18437.0
18437.0
18437.0
18437.0
12173.0
16700.0
17793.0
17905.0
17907.0
17907.0
17907.0
17907.0
17907.0
17907.0
17907.0
17907.0
17907.0
17907.0
17907.0
17907.0
17907.0
17907.0
17907.0
17907.0
17907.0
17907.0
17907.0
17907.0
17907.0
17907.0
17907.0
17907.0
17907.0
17907.0
17907.0
17907.0
17907.0
17907.0
17907.0
17907.0
17907.0
17907.0
17907.0
17907.0
12503.0
17215.0
18477.0
18634.0
18636.0
18636.0
18636.0
18636.0
18636.0
18636.0
18636.0
18636.0
18636.0
18636.0
18636.0
18636.0
18636.0
18636.0
18636.0
18636.0
18636.0
18636.0
18636.0
18636.0
18636.0
18636.0
18636.0
18636.0
18636.0
18636.0
18636.0
18636.0
18636.0
18636.0
18636.0
18636.0
18636.0
18636.0
18636.0
18636.0
12457.0
17056.0
18217.0
18376.0
18384.0
18384.0
18384.0
18384.0
18384.0
18384.0
18384.0
18384.0
18384.0
18384.0
18384.0
18384.0
18384.0
18384.0
18384.0
18384.0
18384.0
18384.0
18384.0
18384.0
18384.0
18384.0
18384.0
18384.0
18384.0
18384.0
18384.0
18384.0
18384.0
18384.0
18384.0
18384.0
18384.0
18384.0
18384.0
18384.0
12396.0
16821.0
17892.0
18023.0
18027.0
18027.0
18027.0
18027.0
18027.0
18027.0
18027.0
18027.0
18027.0
18027.0
18027.0
18027.0
18027.0
18027.0
18027.0
18027.0
18027.0
18027.0
18027.0
18027.0
18027.0
18027.0
18027.0
18027.0
18027.0
18027.0
18027.0
18027.0
18027.0
18027.0
18027.0
18027.0
18027.0
18027.0
18027.0
18027.0
12584.0
17084.0
18241.0
18379.0
18384.0
18384.0
18384.0
18384.0
18384.0
18384.0
18384.0
18384.0
18384.0
18384.0
18384.0
18384.0
18384.0
18384.0
18384.0
18384.0
18384.0
18384.0
18384.0
18384.0
18384.0
18384.0
18384.0
18384.0
18384.0
18384.0
18384.0
18384.0
18384.0
18384.0
18384.0
18384.0
18384.0
18384.0
18384.0
18384.0
12299.0
16720.0
17738.0
17854.0
17863.0
17863.0
17863.0
17863.0
17863.0
17863.0
17863.0
17863.0
17863.0
17863.0
17863.0
17863.0
17863.0
17863.0
17863.0
17863.0
17863.0
17863.0
17863.0
17863.0
17863.0
17863.0
17863.0
17863.0
17863.0
17863.0
17863.0
17863.0
17863.0
17863.0
17863.0
17863.0
17863.0
17863.0
17863.0
17863.0
12536.0
17146.0
18358.0
18501.0
18503.0
18503.0
18503.0
18503.0
18503.0
18503.0
18503.0
18503.0
18503.0
18503.0
18503.0
18503.0
18503.0
18503.0
18503.0
18503.0
18503.0
18503.0
18503.0
18503.0
18503.0
18503.0
18503.0
18503.0
18503.0
18503.0
18503.0
18503.0
18503.0
18503.0
18503.0
18503.0
18503.0
18503.0
18503.0
18503.0
12533.0
17187.0
18283.0
18404.0
18408.0
18408.0
18408.0
18408.0
18408.0
18408.0
18408.0
18408.0
18408.0
18408.0
18408.0
18408.0
18408.0
18408.0
18408.0
18408.0
18408.0
18408.0
18408.0
18408.0
18408.0
18408.0
18408.0
18408.0
18408.0
18408.0
18408.0
18408.0
18408.0
18408.0
18408.0
18408.0
18408.0
18408.0
18408.0
18408.0
12577.0
17147.0
18298.0
18449.0
18460.0
18460.0
18460.0
18460.0
18460.0
18460.0
18460.0
18460.0
18460.0
18460.0
18460.0
18460.0
18460.0
18460.0
18460.0
18460.0
18460.0
18460.0
18460.0
18460.0
18460.0
18460.0
18460.0
18460.0
18460.0
18460.0
18460.0
18460.0
18460.0
18460.0
18460.0
18460.0
18460.0
18460.0
18460.0
18460.0
12381.0
16665.0
17629.0
17732.0
17741.0
17742.0
17742.0
17742.0
17742.0
17742.0
17742.0
17742.0
17742.0
17742.0
17742.0
17742.0
17742.0
17742.0
17742.0
17742.0
17742.0
17742.0
17742.0
17742.0
17742.0
17742.0
17742.0
17742.0
17742.0
17742.0
17742.0
17742.0
17742.0
17742.0
17742.0
17742.0
17742.0
17742.0
17742.0
17742.0
12240.0
16919.0
18112.0
18290.0
18296.0
18297.0
18297.0
18297.0
18297.0
18297.0
18297.0
18297.0
18297.0
18297.0
18297.0
18297.0
18297.0
18297.0
18297.0
18297.0
18297.0
18297.0
18297.0
18297.0
18297.0
18297.0
18297.0
18297.0
18297.0
18297.0
18297.0
18297.0
18297.0
18297.0
18297.0
18297.0
18297.0
18297.0
18297.0
18297.0
12311.0
16751.0
17866.0
17961.0
17964.0
17964.0
17964.0
17964.0
17964.0
17964.0
17964.0
17964.0
17964.0
17964.0
17964.0
17964.0
17964.0
17964.0
17964.0
17964.0
17964.0
17964.0
17964.0
17964.0
17964.0
17964.0
17964.0
17964.0
17964.0
17964.0
17964.0
17964.0
17964.0
17964.0
17964.0
17964.0
17964.0
17964.0
17964.0
17964.0
12330.0
16785.0
17848.0
17998.0
18005.0
18006.0
18006.0
18006.0
18006.0
18006.0
18006.0
18006.0
18006.0
18006.0
18006.0
18006.0
18006.0
18006.0
18006.0
18006.0
18006.0
18006.0
18006.0
18006.0
18006.0
18006.0
18006.0
18006.0
18006.0
18006.0
18006.0
18006.0
18006.0
18006.0
18006.0
18006.0
18006.0
18006.0
18006.0
18006.0
12478.0
16905.0
17829.0
17934.0
17943.0
17943.0
17943.0
17943.0
17943.0
17943.0
17943.0
17943.0
17943.0
17943.0
17943.0
17943.0
17943.0
17943.0
17943.0
17943.0
17943.0
17943.0
17943.0
17943.0
17943.0
17943.0
17943.0
17943.0
17943.0
17943.0
17943.0
17943.0
17943.0
17943.0
17943.0
17943.0
17943.0
17943.0
17943.0
17943.0
12461.0
16791.0
17862.0
17971.0
17975.0
17975.0
17975.0
17975.0
17975.0
17975.0
17975.0
17975.0
17975.0
17975.0
17975.0
17975.0
17975.0
17975.0
17975.0
17975.0
17975.0
17975.0
17975.0
17975.0
17975.0
17975.0
17975.0
17975.0
17975.0
17975.0
17975.0
17975.0
17975.0
17975.0
17975.0
17975.0
17975.0
17975.0
17975.0
17975.0
12520.0
16852.0
18019.0
18182.0
18187.0
18187.0
18187.0
18187.0
18187.0
18187.0
18187.0
18187.0
18187.0
18187.0
18187.0
18187.0
18187.0
18187.0
18187.0
18187.0
18187.0
18187.0
18187.0
18187.0
18187.0
18187.0
18187.0
18187.0
18187.0
18187.0
18187.0
18187.0
18187.0
18187.0
18187.0
18187.0
18187.0
18187.0
18187.0
18187.0
12658.0
17310.0
18428.0
18558.0
18568.0
18568.0
18568.0
18568.0
18568.0
18568.0
18568.0
18568.0
18568.0
18568.0
18568.0
18568.0
18568.0
18568.0
18568.0
18568.0
18568.0
18568.0
18568.0
18568.0
18568.0
18568.0
18568.0
18568.0
18568.0
18568.0
18568.0
18568.0
18568.0
18568.0
18568.0
18568.0
18568.0
18568.0
18568.0
18568.0
12467.0
16807.0
17858.0
17967.0
17973.0
17973.0
17973.0
17973.0
17973.0
17973.0
17973.0
17973.0
17973.0
17973.0
17973.0
17973.0
17973.0
17973.0
17973.0
17973.0
17973.0
17973.0
17973.0
17973.0
17973.0
17973.0
17973.0
17973.0
17973.0
17973.0
17973.0
17973.0
17973.0
17973.0
17973.0
17973.0
17973.0
17973.0
17973.0
17973.0
12611.0
16930.0
17914.0
18003.0
18014.0
18014.0
18014.0
18014.0
18014.0
18014.0
18014.0
18014.0
18014.0
18014.0
18014.0
18014.0
18014.0
18014.0
18014.0
18014.0
18014.0
18014.0
18014.0
18014.0
18014.0
18014.0
18014.0
18014.0
18014.0
18014.0
18014.0
18014.0
18014.0
18014.0
18014.0
18014.0
18014.0
18014.0
18014.0
18014.0
12446.0
17020.0
18127.0
18282.0
18287.0
18287.0
18287.0
18287.0
18287.0
18287.0
18287.0
18287.0
18287.0
18287.0
18287.0
18287.0
18287.0
18287.0
18287.0
18287.0
18287.0
18287.0
18287.0
18287.0
18287.0
18287.0
18287.0
18287.0
18287.0
18287.0
18287.0
18287.0
18287.0
18287.0
18287.0
18287.0
18287.0
18287.0
18287.0
18287.0
12569.0
17087.0
18140.0
18249.0
18254.0
18254.0
18254.0
18254.0
18254.0
18254.0
18254.0
18254.0
18254.0
18254.0
18254.0
18254.0
18254.0
18254.0
18254.0
18254.0
18254.0
18254.0
18254.0
18254.0
18254.0
18254.0
18254.0
18254.0
18254.0
18254.0
18254.0
18254.0
18254.0
18254.0
18254.0
18254.0
18254.0
18254.0
18254.0
18254.0
12552.0
17030.0
18173.0
18328.0
18333.0
18333.0
18333.0
18333.0
18333.0
18333.0
18333.0
18333.0
18333.0
18333.0
18333.0
18333.0
18333.0
18333.0
18333.0
18333.0
18333.0
18333.0
18333.0
18333.0
18333.0
18333.0
18333.0
18333.0
18333.0
18333.0
18333.0
18333.0
18333.0
18333.0
18333.0
18333.0
18333.0
18333.0
18333.0
18333.0
12415.0
16971.0
18063.0
18198.0
18212.0
18213.0
18213.0
18213.0
18213.0
18213.0
18213.0
18213.0
18213.0
18213.0
18213.0
18213.0
18213.0
18213.0
18213.0
18213.0
18213.0
18213.0
18213.0
18213.0
18213.0
18213.0
18213.0
18213.0
18213.0
18213.0
18213.0
18213.0
18213.0
18213.0
18213.0
18213.0
18213.0
18213.0
18213.0
18213.0
12771.0
17120.0
18096.0
18188.0
18191.0
18192.0
18192.0
18192.0
18192.0
18192.0
18192.0
18192.0
18192.0
18192.0
18192.0
18192.0
18192.0
18192.0
18192.0
18192.0
18192.0
18192.0
18192.0
18192.0
18192.0
18192.0
18192.0
18192.0
18192.0
18192.0
18192.0
18192.0
18192.0
18192.0
18192.0
18192.0
18192.0
18192.0
18192.0
18192.0
12756.0
17392.0
18421.0
18519.0
18524.0
18524.0
18524.0
18524.0
18524.0
18524.0
18524.0
18524.0
18524.0
18524.0
18524.0
18524.0
18524.0
18524.0
18524.0
18524.0
18524.0
18524.0
18524.0
18524.0
18524.0
18524.0
18524.0
18524.0
18524.0
18524.0
18524.0
18524.0
18524.0
18524.0
18524.0
18524.0
18524.0
18524.0
18524.0
18524.0
12490.0
16819.0
17862.0
17998.0
18005.0
18006.0
18006.0
18006.0
18006.0
18006.0
18006.0
18006.0
18006.0
18006.0
18006.0
18006.0
18006.0
18006.0
18006.0
18006.0
18006.0
18006.0
18006.0
18006.0
18006.0
18006.0
18006.0
18006.0
18006.0
18006.0
18006.0
18006.0
18006.0
18006.0
18006.0
18006.0
18006.0
18006.0
18006.0
18006.0
12292.0
16853.0
18046.0
18173.0
18183.0
18183.0
18183.0
18183.0
18183.0
18183.0
18183.0
18183.0
18183.0
18183.0
18183.0
18183.0
18183.0
18183.0
18183.0
18183.0
18183.0
18183.0
18183.0
18183.0
18183.0
18183.0
18183.0
18183.0
18183.0
18183.0
18183.0
18183.0
18183.0
18183.0
18183.0
18183.0
18183.0
18183.0
18183.0
18183.0
12531.0
16822.0
17896.0
18036.0
18044.0
18044.0
18044.0
18044.0
18044.0
18044.0
18044.0
18044.0
18044.0
18044.0
18044.0
18044.0
18044.0
18044.0
18044.0
18044.0
18044.0
18044.0
18044.0
18044.0
18044.0
18044.0
18044.0
18044.0
18044.0
18044.0
18044.0
18044.0
18044.0
18044.0
18044.0
18044.0
18044.0
18044.0
18044.0
18044.0
12533.0
16911.0
17947.0
18046.0
18060.0
18060.0
18060.0
18060.0
18060.0
18060.0
18060.0
18060.0
18060.0
18060.0
18060.0
18060.0
18060.0
18060.0
18060.0
18060.0
18060.0
18060.0
18060.0
18060.0
18060.0
18060.0
18060.0
18060.0
18060.0
18060.0
18060.0
18060.0
18060.0
18060.0
18060.0
18060.0
18060.0
18060.0
18060.0
18060.0
12230.0
16567.0
17685.0
17814.0
17817.0
17817.0
17817.0
17817.0
17817.0
17817.0
17817.0
17817.0
17817.0
17817.0
17817.0
17817.0
17817.0
17817.0
17817.0
17817.0
17817.0
17817.0
17817.0
17817.0
17817.0
17817.0
17817.0
17817.0
17817.0
17817.0
17817.0
17817.0
17817.0
17817.0
17817.0
17817.0
17817.0
17817.0
17817.0
17817.0
12502.0
16775.0
17801.0
17882.0
17886.0
17886.0
17886.0
17886.0
17886.0
17886.0
17886.0
17886.0
17886.0
17886.0
17886.0
17886.0
17886.0
17886.0
17886.0
17886.0
17886.0
17886.0
17886.0
17886.0
17886.0
17886.0
17886.0
17886.0
17886.0
17886.0
17886.0
17886.0
17886.0
17886.0
17886.0
17886.0
17886.0
17886.0
17886.0
17886.0
12664.0
17170.0
18306.0
18454.0
18462.0
18462.0
18462.0
18462.0
18462.0
18462.0
18462.0
18462.0
18462.0
18462.0
18462.0
18462.0
18462.0
18462.0
18462.0
18462.0
18462.0
18462.0
18462.0
18462.0
18462.0
18462.0
18462.0
18462.0
18462.0
18462.0
18462.0
18462.0
18462.0
18462.0
18462.0
18462.0
18462.0
18462.0
18462.0
18462.0
12703.0
17244.0
18244.0
18360.0
18368.0
18368.0
18368.0
18368.0
18368.0
18368.0
18368.0
18368.0
18368.0
18368.0
18368.0
18368.0
18368.0
18368.0
18368.0
18368.0
18368.0
18368.0
18368.0
18368.0
18368.0
18368.0
18368.0
18368.0
18368.0
18368.0
18368.0
18368.0
18368.0
18368.0
18368.0
18368.0
18368.0
18368.0
18368.0
18368.0
12473.0
17054.0
18098.0
18221.0
18239.0
18241.0
18241.0
18241.0
18241.0
18241.0
18241.0
18241.0
18241.0
18241.0
18241.0
18241.0
18241.0
18241.0
18241.0
18241.0
18241.0
18241.0
18241.0
18241.0
18241.0
18241.0
18241.0
18241.0
18241.0
18241.0
18241.0
18241.0
18241.0
18241.0
18241.0
18241.0
18241.0
18241.0
18241.0
18241.0
12467.0
16630.0
17520.0
17601.0
17608.0
17608.0
17608.0
17608.0
17608.0
17608.0
17608.0
17608.0
17608.0
17608.0
17608.0
17608.0
17608.0
17608.0
17608.0
17608.0
17608.0
17608.0
17608.0
17608.0
17608.0
17608.0
17608.0
17608.0
17608.0
17608.0
17608.0
17608.0
17608.0
17608.0
17608.0
17608.0
17608.0
17608.0
17608.0
17608.0
12429.0
16850.0
17972.0
18065.0
18081.0
18081.0
18081.0
18081.0
18081.0
18081.0
18081.0
18081.0
18081.0
18081.0
18081.0
18081.0
18081.0
18081.0
18081.0
18081.0
18081.0
18081.0
18081.0
18081.0
18081.0
18081.0
18081.0
18081.0
18081.0
18081.0
18081.0
18081.0
18081.0
18081.0
18081.0
18081.0
18081.0
18081.0
18081.0
18081.0
12447.0
16942.0
17996.0
18099.0
18113.0
18113.0
18113.0
18113.0
18113.0
18113.0
18113.0
18113.0
18113.0
18113.0
18113.0
18113.0
18113.0
18113.0
18113.0
18113.0
18113.0
18113.0
18113.0
18113.0
18113.0
18113.0
18113.0
18113.0
18113.0
18113.0
18113.0
18113.0
18113.0
18113.0
18113.0
18113.0
18113.0
18113.0
18113.0
18113.0
12535.0
16880.0
18015.0
18103.0
18108.0
18108.0
18108.0
18108.0
18108.0
18108.0
18108.0
18108.0
18108.0
18108.0
18108.0
18108.0
18108.0
18108.0
18108.0
18108.0
18108.0
18108.0
18108.0
18108.0
18108.0
18108.0
18108.0
18108.0
18108.0
18108.0
18108.0
18108.0
18108.0
18108.0
18108.0
18108.0
18108.0
18108.0
18108.0
18108.0
12621.0
17328.0
18508.0
18626.0
18632.0
18632.0
18632.0
18632.0
18632.0
18632.0
18632.0
18632.0
18632.0
18632.0
18632.0
18632.0
18632.0
18632.0
18632.0
18632.0
18632.0
18632.0
18632.0
18632.0
18632.0
18632.0
18632.0
18632.0
18632.0
18632.0
18632.0
18632.0
18632.0
18632.0
18632.0
18632.0
18632.0
18632.0
18632.0
18632.0
12627.0
17068.0
18197.0
18309.0
18315.0
18315.0
18315.0
18315.0
18315.0
18315.0
18315.0
18315.0
18315.0
18315.0
18315.0
18315.0
18315.0
18315.0
18315.0
18315.0
18315.0
18315.0
18315.0
18315.0
18315.0
18315.0
18315.0
18315.0
18315.0
18315.0
18315.0
18315.0
18315.0
18315.0
18315.0
18315.0
18315.0
18315.0
18315.0
18315.0
12778.0
17340.0
18510.0
18610.0
18611.0
18611.0
18611.0
18611.0
18611.0
18611.0
18611.0
18611.0
18611.0
18611.0
18611.0
18611.0
18611.0
18611.0
18611.0
18611.0
18611.0
18611.0
18611.0
18611.0
18611.0
18611.0
18611.0
18611.0
18611.0
18611.0
18611.0
18611.0
18611.0
18611.0
18611.0
18611.0
18611.0
18611.0
18611.0
18611.0
12722.0
17241.0
18256.0
18352.0
18353.0
18353.0
18353.0
18353.0
18353.0
18353.0
18353.0
18353.0
18353.0
18353.0
18353.0
18353.0
18353.0
18353.0
18353.0
18353.0
18353.0
18353.0
18353.0
18353.0
18353.0
18353.0
18353.0
18353.0
18353.0
18353.0
18353.0
18353.0
18353.0
18353.0
18353.0
18353.0
18353.0
18353.0
18353.0
18353.0
12664.0
17276.0
18528.0
18669.0
18676.0
18677.0
18677.0
18677.0
18677.0
18677.0
18677.0
18677.0
18677.0
18677.0
18677.0
18677.0
18677.0
18677.0
18677.0
18677.0
18677.0
18677.0
18677.0
18677.0
18677.0
18677.0
18677.0
18677.0
18677.0
18677.0
18677.0
18677.0
18677.0
18677.0
18677.0
18677.0
18677.0
18677.0
18677.0
18677.0
12920.0
17267.0
18159.0
18222.0
18228.0
18228.0
18228.0
18228.0
18228.0
18228.0
18228.0
18228.0
18228.0
18228.0
18228.0
18228.0
18228.0
18228.0
18228.0
18228.0
18228.0
18228.0
18228.0
18228.0
18228.0
18228.0
18228.0
18228.0
18228.0
18228.0
18228.0
18228.0
18228.0
18228.0
18228.0
18228.0
18228.0
18228.0
18228.0
18228.0
12355.0
16841.0
17956.0
18088.0
18098.0
18098.0
18098.0
18098.0
18098.0
18098.0
18098.0
18098.0
18098.0
18098.0
18098.0
18098.0
18098.0
18098.0
18098.0
18098.0
18098.0
18098.0
18098.0
18098.0
18098.0
18098.0
18098.0
18098.0
18098.0
18098.0
18098.0
18098.0
18098.0
18098.0
18098.0
18098.0
18098.0
18098.0
18098.0
18098.0
12434.0
16747.0
17762.0
17892.0
17898.0
17898.0
17898.0
17898.0
17898.0
17898.0
17898.0
17898.0
17898.0
17898.0
17898.0
17898.0
17898.0
17898.0
17898.0
17898.0
17898.0
17898.0
17898.0
17898.0
17898.0
17898.0
17898.0
17898.0
17898.0
17898.0
17898.0
17898.0
17898.0
17898.0
17898.0
17898.0
17898.0
17898.0
17898.0
17898.0
12214.0
16729.0
18013.0
18237.0
18263.0
18265.0
18265.0
18265.0
18265.0
18265.0
18265.0
18265.0
18265.0
18265.0
18265.0
18265.0
18265.0
18265.0
18265.0
18265.0
18265.0
18265.0
18265.0
18265.0
18265.0
18265.0
18265.0
18265.0
18265.0
18265.0
18265.0
18265.0
18265.0
18265.0
18265.0
18265.0
18265.0
18265.0
18265.0
18265.0
12521.0
16887.0
17898.0
17998.0
18002.0
18002.0
18002.0
18002.0
18002.0
18002.0
18002.0
18002.0
18002.0
18002.0
18002.0
18002.0
18002.0
18002.0
18002.0
18002.0
18002.0
18002.0
18002.0
18002.0
18002.0
18002.0
18002.0
18002.0
18002.0
18002.0
18002.0
18002.0
18002.0
18002.0
18002.0
18002.0
18002.0
18002.0
18002.0
18002.0
12312.0
16638.0
17583.0
17669.0
17670.0
17670.0
17670.0
17670.0
17670.0
17670.0
17670.0
17670.0
17670.0
17670.0
17670.0
17670.0
17670.0
17670.0
17670.0
17670.0
17670.0
17670.0
17670.0
17670.0
17670.0
17670.0
17670.0
17670.0
17670.0
17670.0
17670.0
17670.0
17670.0
17670.0
17670.0
17670.0
17670.0
17670.0
17670.0
17670.0
12370.0
16892.0
18020.0
18200.0
18225.0
18226.0
18226.0
18226.0
18226.0
18226.0
18226.0
18226.0
18226.0
18226.0
18226.0
18226.0
18226.0
18226.0
18226.0
18226.0
18226.0
18226.0
18226.0
18226.0
18226.0
18226.0
18226.0
18226.0
18226.0
18226.0
18226.0
18226.0
18226.0
18226.0
18226.0
18226.0
18226.0
18226.0
18226.0
18226.0
12409.0
16905.0
18029.0
18171.0
18186.0
18188.0
18188.0
18188.0
18188.0
18188.0
18188.0
18188.0
18188.0
18188.0
18188.0
18188.0
18188.0
18188.0
18188.0
18188.0
18188.0
18188.0
18188.0
18188.0
18188.0
18188.0
18188.0
18188.0
18188.0
18188.0
18188.0
18188.0
18188.0
18188.0
18188.0
18188.0
18188.0
18188.0
18188.0
18188.0
12547.0
16922.0
17917.0
18062.0
18066.0
18066.0
18066.0
18066.0
18066.0
18066.0
18066.0
18066.0
18066.0
18066.0
18066.0
18066.0
18066.0
18066.0
18066.0
18066.0
18066.0
18066.0
18066.0
18066.0
18066.0
18066.0
18066.0
18066.0
18066.0
18066.0
18066.0
18066.0
18066.0
18066.0
18066.0
18066.0
18066.0
18066.0
18066.0
18066.0
12452.0
16956.0
18098.0
18212.0
18215.0
18215.0
18215.0
18215.0
18215.0
18215.0
18215.0
18215.0
18215.0
18215.0
18215.0
18215.0
18215.0
18215.0
18215.0
18215.0
18215.0
18215.0
18215.0
18215.0
18215.0
18215.0
18215.0
18215.0
18215.0
18215.0
18215.0
18215.0
18215.0
18215.0
18215.0
18215.0
18215.0
18215.0
18215.0
18215.0
12681.0
17069.0
18061.0
18126.0
18128.0
18128.0
18128.0
18128.0
18128.0
18128.0
18128.0
18128.0
18128.0
18128.0
18128.0
18128.0
18128.0
18128.0
18128.0
18128.0
18128.0
18128.0
18128.0
18128.0
18128.0
18128.0
18128.0
18128.0
18128.0
18128.0
18128.0
18128.0
18128.0
18128.0
18128.0
18128.0
18128.0
18128.0
18128.0
18128.0
12497.0
16806.0
17843.0
17939.0
17941.0
17941.0
17941.0
17941.0
17941.0
17941.0
17941.0
17941.0
17941.0
17941.0
17941.0
17941.0
17941.0
17941.0
17941.0
17941.0
17941.0
17941.0
17941.0
17941.0
17941.0
17941.0
17941.0
17941.0
17941.0
17941.0
17941.0
17941.0
17941.0
17941.0
17941.0
17941.0
17941.0
17941.0
17941.0
17941.0
12507.0
16863.0
17845.0
17939.0
17949.0
17951.0
17952.0
17952.0
17952.0
17952.0
17952.0
17952.0
17952.0
17952.0
17952.0
17952.0
17952.0
17952.0
17952.0
17952.0
17952.0
17952.0
17952.0
17952.0
17952.0
17952.0
17952.0
17952.0
17952.0
17952.0
17952.0
17952.0
17952.0
17952.0
17952.0
17952.0
17952.0
17952.0
17952.0
17952.0
12436.0
16877.0
17999.0
18086.0
18101.0
18101.0
18101.0
18101.0
18101.0
18101.0
18101.0
18101.0
18101.0
18101.0
18101.0
18101.0
18101.0
18101.0
18101.0
18101.0
18101.0
18101.0
18101.0
18101.0
18101.0
18101.0
18101.0
18101.0
18101.0
18101.0
18101.0
18101.0
18101.0
18101.0
18101.0
18101.0
18101.0
18101.0
18101.0
18101.0
12381.0
17037.0
18164.0
18307.0
18312.0
18312.0
18312.0
18312.0
18312.0
18312.0
18312.0
18312.0
18312.0
18312.0
18312.0
18312.0
18312.0
18312.0
18312.0
18312.0
18312.0
18312.0
18312.0
18312.0
18312.0
18312.0
18312.0
18312.0
18312.0
18312.0
18312.0
18312.0
18312.0
18312.0
18312.0
18312.0
18312.0
18312.0
18312.0
18312.0
12589.0
17184.0
18289.0
18431.0
18444.0
18444.0
18444.0
18444.0
18444.0
18444.0
18444.0
18444.0
18444.0
18444.0
18444.0
18444.0
18444.0
18444.0
18444.0
18444.0
18444.0
18444.0
18444.0
18444.0
18444.0
18444.0
18444.0
18444.0
18444.0
18444.0
18444.0
18444.0
18444.0
18444.0
18444.0
18444.0
18444.0
18444.0
18444.0
18444.0
12725.0
17297.0
18326.0
18412.0
18415.0
18415.0
18415.0
18415.0
18415.0
18415.0
18415.0
18415.0
18415.0
18415.0
18415.0
18415.0
18415.0
18415.0
18415.0
18415.0
18415.0
18415.0
18415.0
18415.0
18415.0
18415.0
18415.0
18415.0
18415.0
18415.0
18415.0
18415.0
18415.0
18415.0
18415.0
18415.0
18415.0
18415.0
18415.0
18415.0
12329.0
16803.0
17812.0
17932.0
17934.0
17934.0
17934.0
17934.0
17934.0
17934.0
17934.0
17934.0
17934.0
17934.0
17934.0
17934.0
17934.0
17934.0
17934.0
17934.0
17934.0
17934.0
17934.0
17934.0
17934.0
17934.0
17934.0
17934.0
17934.0
17934.0
17934.0
17934.0
17934.0
17934.0
17934.0
17934.0
17934.0
17934.0
17934.0
17934.0
12419.0
16970.0
18199.0
18353.0
18368.0
18368.0
18368.0
18368.0
18368.0
18368.0
18368.0
18368.0
18368.0
18368.0
18368.0
18368.0
18368.0
18368.0
18368.0
18368.0
18368.0
18368.0
18368.0
18368.0
18368.0
18368.0
18368.0
18368.0
18368.0
18368.0
18368.0
18368.0
18368.0
18368.0
18368.0
18368.0
18368.0
18368.0
18368.0
18368.0
12662.0
17085.0
18030.0
18115.0
18116.0
18116.0
18116.0
18116.0
18116.0
18116.0
18116.0
18116.0
18116.0
18116.0
18116.0
18116.0
18116.0
18116.0
18116.0
18116.0
18116.0
18116.0
18116.0
18116.0
18116.0
18116.0
18116.0
18116.0
18116.0
18116.0
18116.0
18116.0
18116.0
18116.0
18116.0
18116.0
18116.0
18116.0
18116.0
18116.0
12503.0
16956.0
17934.0
18036.0
18046.0
18046.0
18046.0
18046.0
18046.0
18046.0
18046.0
18046.0
18046.0
18046.0
18046.0
18046.0
18046.0
18046.0
18046.0
18046.0
18046.0
18046.0
18046.0
18046.0
18046.0
18046.0
18046.0
18046.0
18046.0
18046.0
18046.0
18046.0
18046.0
18046.0
18046.0
18046.0
18046.0
18046.0
18046.0
18046.0
12650.0
17207.0
18331.0
18491.0
18507.0
18507.0
18507.0
18507.0
18507.0
18507.0
18507.0
18507.0
18507.0
18507.0
18507.0
18507.0
18507.0
18507.0
18507.0
18507.0
18507.0
18507.0
18507.0
18507.0
18507.0
18507.0
18507.0
18507.0
18507.0
18507.0
18507.0
18507.0
18507.0
18507.0
18507.0
18507.0
18507.0
18507.0
18507.0
18507.0
12799.0
17324.0
18311.0
18456.0
18463.0
18463.0
18463.0
18463.0
18463.0
18463.0
18463.0
18463.0
18463.0
18463.0
18463.0
18463.0
18463.0
18463.0
18463.0
18463.0
18463.0
18463.0
18463.0
18463.0
18463.0
18463.0
18463.0
18463.0
18463.0
18463.0
18463.0
18463.0
18463.0
18463.0
18463.0
18463.0
18463.0
18463.0
18463.0
18463.0
12505.0
17115.0
18313.0
18417.0
18430.0
18430.0
18430.0
18430.0
18430.0
18430.0
18430.0
18430.0
18430.0
18430.0
18430.0
18430.0
18430.0
18430.0
18430.0
18430.0
18430.0
18430.0
18430.0
18430.0
18430.0
18430.0
18430.0
18430.0
18430.0
18430.0
18430.0
18430.0
18430.0
18430.0
18430.0
18430.0
18430.0
18430.0
18430.0
18430.0
12542.0
17132.0
18183.0
18304.0
18307.0
18307.0
18307.0
18307.0
18307.0
18307.0
18307.0
18307.0
18307.0
18307.0
18307.0
18307.0
18307.0
18307.0
18307.0
18307.0
18307.0
18307.0
18307.0
18307.0
18307.0
18307.0
18307.0
18307.0
18307.0
18307.0
18307.0
18307.0
18307.0
18307.0
18307.0
18307.0
18307.0
18307.0
18307.0
18307.0
12354.0
16876.0
18006.0
18150.0
18155.0
18155.0
18155.0
18155.0
18155.0
18155.0
18155.0
18155.0
18155.0
18155.0
18155.0
18155.0
18155.0
18155.0
18155.0
18155.0
18155.0
18155.0
18155.0
18155.0
18155.0
18155.0
18155.0
18155.0
18155.0
18155.0
18155.0
18155.0
18155.0
18155.0
18155.0
18155.0
18155.0
18155.0
18155.0
18155.0
12563.0
16862.0
17811.0
17900.0
17903.0
17903.0
17903.0
17903.0
17903.0
17903.0
17903.0
17903.0
17903.0
17903.0
17903.0
17903.0
17903.0
17903.0
17903.0
17903.0
17903.0
17903.0
17903.0
17903.0
17903.0
17903.0
17903.0
17903.0
17903.0
17903.0
17903.0
17903.0
17903.0
17903.0
17903.0
17903.0
17903.0
17903.0
17903.0
17903.0
12598.0
16931.0
17922.0
18071.0
18075.0
18075.0
18075.0
18075.0
18075.0
18075.0
18075.0
18075.0
18075.0
18075.0
18075.0
18075.0
18075.0
18075.0
18075.0
18075.0
18075.0
18075.0
18075.0
18075.0
18075.0
18075.0
18075.0
18075.0
18075.0
18075.0
18075.0
18075.0
18075.0
18075.0
18075.0
18075.0
18075.0
18075.0
18075.0
18075.0
12509.0
17042.0
18119.0
18223.0
18227.0
18228.0
18228.0
18228.0
18228.0
18228.0
18228.0
18228.0
18228.0
18228.0
18228.0
18228.0
18228.0
18228.0
18228.0
18228.0
18228.0
18228.0
18228.0
18228.0
18228.0
18228.0
18228.0
18228.0
18228.0
18228.0
18228.0
18228.0
18228.0
18228.0
18228.0
18228.0
18228.0
18228.0
18228.0
18228.0
12433.0
16786.0
17745.0
17838.0
17839.0
17839.0
17839.0
17839.0
17839.0
17839.0
17839.0
17839.0
17839.0
17839.0
17839.0
17839.0
17839.0
17839.0
17839.0
17839.0
17839.0
17839.0
17839.0
17839.0
17839.0
17839.0
17839.0
17839.0
17839.0
17839.0
17839.0
17839.0
17839.0
17839.0
17839.0
17839.0
17839.0
17839.0
17839.0
17839.0
12566.0
16972.0
18102.0
18228.0
18235.0
18235.0
18235.0
18235.0
18235.0
18235.0
18235.0
18235.0
18235.0
18235.0
18235.0
18235.0
18235.0
18235.0
18235.0
18235.0
18235.0
18235.0
18235.0
18235.0
18235.0
18235.0
18235.0
18235.0
18235.0
18235.0
18235.0
18235.0
18235.0
18235.0
18235.0
18235.0
18235.0
18235.0
18235.0
18235.0
12535.0
16868.0
17856.0
17965.0
17969.0
17969.0
17969.0
17969.0
17969.0
17969.0
17969.0
17969.0
17969.0
17969.0
17969.0
17969.0
17969.0
17969.0
17969.0
17969.0
17969.0
17969.0
17969.0
17969.0
17969.0
17969.0
17969.0
17969.0
17969.0
17969.0
17969.0
17969.0
17969.0
17969.0
17969.0
17969.0
17969.0
17969.0
17969.0
17969.0
12396.0
16993.0
18054.0
18147.0
18150.0
18150.0
18150.0
18150.0
18150.0
18150.0
18150.0
18150.0
18150.0
18150.0
18150.0
18150.0
18150.0
18150.0
18150.0
18150.0
18150.0
18150.0
18150.0
18150.0
18150.0
18150.0
18150.0
18150.0
18150.0
18150.0
18150.0
18150.0
18150.0
18150.0
18150.0
18150.0
18150.0
18150.0
18150.0
18150.0
12675.0
17274.0
18324.0
18465.0
18475.0
18482.0
18482.0
18482.0
18482.0
18482.0
18482.0
18482.0
18482.0
18482.0
18482.0
18482.0
18482.0
18482.0
18482.0
18482.0
18482.0
18482.0
18482.0
18482.0
18482.0
18482.0
18482.0
18482.0
18482.0
18482.0
18482.0
18482.0
18482.0
18482.0
18482.0
18482.0
18482.0
18482.0
18482.0
18482.0
12687.0
17238.0
18333.0
18447.0
18454.0
18454.0
18454.0
18454.0
18454.0
18454.0
18454.0
18454.0
18454.0
18454.0
18454.0
18454.0
18454.0
18454.0
18454.0
18454.0
18454.0
18454.0
18454.0
18454.0
18454.0
18454.0
18454.0
18454.0
18454.0
18454.0
18454.0
18454.0
18454.0
18454.0
18454.0
18454.0
18454.0
18454.0
18454.0
18454.0
12518.0
16876.0
17919.0
18036.0
18040.0
18040.0
18040.0
18040.0
18040.0
18040.0
18040.0
18040.0
18040.0
18040.0
18040.0
18040.0
18040.0
18040.0
18040.0
18040.0
18040.0
18040.0
18040.0
18040.0
18040.0
18040.0
18040.0
18040.0
18040.0
18040.0
18040.0
18040.0
18040.0
18040.0
18040.0
18040.0
18040.0
18040.0
18040.0
18040.0
12254.0
16811.0
18034.0
18152.0
18154.0
18154.0
18154.0
18154.0
18154.0
18154.0
18154.0
18154.0
18154.0
18154.0
18154.0
18154.0
18154.0
18154.0
18154.0
18154.0
18154.0
18154.0
18154.0
18154.0
18154.0
18154.0
18154.0
18154.0
18154.0
18154.0
18154.0
18154.0
18154.0
18154.0
18154.0
18154.0
18154.0
18154.0
18154.0
18154.0
12560.0
17108.0
18086.0
18172.0
18174.0
18174.0
18174.0
18174.0
18174.0
18174.0
18174.0
18174.0
18174.0
18174.0
18174.0
18174.0
18174.0
18174.0
18174.0
18174.0
18174.0
18174.0
18174.0
18174.0
18174.0
18174.0
18174.0
18174.0
18174.0
18174.0
18174.0
18174.0
18174.0
18174.0
18174.0
18174.0
18174.0
18174.0
18174.0
18174.0
12586.0
16909.0
17859.0
17950.0
17958.0
17958.0
17958.0
17958.0
17958.0
17958.0
17958.0
17958.0
17958.0
17958.0
17958.0
17958.0
17958.0
17958.0
17958.0
17958.0
17958.0
17958.0
17958.0
17958.0
17958.0
17958.0
17958.0
17958.0
17958.0
17958.0
17958.0
17958.0
17958.0
17958.0
17958.0
17958.0
17958.0
17958.0
17958.0
17958.0
12476.0
16934.0
18034.0
18194.0
18207.0
18208.0
18208.0
18208.0
18208.0
18208.0
18208.0
18208.0
18208.0
18208.0
18208.0
18208.0
18208.0
18208.0
18208.0
18208.0
18208.0
18208.0
18208.0
18208.0
18208.0
18208.0
18208.0
18208.0
18208.0
18208.0
18208.0
18208.0
18208.0
18208.0
18208.0
18208.0
18208.0
18208.0
18208.0
18208.0
12522.0
17031.0
18206.0
18319.0
18330.0
18330.0
18330.0
18330.0
18330.0
18330.0
18330.0
18330.0
18330.0
18330.0
18330.0
18330.0
18330.0
18330.0
18330.0
18330.0
18330.0
18330.0
18330.0
18330.0
18330.0
18330.0
18330.0
18330.0
18330.0
18330.0
18330.0
18330.0
18330.0
18330.0
18330.0
18330.0
18330.0
18330.0
18330.0
18330.0
12461.0
16813.0
17909.0
18055.0
18061.0
18061.0
18061.0
18061.0
18061.0
18061.0
18061.0
18061.0
18061.0
18061.0
18061.0
18061.0
18061.0
18061.0
18061.0
18061.0
18061.0
18061.0
18061.0
18061.0
18061.0
18061.0
18061.0
18061.0
18061.0
18061.0
18061.0
18061.0
18061.0
18061.0
18061.0
18061.0
18061.0
18061.0
18061.0
18061.0
12615.0
17113.0
18105.0
18225.0
18235.0
18236.0
18236.0
18236.0
18236.0
18236.0
18236.0
18236.0
18236.0
18236.0
18236.0
18236.0
18236.0
18236.0
18236.0
18236.0
18236.0
18236.0
18236.0
18236.0
18236.0
18236.0
18236.0
18236.0
18236.0
18236.0
18236.0
18236.0
18236.0
18236.0
18236.0
18236.0
18236.0
18236.0
18236.0
18236.0
12364.0
16690.0
17876.0
18044.0
18051.0
18051.0
18051.0
18051.0
18051.0
18051.0
18051.0
18051.0
18051.0
18051.0
18051.0
18051.0
18051.0
18051.0
18051.0
18051.0
18051.0
18051.0
18051.0
18051.0
18051.0
18051.0
18051.0
18051.0
18051.0
18051.0
18051.0
18051.0
18051.0
18051.0
18051.0
18051.0
18051.0
18051.0
18051.0
18051.0
12293.0
16448.0
17491.0
17637.0
17649.0
17650.0
17650.0
17650.0
17650.0
17650.0
17650.0
17650.0
17650.0
17650.0
17650.0
17650.0
17650.0
17650.0
17650.0
17650.0
17650.0
17650.0
17650.0
17650.0
17650.0
17650.0
17650.0
17650.0
17650.0
17650.0
17650.0
17650.0
17650.0
17650.0
17650.0
17650.0
17650.0
17650.0
17650.0
17650.0
12510.0
16946.0
18020.0
18117.0
18133.0
18133.0
18133.0
18133.0
18133.0
18133.0
18133.0
18133.0
18133.0
18133.0
18133.0
18133.0
18133.0
18133.0
18133.0
18133.0
18133.0
18133.0
18133.0
18133.0
18133.0
18133.0
18133.0
18133.0
18133.0
18133.0
18133.0
18133.0
18133.0
18133.0
18133.0
18133.0
18133.0
18133.0
18133.0
18133.0
12517.0
17269.0
18492.0
18677.0
18697.0
18697.0
18697.0
18697.0
18697.0
18697.0
18697.0
18697.0
18697.0
18697.0
18697.0
18697.0
18697.0
18697.0
18697.0
18697.0
18697.0
18697.0
18697.0
18697.0
18697.0
18697.0
18697.0
18697.0
18697.0
18697.0
18697.0
18697.0
18697.0
18697.0
18697.0
18697.0
18697.0
18697.0
18697.0
18697.0
12625.0
16944.0
17990.0
18103.0
18110.0
18111.0
18111.0
18111.0
18111.0
18111.0
18111.0
18111.0
18111.0
18111.0
18111.0
18111.0
18111.0
18111.0
18111.0
18111.0
18111.0
18111.0
18111.0
18111.0
18111.0
18111.0
18111.0
18111.0
18111.0
18111.0
18111.0
18111.0
18111.0
18111.0
18111.0
18111.0
18111.0
18111.0
18111.0
18111.0
12331.0
16646.0
17705.0
17838.0
17843.0
17843.0
17843.0
17843.0
17843.0
17843.0
17843.0
17843.0
17843.0
17843.0
17843.0
17843.0
17843.0
17843.0
17843.0
17843.0
17843.0
17843.0
17843.0
17843.0
17843.0
17843.0
17843.0
17843.0
17843.0
17843.0
17843.0
17843.0
17843.0
17843.0
17843.0
17843.0
17843.0
17843.0
17843.0
17843.0
12755.0
17486.0
18662.0
18772.0
18784.0
18786.0
18786.0
18786.0
18786.0
18786.0
18786.0
18786.0
18786.0
18786.0
18786.0
18786.0
18786.0
18786.0
18786.0
18786.0
18786.0
18786.0
18786.0
18786.0
18786.0
18786.0
18786.0
18786.0
18786.0
18786.0
18786.0
18786.0
18786.0
18786.0
18786.0
18786.0
18786.0
18786.0
18786.0
18786.0
12693.0
17373.0
18560.0
18717.0
18731.0
18731.0
18731.0
18731.0
18731.0
18731.0
18731.0
18731.0
18731.0
18731.0
18731.0
18731.0
18731.0
18731.0
18731.0
18731.0
18731.0
18731.0
18731.0
18731.0
18731.0
18731.0
18731.0
18731.0
18731.0
18731.0
18731.0
18731.0
18731.0
18731.0
18731.0
18731.0
18731.0
18731.0
18731.0
18731.0
12479.0
17106.0
18293.0
18468.0
18478.0
18478.0
18478.0
18478.0
18478.0
18478.0
18478.0
18478.0
18478.0
18478.0
18478.0
18478.0
18478.0
18478.0
18478.0
18478.0
18478.0
18478.0
18478.0
18478.0
18478.0
18478.0
18478.0
18478.0
18478.0
18478.0
18478.0
18478.0
18478.0
18478.0
18478.0
18478.0
18478.0
18478.0
18478.0
18478.0
12450.0
16821.0
17913.0
18026.0
18030.0
18030.0
18030.0
18030.0
18030.0
18030.0
18030.0
18030.0
18030.0
18030.0
18030.0
18030.0
18030.0
18030.0
18030.0
18030.0
18030.0
18030.0
18030.0
18030.0
18030.0
18030.0
18030.0
18030.0
18030.0
18030.0
18030.0
18030.0
18030.0
18030.0
18030.0
18030.0
18030.0
18030.0
18030.0
18030.0
12445.0
16833.0
17834.0
17931.0
17935.0
17936.0
17936.0
17936.0
17936.0
17936.0
17936.0
17936.0
17936.0
17936.0
17936.0
17936.0
17936.0
17936.0
17936.0
17936.0
17936.0
17936.0
17936.0
17936.0
17936.0
17936.0
17936.0
17936.0
17936.0
17936.0
17936.0
17936.0
17936.0
17936.0
17936.0
17936.0
17936.0
17936.0
17936.0
17936.0
12657.0
17148.0
18095.0
18170.0
18176.0
18176.0
18176.0
18176.0
18176.0
18176.0
18176.0
18176.0
18176.0
18176.0
18176.0
18176.0
18176.0
18176.0
18176.0
18176.0
18176.0
18176.0
18176.0
18176.0
18176.0
18176.0
18176.0
18176.0
18176.0
18176.0
18176.0
18176.0
18176.0
18176.0
18176.0
18176.0
18176.0
18176.0
18176.0
18176.0
12463.0
16759.0
17753.0
17858.0
17871.0
17871.0
17871.0
17871.0
17871.0
17871.0
17871.0
17871.0
17871.0
17871.0
17871.0
17871.0
17871.0
17871.0
17871.0
17871.0
17871.0
17871.0
17871.0
17871.0
17871.0
17871.0
17871.0
17871.0
17871.0
17871.0
17871.0
17871.0
17871.0
17871.0
17871.0
17871.0
17871.0
17871.0
17871.0
17871.0
12477.0
17106.0
18373.0
18612.0
18642.0
18643.0
18643.0
18643.0
18643.0
18643.0
18643.0
18643.0
18643.0
18643.0
18643.0
18643.0
18643.0
18643.0
18643.0
18643.0
18643.0
18643.0
18643.0
18643.0
18643.0
18643.0
18643.0
18643.0
18643.0
18643.0
18643.0
18643.0
18643.0
18643.0
18643.0
18643.0
18643.0
18643.0
18643.0
18643.0
12606.0
17136.0
18362.0
18492.0
18495.0
18495.0
18495.0
18495.0
18495.0
18495.0
18495.0
18495.0
18495.0
18495.0
18495.0
18495.0
18495.0
18495.0
18495.0
18495.0
18495.0
18495.0
18495.0
18495.0
18495.0
18495.0
18495.0
18495.0
18495.0
18495.0
18495.0
18495.0
18495.0
18495.0
18495.0
18495.0
18495.0
18495.0
18495.0
18495.0
12416.0
17086.0
18416.0
18617.0
18625.0
18625.0
18625.0
18625.0
18625.0
18625.0
18625.0
18625.0
18625.0
18625.0
18625.0
18625.0
18625.0
18625.0
18625.0
18625.0
18625.0
18625.0
18625.0
18625.0
18625.0
18625.0
18625.0
18625.0
18625.0
18625.0
18625.0
18625.0
18625.0
18625.0
18625.0
18625.0
18625.0
18625.0
18625.0
18625.0
12458.0
16861.0
17999.0
18131.0
18140.0
18140.0
18140.0
18140.0
18140.0
18140.0
18140.0
18140.0
18140.0
18140.0
18140.0
18140.0
18140.0
18140.0
18140.0
18140.0
18140.0
18140.0
18140.0
18140.0
18140.0
18140.0
18140.0
18140.0
18140.0
18140.0
18140.0
18140.0
18140.0
18140.0
18140.0
18140.0
18140.0
18140.0
18140.0
18140.0
12363.0
16707.0
17793.0
17913.0
17915.0
17915.0
17915.0
17915.0
17915.0
17915.0
17915.0
17915.0
17915.0
17915.0
17915.0
17915.0
17915.0
17915.0
17915.0
17915.0
17915.0
17915.0
17915.0
17915.0
17915.0
17915.0
17915.0
17915.0
17915.0
17915.0
17915.0
17915.0
17915.0
17915.0
17915.0
17915.0
17915.0
17915.0
17915.0
17915.0
12622.0
17219.0
18192.0
18291.0
18299.0
18299.0
18299.0
18299.0
18299.0
18299.0
18299.0
18299.0
18299.0
18299.0
18299.0
18299.0
18299.0
18299.0
18299.0
18299.0
18299.0
18299.0
18299.0
18299.0
18299.0
18299.0
18299.0
18299.0
18299.0
18299.0
18299.0
18299.0
18299.0
18299.0
18299.0
18299.0
18299.0
18299.0
18299.0
18299.0
12459.0
16835.0
17929.0
18061.0
18068.0
18068.0
18068.0
18068.0
18068.0
18068.0
18068.0
18068.0
18068.0
18068.0
18068.0
18068.0
18068.0
18068.0
18068.0
18068.0
18068.0
18068.0
18068.0
18068.0
18068.0
18068.0
18068.0
18068.0
18068.0
18068.0
18068.0
18068.0
18068.0
18068.0
18068.0
18068.0
18068.0
18068.0
18068.0
18068.0
12461.0
16943.0
18017.0
18110.0
18121.0
18121.0
18121.0
18121.0
18121.0
18121.0
18121.0
18121.0
18121.0
18121.0
18121.0
18121.0
18121.0
18121.0
18121.0
18121.0
18121.0
18121.0
18121.0
18121.0
18121.0
18121.0
18121.0
18121.0
18121.0
18121.0
18121.0
18121.0
18121.0
18121.0
18121.0
18121.0
18121.0
18121.0
18121.0
18121.0
12503.0
16937.0
18148.0
18330.0
18345.0
18346.0
18346.0
18346.0
18346.0
18346.0
18346.0
18346.0
18346.0
18346.0
18346.0
18346.0
18346.0
18346.0
18346.0
18346.0
18346.0
18346.0
18346.0
18346.0
18346.0
18346.0
18346.0
18346.0
18346.0
18346.0
18346.0
18346.0
18346.0
18346.0
18346.0
18346.0
18346.0
18346.0
18346.0
18346.0
12404.0
16899.0
18013.0
18134.0
18139.0
18139.0
18139.0
18139.0
18139.0
18139.0
18139.0
18139.0
18139.0
18139.0
18139.0
18139.0
18139.0
18139.0
18139.0
18139.0
18139.0
18139.0
18139.0
18139.0
18139.0
18139.0
18139.0
18139.0
18139.0
18139.0
18139.0
18139.0
18139.0
18139.0
18139.0
18139.0
18139.0
18139.0
18139.0
18139.0
12428.0
16905.0
18066.0
18226.0
18236.0
18236.0
18236.0
18236.0
18236.0
18236.0
18236.0
18236.0
18236.0
18236.0
18236.0
18236.0
18236.0
18236.0
18236.0
18236.0
18236.0
18236.0
18236.0
18236.0
18236.0
18236.0
18236.0
18236.0
18236.0
18236.0
18236.0
18236.0
18236.0
18236.0
18236.0
18236.0
18236.0
18236.0
18236.0
18236.0
12247.0
16776.0
17972.0
18106.0
18114.0
18114.0
18114.0
18114.0
18114.0
18114.0
18114.0
18114.0
18114.0
18114.0
18114.0
18114.0
18114.0
18114.0
18114.0
18114.0
18114.0
18114.0
18114.0
18114.0
18114.0
18114.0
18114.0
18114.0
18114.0
18114.0
18114.0
18114.0
18114.0
18114.0
18114.0
18114.0
18114.0
18114.0
18114.0
18114.0
12456.0
16726.0
17602.0
17694.0
17699.0
17699.0
17699.0
17699.0
17699.0
17699.0
17699.0
17699.0
17699.0
17699.0
17699.0
17699.0
17699.0
17699.0
17699.0
17699.0
17699.0
17699.0
17699.0
17699.0
17699.0
17699.0
17699.0
17699.0
17699.0
17699.0
17699.0
17699.0
17699.0
17699.0
17699.0
17699.0
17699.0
17699.0
17699.0
17699.0
12177.0
16739.0
17862.0
17992.0
17998.0
17999.0
17999.0
17999.0
17999.0
17999.0
17999.0
17999.0
17999.0
17999.0
17999.0
17999.0
17999.0
17999.0
17999.0
17999.0
17999.0
17999.0
17999.0
17999.0
17999.0
17999.0
17999.0
17999.0
17999.0
17999.0
17999.0
17999.0
17999.0
17999.0
17999.0
17999.0
17999.0
17999.0
17999.0
17999.0
12424.0
16715.0
17805.0
17903.0
17907.0
17907.0
17907.0
17907.0
17907.0
17907.0
17907.0
17907.0
17907.0
17907.0
17907.0
17907.0
17907.0
17907.0
17907.0
17907.0
17907.0
17907.0
17907.0
17907.0
17907.0
17907.0
17907.0
17907.0
17907.0
17907.0
17907.0
17907.0
17907.0
17907.0
17907.0
17907.0
17907.0
17907.0
17907.0
17907.0
12455.0
17075.0
18197.0
18336.0
18343.0
18343.0
18343.0
18343.0
18343.0
18343.0
18343.0
18343.0
18343.0
18343.0
18343.0
18343.0
18343.0
18343.0
18343.0
18343.0
18343.0
18343.0
18343.0
18343.0
18343.0
18343.0
18343.0
18343.0
18343.0
18343.0
18343.0
18343.0
18343.0
18343.0
18343.0
18343.0
18343.0
18343.0
18343.0
18343.0
12465.0
17047.0
18260.0
18407.0
18412.0
18412.0
18412.0
18412.0
18412.0
18412.0
18412.0
18412.0
18412.0
18412.0
18412.0
18412.0
18412.0
18412.0
18412.0
18412.0
18412.0
18412.0
18412.0
18412.0
18412.0
18412.0
18412.0
18412.0
18412.0
18412.0
18412.0
18412.0
18412.0
18412.0
18412.0
18412.0
18412.0
18412.0
18412.0
18412.0
12617.0
16972.0
17982.0
18109.0
18114.0
18114.0
18114.0
18114.0
18114.0
18114.0
18114.0
18114.0
18114.0
18114.0
18114.0
18114.0
18114.0
18114.0
18114.0
18114.0
18114.0
18114.0
18114.0
18114.0
18114.0
18114.0
18114.0
18114.0
18114.0
18114.0
18114.0
18114.0
18114.0
18114.0
18114.0
18114.0
18114.0
18114.0
18114.0
18114.0
12462.0
16864.0
17882.0
17964.0
17967.0
17967.0
17967.0
17967.0
17967.0
17967.0
17967.0
17967.0
17967.0
17967.0
17967.0
17967.0
17967.0
17967.0
17967.0
17967.0
17967.0
17967.0
17967.0
17967.0
17967.0
17967.0
17967.0
17967.0
17967.0
17967.0
17967.0
17967.0
17967.0
17967.0
17967.0
17967.0
17967.0
17967.0
17967.0
17967.0
12707.0
17078.0
18126.0
18282.0
18294.0
18294.0
18294.0
18294.0
18294.0
18294.0
18294.0
18294.0
18294.0
18294.0
18294.0
18294.0
18294.0
18294.0
18294.0
18294.0
18294.0
18294.0
18294.0
18294.0
18294.0
18294.0
18294.0
18294.0
18294.0
18294.0
18294.0
18294.0
18294.0
18294.0
18294.0
18294.0
18294.0
18294.0
18294.0
18294.0
12478.0
17063.0
18285.0
18428.0
18444.0
18444.0
18444.0
18444.0
18444.0
18444.0
18444.0
18444.0
18444.0
18444.0
18444.0
18444.0
18444.0
18444.0
18444.0
18444.0
18444.0
18444.0
18444.0
18444.0
18444.0
18444.0
18444.0
18444.0
18444.0
18444.0
18444.0
18444.0
18444.0
18444.0
18444.0
18444.0
18444.0
18444.0
18444.0
18444.0
12232.0
16616.0
17789.0
17961.0
17982.0
17984.0
17984.0
17984.0
17984.0
17984.0
17984.0
17984.0
17984.0
17984.0
17984.0
17984.0
17984.0
17984.0
17984.0
17984.0
17984.0
17984.0
17984.0
17984.0
17984.0
17984.0
17984.0
17984.0
17984.0
17984.0
17984.0
17984.0
17984.0
17984.0
17984.0
17984.0
17984.0
17984.0
17984.0
17984.0
12320.0
16585.0
17483.0
17558.0
17568.0
17568.0
17568.0
17568.0
17568.0
17568.0
17568.0
17568.0
17568.0
17568.0
17568.0
17568.0
17568.0
17568.0
17568.0
17568.0
17568.0
17568.0
17568.0
17568.0
17568.0
17568.0
17568.0
17568.0
17568.0
17568.0
17568.0
17568.0
17568.0
17568.0
17568.0
17568.0
17568.0
17568.0
17568.0
17568.0
12645.0
17089.0
18211.0
18356.0
18361.0
18361.0
18361.0
18361.0
18361.0
18361.0
18361.0
18361.0
18361.0
18361.0
18361.0
18361.0
18361.0
18361.0
18361.0
18361.0
18361.0
18361.0
18361.0
18361.0
18361.0
18361.0
18361.0
18361.0
18361.0
18361.0
18361.0
18361.0
18361.0
18361.0
18361.0
18361.0
18361.0
18361.0
18361.0
18361.0
12481.0
17003.0
18191.0
18352.0
18363.0
18363.0
18363.0
18363.0
18363.0
18363.0
18363.0
18363.0
18363.0
18363.0
18363.0
18363.0
18363.0
18363.0
18363.0
18363.0
18363.0
18363.0
18363.0
18363.0
18363.0
18363.0
18363.0
18363.0
18363.0
18363.0
18363.0
18363.0
18363.0
18363.0
18363.0
18363.0
18363.0
18363.0
18363.0
18363.0
12440.0
17090.0
18308.0
18450.0
18461.0
18461.0
18461.0
18461.0
18461.0
18461.0
18461.0
18461.0
18461.0
18461.0
18461.0
18461.0
18461.0
18461.0
18461.0
18461.0
18461.0
18461.0
18461.0
18461.0
18461.0
18461.0
18461.0
18461.0
18461.0
18461.0
18461.0
18461.0
18461.0
18461.0
18461.0
18461.0
18461.0
18461.0
18461.0
18461.0
12423.0
16825.0
17978.0
18130.0
18146.0
18147.0
18147.0
18147.0
18147.0
18147.0
18147.0
18147.0
18147.0
18147.0
18147.0
18147.0
18147.0
18147.0
18147.0
18147.0
18147.0
18147.0
18147.0
18147.0
18147.0
18147.0
18147.0
18147.0
18147.0
18147.0
18147.0
18147.0
18147.0
18147.0
18147.0
18147.0
18147.0
18147.0
18147.0
18147.0
12450.0
16926.0
17980.0
18088.0
18093.0
18093.0
18093.0
18093.0
18093.0
18093.0
18093.0
18093.0
18093.0
18093.0
18093.0
18093.0
18093.0
18093.0
18093.0
18093.0
18093.0
18093.0
18093.0
18093.0
18093.0
18093.0
18093.0
18093.0
18093.0
18093.0
18093.0
18093.0
18093.0
18093.0
18093.0
18093.0
18093.0
18093.0
18093.0
18093.0
12370.0
16657.0
17682.0
17772.0
17775.0
17775.0
17775.0
17775.0
17775.0
17775.0
17775.0
17775.0
17775.0
17775.0
17775.0
17775.0
17775.0
17775.0
17775.0
17775.0
17775.0
17775.0
17775.0
17775.0
17775.0
17775.0
17775.0
17775.0
17775.0
17775.0
17775.0
17775.0
17775.0
17775.0
17775.0
17775.0
17775.0
17775.0
17775.0
17775.0
12393.0
16831.0
18023.0
18172.0
18190.0
18190.0
18190.0
18190.0
18190.0
18190.0
18190.0
18190.0
18190.0
18190.0
18190.0
18190.0
18190.0
18190.0
18190.0
18190.0
18190.0
18190.0
18190.0
18190.0
18190.0
18190.0
18190.0
18190.0
18190.0
18190.0
18190.0
18190.0
18190.0
18190.0
18190.0
18190.0
18190.0
18190.0
18190.0
18190.0
12326.0
16692.0
17889.0
18026.0
18031.0
18031.0
18031.0
18031.0
18031.0
18031.0
18031.0
18031.0
18031.0
18031.0
18031.0
18031.0
18031.0
18031.0
18031.0
18031.0
18031.0
18031.0
18031.0
18031.0
18031.0
18031.0
18031.0
18031.0
18031.0
18031.0
18031.0
18031.0
18031.0
18031.0
18031.0
18031.0
18031.0
18031.0
18031.0
18031.0
12299.0
16919.0
18106.0
18244.0
18262.0
18262.0
18262.0
18262.0
18262.0
18262.0
18262.0
18262.0
18262.0
18262.0
18262.0
18262.0
18262.0
18262.0
18262.0
18262.0
18262.0
18262.0
18262.0
18262.0
18262.0
18262.0
18262.0
18262.0
18262.0
18262.0
18262.0
18262.0
18262.0
18262.0
18262.0
18262.0
18262.0
18262.0
18262.0
18262.0
12762.0
17443.0
18608.0
18754.0
18766.0
18767.0
18767.0
18767.0
18767.0
18767.0
18767.0
18767.0
18767.0
18767.0
18767.0
18767.0
18767.0
18767.0
18767.0
18767.0
18767.0
18767.0
18767.0
18767.0
18767.0
18767.0
18767.0
18767.0
18767.0
18767.0
18767.0
18767.0
18767.0
18767.0
18767.0
18767.0
18767.0
18767.0
18767.0
18767.0
12553.0
17188.0
18181.0
18293.0
18298.0
18298.0
18298.0
18298.0
18298.0
18298.0
18298.0
18298.0
18298.0
18298.0
18298.0
18298.0
18298.0
18298.0
18298.0
18298.0
18298.0
18298.0
18298.0
18298.0
18298.0
18298.0
18298.0
18298.0
18298.0
18298.0
18298.0
18298.0
18298.0
18298.0
18298.0
18298.0
18298.0
18298.0
18298.0
18298.0
12572.0
17122.0
18241.0
18361.0
18367.0
18367.0
18367.0
18367.0
18367.0
18367.0
18367.0
18367.0
18367.0
18367.0
18367.0
18367.0
18367.0
18367.0
18367.0
18367.0
18367.0
18367.0
18367.0
18367.0
18367.0
18367.0
18367.0
18367.0
18367.0
18367.0
18367.0
18367.0
18367.0
18367.0
18367.0
18367.0
18367.0
18367.0
18367.0
18367.0
12525.0
16885.0
17937.0
18023.0
18027.0
18027.0
18027.0
18027.0
18027.0
18027.0
18027.0
18027.0
18027.0
18027.0
18027.0
18027.0
18027.0
18027.0
18027.0
18027.0
18027.0
18027.0
18027.0
18027.0
18027.0
18027.0
18027.0
18027.0
18027.0
18027.0
18027.0
18027.0
18027.0
18027.0
18027.0
18027.0
18027.0
18027.0
18027.0
18027.0
12700.0
17370.0
18607.0
18733.0
18755.0
18755.0
18755.0
18755.0
18755.0
18755.0
18755.0
18755.0
18755.0
18755.0
18755.0
18755.0
18755.0
18755.0
18755.0
18755.0
18755.0
18755.0
18755.0
18755.0
18755.0
18755.0
18755.0
18755.0
18755.0
18755.0
18755.0
18755.0
18755.0
18755.0
18755.0
18755.0
18755.0
18755.0
18755.0
18755.0
12518.0
16855.0
17894.0
17979.0
17986.0
17987.0
17987.0
17987.0
17987.0
17987.0
17987.0
17987.0
17987.0
17987.0
17987.0
17987.0
17987.0
17987.0
17987.0
17987.0
17987.0
17987.0
17987.0
17987.0
17987.0
17987.0
17987.0
17987.0
17987.0
17987.0
17987.0
17987.0
17987.0
17987.0
17987.0
17987.0
17987.0
17987.0
17987.0
17987.0
12455.0
17033.0
18122.0
18264.0
18269.0
18269.0
18269.0
18269.0
18269.0
18269.0
18269.0
18269.0
18269.0
18269.0
18269.0
18269.0
18269.0
18269.0
18269.0
18269.0
18269.0
18269.0
18269.0
18269.0
18269.0
18269.0
18269.0
18269.0
18269.0
18269.0
18269.0
18269.0
18269.0
18269.0
18269.0
18269.0
18269.0
18269.0
18269.0
18269.0
12351.0
16916.0
18085.0
18221.0
18242.0
18242.0
18242.0
18242.0
18242.0
18242.0
18242.0
18242.0
18242.0
18242.0
18242.0
18242.0
18242.0
18242.0
18242.0
18242.0
18242.0
18242.0
18242.0
18242.0
18242.0
18242.0
18242.0
18242.0
18242.0
18242.0
18242.0
18242.0
18242.0
18242.0
18242.0
18242.0
18242.0
18242.0
18242.0
18242.0
12321.0
16795.0
17845.0
17955.0
17961.0
17961.0
17961.0
17961.0
17961.0
17961.0
17961.0
17961.0
17961.0
17961.0
17961.0
17961.0
17961.0
17961.0
17961.0
17961.0
17961.0
17961.0
17961.0
17961.0
17961.0
17961.0
17961.0
17961.0
17961.0
17961.0
17961.0
17961.0
17961.0
17961.0
17961.0
17961.0
17961.0
17961.0
17961.0
17961.0
12463.0
17037.0
18027.0
18090.0
18090.0
18090.0
18090.0
18090.0
18090.0
18090.0
18090.0
18090.0
18090.0
18090.0
18090.0
18090.0
18090.0
18090.0
18090.0
18090.0
18090.0
18090.0
18090.0
18090.0
18090.0
18090.0
18090.0
18090.0
18090.0
18090.0
18090.0
18090.0
18090.0
18090.0
18090.0
18090.0
18090.0
18090.0
18090.0
18090.0
12607.0
16968.0
17948.0
18054.0
18057.0
18057.0
18057.0
18057.0
18057.0
18057.0
18057.0
18057.0
18057.0
18057.0
18057.0
18057.0
18057.0
18057.0
18057.0
18057.0
18057.0
18057.0
18057.0
18057.0
18057.0
18057.0
18057.0
18057.0
18057.0
18057.0
18057.0
18057.0
18057.0
18057.0
18057.0
18057.0
18057.0
18057.0
18057.0
18057.0
12359.0
17020.0
18206.0
18351.0
18358.0
18360.0
18360.0
18360.0
18360.0
18360.0
18360.0
18360.0
18360.0
18360.0
18360.0
18360.0
18360.0
18360.0
18360.0
18360.0
18360.0
18360.0
18360.0
18360.0
18360.0
18360.0
18360.0
18360.0
18360.0
18360.0
18360.0
18360.0
18360.0
18360.0
18360.0
18360.0
18360.0
18360.0
18360.0
18360.0
12577.0
17088.0
18082.0
18191.0
18202.0
18202.0
18202.0
18202.0
18202.0
18202.0
18202.0
18202.0
18202.0
18202.0
18202.0
18202.0
18202.0
18202.0
18202.0
18202.0
18202.0
18202.0
18202.0
18202.0
18202.0
18202.0
18202.0
18202.0
18202.0
18202.0
18202.0
18202.0
18202.0
18202.0
18202.0
18202.0
18202.0
18202.0
18202.0
18202.0
12505.0
16722.0
17584.0
17713.0
17714.0
17714.0
17714.0
17714.0
17714.0
17714.0
17714.0
17714.0
17714.0
17714.0
17714.0
17714.0
17714.0
17714.0
17714.0
17714.0
17714.0
17714.0
17714.0
17714.0
17714.0
17714.0
17714.0
17714.0
17714.0
17714.0
17714.0
17714.0
17714.0
17714.0
17714.0
17714.0
17714.0
17714.0
17714.0
17714.0
12796.0
17428.0
18553.0
18706.0
18729.0
18729.0
18729.0
18729.0
18729.0
18729.0
18729.0
18729.0
18729.0
18729.0
18729.0
18729.0
18729.0
18729.0
18729.0
18729.0
18729.0
18729.0
18729.0
18729.0
18729.0
18729.0
18729.0
18729.0
18729.0
18729.0
18729.0
18729.0
18729.0
18729.0
18729.0
18729.0
18729.0
18729.0
18729.0
18729.0
12493.0
17055.0
18114.0
18251.0
18253.0
18253.0
18253.0
18253.0
18253.0
18253.0
18253.0
18253.0
18253.0
18253.0
18253.0
18253.0
18253.0
18253.0
18253.0
18253.0
18253.0
18253.0
18253.0
18253.0
18253.0
18253.0
18253.0
18253.0
18253.0
18253.0
18253.0
18253.0
18253.0
18253.0
18253.0
18253.0
18253.0
18253.0
18253.0
18253.0
12318.0
16792.0
18061.0
18217.0
18226.0
18226.0
18226.0
18226.0
18226.0
18226.0
18226.0
18226.0
18226.0
18226.0
18226.0
18226.0
18226.0
18226.0
18226.0
18226.0
18226.0
18226.0
18226.0
18226.0
18226.0
18226.0
18226.0
18226.0
18226.0
18226.0
18226.0
18226.0
18226.0
18226.0
18226.0
18226.0
18226.0
18226.0
18226.0
18226.0
12489.0
17032.0
18113.0
18242.0
18254.0
18254.0
18254.0
18254.0
18254.0
18254.0
18254.0
18254.0
18254.0
18254.0
18254.0
18254.0
18254.0
18254.0
18254.0
18254.0
18254.0
18254.0
18254.0
18254.0
18254.0
18254.0
18254.0
18254.0
18254.0
18254.0
18254.0
18254.0
18254.0
18254.0
18254.0
18254.0
18254.0
18254.0
18254.0
18254.0
12471.0
16703.0
17593.0
17663.0
17663.0
17663.0
17663.0
17663.0
17663.0
17663.0
17663.0
17663.0
17663.0
17663.0
17663.0
17663.0
17663.0
17663.0
17663.0
17663.0
17663.0
17663.0
17663.0
17663.0
17663.0
17663.0
17663.0
17663.0
17663.0
17663.0
17663.0
17663.0
17663.0
17663.0
17663.0
17663.0
17663.0
17663.0
17663.0
17663.0
12160.0
16741.0
18032.0
18187.0
18193.0
18193.0
18193.0
18193.0
18193.0
18193.0
18193.0
18193.0
18193.0
18193.0
18193.0
18193.0
18193.0
18193.0
18193.0
18193.0
18193.0
18193.0
18193.0
18193.0
18193.0
18193.0
18193.0
18193.0
18193.0
18193.0
18193.0
18193.0
18193.0
18193.0
18193.0
18193.0
18193.0
18193.0
18193.0
18193.0
12457.0
16900.0
18072.0
18192.0
18196.0
18196.0
18196.0
18196.0
18196.0
18196.0
18196.0
18196.0
18196.0
18196.0
18196.0
18196.0
18196.0
18196.0
18196.0
18196.0
18196.0
18196.0
18196.0
18196.0
18196.0
18196.0
18196.0
18196.0
18196.0
18196.0
18196.0
18196.0
18196.0
18196.0
18196.0
18196.0
18196.0
18196.0
18196.0
18196.0
12571.0
17077.0
18193.0
18320.0
18328.0
18328.0
18328.0
18328.0
18328.0
18328.0
18328.0
18328.0
18328.0
18328.0
18328.0
18328.0
18328.0
18328.0
18328.0
18328.0
18328.0
18328.0
18328.0
18328.0
18328.0
18328.0
18328.0
18328.0
18328.0
18328.0
18328.0
18328.0
18328.0
18328.0
18328.0
18328.0
18328.0
18328.0
18328.0
18328.0
12512.0
16801.0
17788.0
17880.0
17886.0
17886.0
17886.0
17886.0
17886.0
17886.0
17886.0
17886.0
17886.0
17886.0
17886.0
17886.0
17886.0
17886.0
17886.0
17886.0
17886.0
17886.0
17886.0
17886.0
17886.0
17886.0
17886.0
17886.0
17886.0
17886.0
17886.0
17886.0
17886.0
17886.0
17886.0
17886.0
17886.0
17886.0
17886.0
17886.0
12411.0
16972.0
18174.0
18323.0
18330.0
18330.0
18330.0
18330.0
18330.0
18330.0
18330.0
18330.0
18330.0
18330.0
18330.0
18330.0
18330.0
18330.0
18330.0
18330.0
18330.0
18330.0
18330.0
18330.0
18330.0
18330.0
18330.0
18330.0
18330.0
18330.0
18330.0
18330.0
18330.0
18330.0
18330.0
18330.0
18330.0
18330.0
18330.0
18330.0
12628.0
17226.0
18366.0
18514.0
18528.0
18528.0
18528.0
18528.0
18528.0
18528.0
18528.0
18528.0
18528.0
18528.0
18528.0
18528.0
18528.0
18528.0
18528.0
18528.0
18528.0
18528.0
18528.0
18528.0
18528.0
18528.0
18528.0
18528.0
18528.0
18528.0
18528.0
18528.0
18528.0
18528.0
18528.0
18528.0
18528.0
18528.0
18528.0
18528.0
12462.0
16975.0
18136.0
18308.0
18322.0
18322.0
18322.0
18322.0
18322.0
18322.0
18322.0
18322.0
18322.0
18322.0
18322.0
18322.0
18322.0
18322.0
18322.0
18322.0
18322.0
18322.0
18322.0
18322.0
18322.0
18322.0
18322.0
18322.0
18322.0
18322.0
18322.0
18322.0
18322.0
18322.0
18322.0
18322.0
18322.0
18322.0
18322.0
18322.0
12737.0
17333.0
18336.0
18447.0
18460.0
18462.0
18462.0
18462.0
18462.0
18462.0
18462.0
18462.0
18462.0
18462.0
18462.0
18462.0
18462.0
18462.0
18462.0
18462.0
18462.0
18462.0
18462.0
18462.0
18462.0
18462.0
18462.0
18462.0
18462.0
18462.0
18462.0
18462.0
18462.0
18462.0
18462.0
18462.0
18462.0
18462.0
18462.0
18462.0
12280.0
16987.0
18170.0
18320.0
18336.0
18337.0
18337.0
18337.0
18337.0
18337.0
18337.0
18337.0
18337.0
18337.0
18337.0
18337.0
18337.0
18337.0
18337.0
18337.0
18337.0
18337.0
18337.0
18337.0
18337.0
18337.0
18337.0
18337.0
18337.0
18337.0
18337.0
18337.0
18337.0
18337.0
18337.0
18337.0
18337.0
18337.0
18337.0
18337.0
12517.0
17147.0
18338.0
18504.0
18511.0
18511.0
18511.0
18511.0
18511.0
18511.0
18511.0
18511.0
18511.0
18511.0
18511.0
18511.0
18511.0
18511.0
18511.0
18511.0
18511.0
18511.0
18511.0
18511.0
18511.0
18511.0
18511.0
18511.0
18511.0
18511.0
18511.0
18511.0
18511.0
18511.0
18511.0
18511.0
18511.0
18511.0
18511.0
18511.0
12750.0
17255.0
18232.0
18320.0
18327.0
18327.0
18327.0
18327.0
18327.0
18327.0
18327.0
18327.0
18327.0
18327.0
18327.0
18327.0
18327.0
18327.0
18327.0
18327.0
18327.0
18327.0
18327.0
18327.0
18327.0
18327.0
18327.0
18327.0
18327.0
18327.0
18327.0
18327.0
18327.0
18327.0
18327.0
18327.0
18327.0
18327.0
18327.0
18327.0
12569.0
16939.0
17981.0
18080.0
18085.0
18085.0
18085.0
18085.0
18085.0
18085.0
18085.0
18085.0
18085.0
18085.0
18085.0
18085.0
18085.0
18085.0
18085.0
18085.0
18085.0
18085.0
18085.0
18085.0
18085.0
18085.0
18085.0
18085.0
18085.0
18085.0
18085.0
18085.0
18085.0
18085.0
18085.0
18085.0
18085.0
18085.0
18085.0
18085.0
12341.0
16866.0
17984.0
18102.0
18107.0
18108.0
18108.0
18108.0
18108.0
18108.0
18108.0
18108.0
18108.0
18108.0
18108.0
18108.0
18108.0
18108.0
18108.0
18108.0
18108.0
18108.0
18108.0
18108.0
18108.0
18108.0
18108.0
18108.0
18108.0
18108.0
18108.0
18108.0
18108.0
18108.0
18108.0
18108.0
18108.0
18108.0
18108.0
18108.0
12586.0
17031.0
18177.0
18370.0
18395.0
18397.0
18397.0
18397.0
18397.0
18397.0
18397.0
18397.0
18397.0
18397.0
18397.0
18397.0
18397.0
18397.0
18397.0
18397.0
18397.0
18397.0
18397.0
18397.0
18397.0
18397.0
18397.0
18397.0
18397.0
18397.0
18397.0
18397.0
18397.0
18397.0
18397.0
18397.0
18397.0
18397.0
18397.0
18397.0
12478.0
16880.0
18022.0
18201.0
18220.0
18222.0
18222.0
18222.0
18222.0
18222.0
18222.0
18222.0
18222.0
18222.0
18222.0
18222.0
18222.0
18222.0
18222.0
18222.0
18222.0
18222.0
18222.0
18222.0
18222.0
18222.0
18222.0
18222.0
18222.0
18222.0
18222.0
18222.0
18222.0
18222.0
18222.0
18222.0
18222.0
18222.0
18222.0
18222.0
12393.0
16926.0
18106.0
18231.0
18242.0
18242.0
18242.0
18242.0
18242.0
18242.0
18242.0
18242.0
18242.0
18242.0
18242.0
18242.0
18242.0
18242.0
18242.0
18242.0
18242.0
18242.0
18242.0
18242.0
18242.0
18242.0
18242.0
18242.0
18242.0
18242.0
18242.0
18242.0
18242.0
18242.0
18242.0
18242.0
18242.0
18242.0
18242.0
18242.0
12509.0
16708.0
17580.0
17694.0
17702.0
17702.0
17702.0
17702.0
17702.0
17702.0
17702.0
17702.0
17702.0
17702.0
17702.0
17702.0
17702.0
17702.0
17702.0
17702.0
17702.0
17702.0
17702.0
17702.0
17702.0
17702.0
17702.0
17702.0
17702.0
17702.0
17702.0
17702.0
17702.0
17702.0
17702.0
17702.0
17702.0
17702.0
17702.0
17702.0
12450.0
17036.0
18272.0
18438.0
18447.0
18448.0
18449.0
18449.0
18449.0
18449.0
18449.0
18449.0
18449.0
18449.0
18449.0
18449.0
18449.0
18449.0
18449.0
18449.0
18449.0
18449.0
18449.0
18449.0
18449.0
18449.0
18449.0
18449.0
18449.0
18449.0
18449.0
18449.0
18449.0
18449.0
18449.0
18449.0
18449.0
18449.0
18449.0
18449.0
12741.0
17297.0
18371.0
18476.0
18485.0
18487.0
18487.0
18487.0
18487.0
18487.0
18487.0
18487.0
18487.0
18487.0
18487.0
18487.0
18487.0
18487.0
18487.0
18487.0
18487.0
18487.0
18487.0
18487.0
18487.0
18487.0
18487.0
18487.0
18487.0
18487.0
18487.0
18487.0
18487.0
18487.0
18487.0
18487.0
18487.0
18487.0
18487.0
18487.0
12305.0
16798.0
18089.0
18255.0
18279.0
18280.0
18280.0
18280.0
18280.0
18280.0
18280.0
18280.0
18280.0
18280.0
18280.0
18280.0
18280.0
18280.0
18280.0
18280.0
18280.0
18280.0
18280.0
18280.0
18280.0
18280.0
18280.0
18280.0
18280.0
18280.0
18280.0
18280.0
18280.0
18280.0
18280.0
18280.0
18280.0
18280.0
18280.0
18280.0
12417.0
16927.0
18075.0
18213.0
18218.0
18218.0
18218.0
18218.0
18218.0
18218.0
18218.0
18218.0
18218.0
18218.0
18218.0
18218.0
18218.0
18218.0
18218.0
18218.0
18218.0
18218.0
18218.0
18218.0
18218.0
18218.0
18218.0
18218.0
18218.0
18218.0
18218.0
18218.0
18218.0
18218.0
18218.0
18218.0
18218.0
18218.0
18218.0
18218.0
12609.0
17064.0
18233.0
18374.0
18387.0
18387.0
18387.0
18387.0
18387.0
18387.0
18387.0
18387.0
18387.0
18387.0
18387.0
18387.0
18387.0
18387.0
18387.0
18387.0
18387.0
18387.0
18387.0
18387.0
18387.0
18387.0
18387.0
18387.0
18387.0
18387.0
18387.0
18387.0
18387.0
18387.0
18387.0
18387.0
18387.0
18387.0
18387.0
18387.0
12308.0
16631.0
17616.0
17697.0
17700.0
17700.0
17700.0
17700.0
17700.0
17700.0
17700.0
17700.0
17700.0
17700.0
17700.0
17700.0
17700.0
17700.0
17700.0
17700.0
17700.0
17700.0
17700.0
17700.0
17700.0
17700.0
17700.0
17700.0
17700.0
17700.0
17700.0
17700.0
17700.0
17700.0
17700.0
17700.0
17700.0
17700.0
17700.0
17700.0
12299.0
16518.0
17472.0
17534.0
17536.0
17536.0
17536.0
17536.0
17536.0
17536.0
17536.0
17536.0
17536.0
17536.0
17536.0
17536.0
17536.0
17536.0
17536.0
17536.0
17536.0
17536.0
17536.0
17536.0
17536.0
17536.0
17536.0
17536.0
17536.0
17536.0
17536.0
17536.0
17536.0
17536.0
17536.0
17536.0
17536.0
17536.0
17536.0
17536.0
12382.0
16893.0
18044.0
18156.0
18183.0
18183.0
18183.0
18183.0
18183.0
18183.0
18183.0
18183.0
18183.0
18183.0
18183.0
18183.0
18183.0
18183.0
18183.0
18183.0
18183.0
18183.0
18183.0
18183.0
18183.0
18183.0
18183.0
18183.0
18183.0
18183.0
18183.0
18183.0
18183.0
18183.0
18183.0
18183.0
18183.0
18183.0
18183.0
18183.0
12418.0
17054.0
18170.0
18290.0
18293.0
18293.0
18293.0
18293.0
18293.0
18293.0
18293.0
18293.0
18293.0
18293.0
18293.0
18293.0
18293.0
18293.0
18293.0
18293.0
18293.0
18293.0
18293.0
18293.0
18293.0
18293.0
18293.0
18293.0
18293.0
18293.0
18293.0
18293.0
18293.0
18293.0
18293.0
18293.0
18293.0
18293.0
18293.0
18293.0
12248.0
16702.0
17829.0
17974.0
17978.0
17978.0
17978.0
17978.0
17978.0
17978.0
17978.0
17978.0
17978.0
17978.0
17978.0
17978.0
17978.0
17978.0
17978.0
17978.0
17978.0
17978.0
17978.0
17978.0
17978.0
17978.0
17978.0
17978.0
17978.0
17978.0
17978.0
17978.0
17978.0
17978.0
17978.0
17978.0
17978.0
17978.0
17978.0
17978.0
12483.0
16865.0
17780.0
17852.0
17855.0
17855.0
17855.0
17855.0
17855.0
17855.0
17855.0
17855.0
17855.0
17855.0
17855.0
17855.0
17855.0
17855.0
17855.0
17855.0
17855.0
17855.0
17855.0
17855.0
17855.0
17855.0
17855.0
17855.0
17855.0
17855.0
17855.0
17855.0
17855.0
17855.0
17855.0
17855.0
17855.0
17855.0
17855.0
17855.0
12456.0
16796.0
17740.0
17810.0
17813.0
17813.0
17813.0
17813.0
17813.0
17813.0
17813.0
17813.0
17813.0
17813.0
17813.0
17813.0
17813.0
17813.0
17813.0
17813.0
17813.0
17813.0
17813.0
17813.0
17813.0
17813.0
17813.0
17813.0
17813.0
17813.0
17813.0
17813.0
17813.0
17813.0
17813.0
17813.0
17813.0
17813.0
17813.0
17813.0
12572.0
17182.0
18202.0
18322.0
18325.0
18325.0
18325.0
18325.0
18325.0
18325.0
18325.0
18325.0
18325.0
18325.0
18325.0
18325.0
18325.0
18325.0
18325.0
18325.0
18325.0
18325.0
18325.0
18325.0
18325.0
18325.0
18325.0
18325.0
18325.0
18325.0
18325.0
18325.0
18325.0
18325.0
18325.0
18325.0
18325.0
18325.0
18325.0
18325.0
12364.0
16883.0
18140.0
18301.0
18304.0
18304.0
18304.0
18304.0
18304.0
18304.0
18304.0
18304.0
18304.0
18304.0
18304.0
18304.0
18304.0
18304.0
18304.0
18304.0
18304.0
18304.0
18304.0
18304.0
18304.0
18304.0
18304.0
18304.0
18304.0
18304.0
18304.0
18304.0
18304.0
18304.0
18304.0
18304.0
18304.0
18304.0
18304.0
18304.0
12390.0
16728.0
17752.0
17837.0
17840.0
17840.0
17840.0
17840.0
17840.0
17840.0
17840.0
17840.0
17840.0
17840.0
17840.0
17840.0
17840.0
17840.0
17840.0
17840.0
17840.0
17840.0
17840.0
17840.0
17840.0
17840.0
17840.0
17840.0
17840.0
17840.0
17840.0
17840.0
17840.0
17840.0
17840.0
17840.0
17840.0
17840.0
17840.0
17840.0
12467.0
16701.0
17740.0
17836.0
17839.0
17839.0
17839.0
17839.0
17839.0
17839.0
17839.0
17839.0
17839.0
17839.0
17839.0
17839.0
17839.0
17839.0
17839.0
17839.0
17839.0
17839.0
17839.0
17839.0
17839.0
17839.0
17839.0
17839.0
17839.0
17839.0
17839.0
17839.0
17839.0
17839.0
17839.0
17839.0
17839.0
17839.0
17839.0
17839.0
12664.0
17257.0
18331.0
18436.0
18439.0
18439.0
18439.0
18439.0
18439.0
18439.0
18439.0
18439.0
18439.0
18439.0
18439.0
18439.0
18439.0
18439.0
18439.0
18439.0
18439.0
18439.0
18439.0
18439.0
18439.0
18439.0
18439.0
18439.0
18439.0
18439.0
18439.0
18439.0
18439.0
18439.0
18439.0
18439.0
18439.0
18439.0
18439.0
18439.0
