12522
18417
19993
20287
20297
20297
20297
20297
20297
20297
20297
20297
20297
20297
20297
20297
20297
20297
20297
20297
20297
20297
20297
20297
20297
20297
20297
20297
20297
20297
20297
20297
20297
20297
20297
20297
20297
20297
20297
20297
12603
18298
19797
19996
20013
20013
20013
20013
20013
20013
20013
20013
20013
20013
20013
20013
20013
20013
20013
20013
20013
20013
20013
20013
20013
20013
20013
20013
20013
20013
20013
20013
20013
20013
20013
20013
20013
20013
20013
20013
12526
18291
19864
20097
20103
20103
20103
20103
20103
20103
20103
20103
20103
20103
20103
20103
20103
20103
20103
20103
20103
20103
20103
20103
20103
20103
20103
20103
20103
20103
20103
20103
20103
20103
20103
20103
20103
20103
20103
20103
12502
18111
19528
19660
19666
19666
19666
19666
19666
19666
19666
19666
19666
19666
19666
19666
19666
19666
19666
19666
19666
19666
19666
19666
19666
19666
19666
19666
19666
19666
19666
19666
19666
19666
19666
19666
19666
19666
19666
19666
12395
18316
19901
20128
20150
20151
20151
20151
20151
20151
20151
20151
20151
20151
20151
20151
20151
20151
20151
20151
20151
20151
20151
20151
20151
20151
20151
20151
20151
20151
20151
20151
20151
20151
20151
20151
20151
20151
20151
20151
12756
18319
19615
19724
19732
19732
19732
19732
19732
19732
19732
19732
19732
19732
19732
19732
19732
19732
19732
19732
19732
19732
19732
19732
19732
19732
19732
19732
19732
19732
19732
19732
19732
19732
19732
19732
19732
19732
19732
19732
12387
18115
19520
19790
19822
19823
19823
19823
19823
19823
19823
19823
19823
19823
19823
19823
19823
19823
19823
19823
19823
19823
19823
19823
19823
19823
19823
19823
19823
19823
19823
19823
19823
19823
19823
19823
19823
19823
19823
19823
12934
18745
20241
20372
20375
20375
20375
20375
20375
20375
20375
20375
20375
20375
20375
20375
20375
20375
20375
20375
20375
20375
20375
20375
20375
20375
20375
20375
20375
20375
20375
20375
20375
20375
20375
20375
20375
20375
20375
20375
12531
18353
19823
20033
20050
20050
20050
20050
20050
20050
20050
20050
20050
20050
20050
20050
20050
20050
20050
20050
20050
20050
20050
20050
20050
20050
20050
20050
20050
20050
20050
20050
20050
20050
20050
20050
20050
20050
20050
20050
12480
18323
19850
20055
20073
20074
20074
20074
20074
20074
20074
20074
20074
20074
20074
20074
20074
20074
20074
20074
20074
20074
20074
20074
20074
20074
20074
20074
20074
20074
20074
20074
20074
20074
20074
20074
20074
20074
20074
20074
12864
18562
19835
19960
19966
19966
19966
19966
19966
19966
19966
19966
19966
19966
19966
19966
19966
19966
19966
19966
19966
19966
19966
19966
19966
19966
19966
19966
19966
19966
19966
19966
19966
19966
19966
19966
19966
19966
19966
19966
12444
18381
20104
20360
20397
20405
20405
20405
20405
20405
20405
20405
20405
20405
20405
20405
20405
20405
20405
20405
20405
20405
20405
20405
20405
20405
20405
20405
20405
20405
20405
20405
20405
20405
20405
20405
20405
20405
20405
20405
12367
17999
19487
19702
19704
19704
19704
19704
19704
19704
19704
19704
19704
19704
19704
19704
19704
19704
19704
19704
19704
19704
19704
19704
19704
19704
19704
19704
19704
19704
19704
19704
19704
19704
19704
19704
19704
19704
19704
19704
12552
18356
19869
20088
20123
20135
20136
20136
20136
20136
20136
20136
20136
20136
20136
20136
20136
20136
20136
20136
20136
20136
20136
20136
20136
20136
20136
20136
20136
20136
20136
20136
20136
20136
20136
20136
20136
20136
20136
20136
12252
17887
19315
19520
19535
19535
19535
19535
19535
19535
19535
19535
19535
19535
19535
19535
19535
19535
19535
19535
19535
19535
19535
19535
19535
19535
19535
19535
19535
19535
19535
19535
19535
19535
19535
19535
19535
19535
19535
19535
12206
18159
19931
20174
20197
20197
20197
20197
20197
20197
20197
20197
20197
20197
20197
20197
20197
20197
20197
20197
20197
20197
20197
20197
20197
20197
20197
20197
20197
20197
20197
20197
20197
20197
20197
20197
20197
20197
20197
20197
12173
17960
19471
19627
19629
19629
19629
19629
19629
19629
19629
19629
19629
19629
19629
19629
19629
19629
19629
19629
19629
19629
19629
19629
19629
19629
19629
19629
19629
19629
19629
19629
19629
19629
19629
19629
19629
19629
19629
19629
12503
18403
20063
20308
20310
20310
20310
20310
20310
20310
20310
20310
20310
20310
20310
20310
20310
20310
20310
20310
20310
20310
20310
20310
20310
20310
20310
20310
20310
20310
20310
20310
20310
20310
20310
20310
20310
20310
20310
20310
12457
18294
19857
20066
20074
20074
20074
20074
20074
20074
20074
20074
20074
20074
20074
20074
20074
20074
20074
20074
20074
20074
20074
20074
20074
20074
20074
20074
20074
20074
20074
20074
20074
20074
20074
20074
20074
20074
20074
20074
12396
18123
19584
19755
19759
19759
19759
19759
19759
19759
19759
19759
19759
19759
19759
19759
19759
19759
19759
19759
19759
19759
19759
19759
19759
19759
19759
19759
19759
19759
19759
19759
19759
19759
19759
19759
19759
19759
19759
19759
12584
18444
20039
20223
20228
20228
20228
20228
20228
20228
20228
20228
20228
20228
20228
20228
20228
20228
20228
20228
20228
20228
20228
20228
20228
20228
20228
20228
20228
20228
20228
20228
20228
20228
20228
20228
20228
20228
20228
20228
12299
17944
19346
19490
19517
19517
19517
19517
19517
19517
19517
19517
19517
19517
19517
19517
19517
19517
19517
19517
19517
19517
19517
19517
19517
19517
19517
19517
19517
19517
19517
19517
19517
19517
19517
19517
19517
19517
19517
19517
12536
18396
20066
20269
20271
20271
20271
20271
20271
20271
20271
20271
20271
20271
20271
20271
20271
20271
20271
20271
20271
20271
20271
20271
20271
20271
20271
20271
20271
20271
20271
20271
20271
20271
20271
20271
20271
20271
20271
20271
12533
18381
19885
20046
20050
20050
20050
20050
20050
20050
20050
20050
20050
20050
20050
20050
20050
20050
20050
20050
20050
20050
20050
20050
20050
20050
20050
20050
20050
20050
20050
20050
20050
20050
20050
20050
20050
20050
20050
20050
12577
18511
20064
20247
20270
20270
20270
20270
20270
20270
20270
20270
20270
20270
20270
20270
20270
20270
20270
20270
20270
20270
20270
20270
20270
20270
20270
20270
20270
20270
20270
20270
20270
20270
20270
20270
20270
20270
20270
20270
12381
17963
19253
19396
19411
19412
19412
19412
19412
19412
19412
19412
19412
19412
19412
19412
19412
19412
19412
19412
19412
19412
19412
19412
19412
19412
19412
19412
19412
19412
19412
19412
19412
19412
19412
19412
19412
19412
19412
19412
12240
18191
19830
20124
20130
20131
20131
20131
20131
20131
20131
20131
20131
20131
20131
20131
20131
20131
20131
20131
20131
20131
20131
20131
20131
20131
20131
20131
20131
20131
20131
20131
20131
20131
20131
20131
20131
20131
20131
20131
12311
18073
19512
19645
19648
19648
19648
19648
19648
19648
19648
19648
19648
19648
19648
19648
19648
19648
19648
19648
19648
19648
19648
19648
19648
19648
19648
19648
19648
19648
19648
19648
19648
19648
19648
19648
19648
19648
19648
19648
12330
18009
19454
19668
19675
19676
19676
19676
19676
19676
19676
19676
19676
19676
19676
19676
19676
19676
19676
19676
19676
19676
19676
19676
19676
19676
19676
19676
19676
19676
19676
19676
19676
19676
19676
19676
19676
19676
19676
19676
12478
17971
19265
19396
19409
19409
19409
19409
19409
19409
19409
19409
19409
19409
19409
19409
19409
19409
19409
19409
19409
19409
19409
19409
19409
19409
19409
19409
19409
19409
19409
19409
19409
19409
19409
19409
19409
19409
19409
19409
12461
18061
19552
19715
19719
19719
19719
19719
19719
19719
19719
19719
19719
19719
19719
19719
19719
19719
19719
19719
19719
19719
19719
19719
19719
19719
19719
19719
19719
19719
19719
19719
19719
19719
19719
19719
19719
19719
19719
19719
12520
18158
19691
19934
19939
19939
19939
19939
19939
19939
19939
19939
19939
19939
19939
19939
19939
19939
19939
19939
19939
19939
19939
19939
19939
19939
19939
19939
19939
19939
19939
19939
19939
19939
19939
19939
19939
19939
19939
19939
12658
18528
20040
20212
20226
20226
20226
20226
20226
20226
20226
20226
20226
20226
20226
20226
20226
20226
20226
20226
20226
20226
20226
20226
20226
20226
20226
20226
20226
20226
20226
20226
20226
20226
20226
20226
20226
20226
20226
20226
12467
18093
19540
19703
19715
19715
19715
19715
19715
19715
19715
19715
19715
19715
19715
19715
19715
19715
19715
19715
19715
19715
19715
19715
19715
19715
19715
19715
19715
19715
19715
19715
19715
19715
19715
19715
19715
19715
19715
19715
12611
18242
19592
19729
19744
19744
19744
19744
19744
19744
19744
19744
19744
19744
19744
19744
19744
19744
19744
19744
19744
19744
19744
19744
19744
19744
19744
19744
19744
19744
19744
19744
19744
19744
19744
19744
19744
19744
19744
19744
12446
18242
19677
19906
19911
19911
19911
19911
19911
19911
19911
19911
19911
19911
19911
19911
19911
19911
19911
19911
19911
19911
19911
19911
19911
19911
19911
19911
19911
19911
19911
19911
19911
19911
19911
19911
19911
19911
19911
19911
12569
18331
19718
19875
19880
19880
19880
19880
19880
19880
19880
19880
19880
19880
19880
19880
19880
19880
19880
19880
19880
19880
19880
19880
19880
19880
19880
19880
19880
19880
19880
19880
19880
19880
19880
19880
19880
19880
19880
19880
12552
18334
19867
20100
20105
20105
20105
20105
20105
20105
20105
20105
20105
20105
20105
20105
20105
20105
20105
20105
20105
20105
20105
20105
20105
20105
20105
20105
20105
20105
20105
20105
20105
20105
20105
20105
20105
20105
20105
20105
12415
18181
19657
19848
19868
19869
19869
19869
19869
19869
19869
19869
19869
19869
19869
19869
19869
19869
19869
19869
19869
19869
19869
19869
19869
19869
19869
19869
19869
19869
19869
19869
19869
19869
19869
19869
19869
19869
19869
19869
12771
18350
19532
19702
19705
19706
19706
19706
19706
19706
19706
19706
19706
19706
19706
19706
19706
19706
19706
19706
19706
19706
19706
19706
19706
19706
19706
19706
19706
19706
19706
19706
19706
19706
19706
19706
19706
19706
19706
19706
12756
18544
19871
19995
20000
20000
20000
20000
20000
20000
20000
20000
20000
20000
20000
20000
20000
20000
20000
20000
20000
20000
20000
20000
20000
20000
20000
20000
20000
20000
20000
20000
20000
20000
20000
20000
20000
20000
20000
20000
12490
18113
19550
19722
19729
19730
19730
19730
19730
19730
19730
19730
19730
19730
19730
19730
19730
19730
19730
19730
19730
19730
19730
19730
19730
19730
19730
19730
19730
19730
19730
19730
19730
19730
19730
19730
19730
19730
19730
19730
12292
18111
19670
19859
19881
19881
19881
19881
19881
19881
19881
19881
19881
19881
19881
19881
19881
19881
19881
19881
19881
19881
19881
19881
19881
19881
19881
19881
19881
19881
19881
19881
19881
19881
19881
19881
19881
19881
19881
19881
12531
18074
19494
19698
19710
19710
19710
19710
19710
19710
19710
19710
19710
19710
19710
19710
19710
19710
19710
19710
19710
19710
19710
19710
19710
19710
19710
19710
19710
19710
19710
19710
19710
19710
19710
19710
19710
19710
19710
19710
12533
18213
19575
19712
19728
19728
19728
19728
19728
19728
19728
19728
19728
19728
19728
19728
19728
19728
19728
19728
19728
19728
19728
19728
19728
19728
19728
19728
19728
19728
19728
19728
19728
19728
19728
19728
19728
19728
19728
19728
12230
17865
19385
19588
19599
19599
19599
19599
19599
19599
19599
19599
19599
19599
19599
19599
19599
19599
19599
19599
19599
19599
19599
19599
19599
19599
19599
19599
19599
19599
19599
19599
19599
19599
19599
19599
19599
19599
19599
19599
12502
18005
19471
19594
19598
19598
19598
19598
19598
19598
19598
19598
19598
19598
19598
19598
19598
19598
19598
19598
19598
19598
19598
19598
19598
19598
19598
19598
19598
19598
19598
19598
19598
19598
19598
19598
19598
19598
19598
19598
12664
18442
19948
20156
20166
20166
20166
20166
20166
20166
20166
20166
20166
20166
20166
20166
20166
20166
20166
20166
20166
20166
20166
20166
20166
20166
20166
20166
20166
20166
20166
20166
20166
20166
20166
20166
20166
20166
20166
20166
12703
18468
19846
20018
20026
20026
20026
20026
20026
20026
20026
20026
20026
20026
20026
20026
20026
20026
20026
20026
20026
20026
20026
20026
20026
20026
20026
20026
20026
20026
20026
20026
20026
20026
20026
20026
20026
20026
20026
20026
12473
18258
19658
19823
19843
19845
19845
19845
19845
19845
19845
19845
19845
19845
19845
19845
19845
19845
19845
19845
19845
19845
19845
19845
19845
19845
19845
19845
19845
19845
19845
19845
19845
19845
19845
19845
19845
19845
19845
19845
12467
17866
19060
19171
19186
19186
19186
19186
19186
19186
19186
19186
19186
19186
19186
19186
19186
19186
19186
19186
19186
19186
19186
19186
19186
19186
19186
19186
19186
19186
19186
19186
19186
19186
19186
19186
19186
19186
19186
19186
12429
18106
19664
19847
19877
19877
19877
19877
19877
19877
19877
19877
19877
19877
19877
19877
19877
19877
19877
19877
19877
19877
19877
19877
19877
19877
19877
19877
19877
19877
19877
19877
19877
19877
19877
19877
19877
19877
19877
19877
12447
18284
19770
19939
19961
19961
19961
19961
19961
19961
19961
19961
19961
19961
19961
19961
19961
19961
19961
19961
19961
19961
19961
19961
19961
19961
19961
19961
19961
19961
19961
19961
19961
19961
19961
19961
19961
19961
19961
19961
12535
18208
19727
19857
19862
19862
19862
19862
19862
19862
19862
19862
19862
19862
19862
19862
19862
19862
19862
19862
19862
19862
19862
19862
19862
19862
19862
19862
19862
19862
19862
19862
19862
19862
19862
19862
19862
19862
19862
19862
12621
18558
20076
20252
20258
20258
20258
20258
20258
20258
20258
20258
20258
20258
20258
20258
20258
20258
20258
20258
20258
20258
20258
20258
20258
20258
20258
20258
20258
20258
20258
20258
20258
20258
20258
20258
20258
20258
20258
20258
12627
18422
19915
20069
20075
20075
20075
20075
20075
20075
20075
20075
20075
20075
20075
20075
20075
20075
20075
20075
20075
20075
20075
20075
20075
20075
20075
20075
20075
20075
20075
20075
20075
20075
20075
20075
20075
20075
20075
20075
12778
18600
20198
20376
20377
20377
20377
20377
20377
20377
20377
20377
20377
20377
20377
20377
20377
20377
20377
20377
20377
20377
20377
20377
20377
20377
20377
20377
20377
20377
20377
20377
20377
20377
20377
20377
20377
20377
20377
20377
12722
18543
19944
20082
20083
20083
20083
20083
20083
20083
20083
20083
20083
20083
20083
20083
20083
20083
20083
20083
20083
20083
20083
20083
20083
20083
20083
20083
20083
20083
20083
20083
20083
20083
20083
20083
20083
20083
20083
20083
12664
18550
20192
20399
20406
20407
20407
20407
20407
20407
20407
20407
20407
20407
20407
20407
20407
20407
20407
20407
20407
20407
20407
20407
20407
20407
20407
20407
20407
20407
20407
20407
20407
20407
20407
20407
20407
20407
20407
20407
12920
18599
19821
19916
19922
19922
19922
19922
19922
19922
19922
19922
19922
19922
19922
19922
19922
19922
19922
19922
19922
19922
19922
19922
19922
19922
19922
19922
19922
19922
19922
19922
19922
19922
19922
19922
19922
19922
19922
19922
12355
17979
19504
19690
19716
19716
19716
19716
19716
19716
19716
19716
19716
19716
19716
19716
19716
19716
19716
19716
19716
19716
19716
19716
19716
19716
19716
19716
19716
19716
19716
19716
19716
19716
19716
19716
19716
19716
19716
19716
12434
18029
19450
19634
19640
19640
19640
19640
19640
19640
19640
19640
19640
19640
19640
19640
19640
19640
19640
19640
19640
19640
19640
19640
19640
19640
19640
19640
19640
19640
19640
19640
19640
19640
19640
19640
19640
19640
19640
19640
12214
18145
19855
20195
20225
20227
20227
20227
20227
20227
20227
20227
20227
20227
20227
20227
20227
20227
20227
20227
20227
20227
20227
20227
20227
20227
20227
20227
20227
20227
20227
20227
20227
20227
20227
20227
20227
20227
20227
20227
12521
18143
19590
19762
19768
19768
19768
19768
19768
19768
19768
19768
19768
19768
19768
19768
19768
19768
19768
19768
19768
19768
19768
19768
19768
19768
19768
19768
19768
19768
19768
19768
19768
19768
19768
19768
19768
19768
19768
19768
12312
17830
19109
19247
19248
19248
19248
19248
19248
19248
19248
19248
19248
19248
19248
19248
19248
19248
19248
19248
19248
19248
19248
19248
19248
19248
19248
19248
19248
19248
19248
19248
19248
19248
19248
19248
19248
19248
19248
19248
12370
18226
19774
20060
20099
20100
20100
20100
20100
20100
20100
20100
20100
20100
20100
20100
20100
20100
20100
20100
20100
20100
20100
20100
20100
20100
20100
20100
20100
20100
20100
20100
20100
20100
20100
20100
20100
20100
20100
20100
12409
18167
19719
19905
19928
19930
19930
19930
19930
19930
19930
19930
19930
19930
19930
19930
19930
19930
19930
19930
19930
19930
19930
19930
19930
19930
19930
19930
19930
19930
19930
19930
19930
19930
19930
19930
19930
19930
19930
19930
12547
18190
19607
19802
19806
19806
19806
19806
19806
19806
19806
19806
19806
19806
19806
19806
19806
19806
19806
19806
19806
19806
19806
19806
19806
19806
19806
19806
19806
19806
19806
19806
19806
19806
19806
19806
19806
19806
19806
19806
12452
18260
19810
19986
19989
19989
19989
19989
19989
19989
19989
19989
19989
19989
19989
19989
19989
19989
19989
19989
19989
19989
19989
19989
19989
19989
19989
19989
19989
19989
19989
19989
19989
19989
19989
19989
19989
19989
19989
19989
12681
18285
19725
19802
19804
19804
19804
19804
19804
19804
19804
19804
19804
19804
19804
19804
19804
19804
19804
19804
19804
19804
19804
19804
19804
19804
19804
19804
19804
19804
19804
19804
19804
19804
19804
19804
19804
19804
19804
19804
12497
18118
19529
19689
19691
19691
19691
19691
19691
19691
19691
19691
19691
19691
19691
19691
19691
19691
19691
19691
19691
19691
19691
19691
19691
19691
19691
19691
19691
19691
19691
19691
19691
19691
19691
19691
19691
19691
19691
19691
12507
18095
19385
19519
19529
19531
19532
19532
19532
19532
19532
19532
19532
19532
19532
19532
19532
19532
19532
19532
19532
19532
19532
19532
19532
19532
19532
19532
19532
19532
19532
19532
19532
19532
19532
19532
19532
19532
19532
19532
12436
18169
19647
19748
19765
19765
19765
19765
19765
19765
19765
19765
19765
19765
19765
19765
19765
19765
19765
19765
19765
19765
19765
19765
19765
19765
19765
19765
19765
19765
19765
19765
19765
19765
19765
19765
19765
19765
19765
19765
12381
18195
19700
19879
19884
19884
19884
19884
19884
19884
19884
19884
19884
19884
19884
19884
19884
19884
19884
19884
19884
19884
19884
19884
19884
19884
19884
19884
19884
19884
19884
19884
19884
19884
19884
19884
19884
19884
19884
19884
12589
18480
19965
20211
20226
20226
20226
20226
20226
20226
20226
20226
20226
20226
20226
20226
20226
20226
20226
20226
20226
20226
20226
20226
20226
20226
20226
20226
20226
20226
20226
20226
20226
20226
20226
20226
20226
20226
20226
20226
12725
18567
19916
20064
20067
20067
20067
20067
20067
20067
20067
20067
20067
20067
20067
20067
20067
20067
20067
20067
20067
20067
20067
20067
20067
20067
20067
20067
20067
20067
20067
20067
20067
20067
20067
20067
20067
20067
20067
20067
12329
17979
19352
19510
19512
19512
19512
19512
19512
19512
19512
19512
19512
19512
19512
19512
19512
19512
19512
19512
19512
19512
19512
19512
19512
19512
19512
19512
19512
19512
19512
19512
19512
19512
19512
19512
19512
19512
19512
19512
12419
18360
20005
20209
20226
20226
20226
20226
20226
20226
20226
20226
20226
20226
20226
20226
20226
20226
20226
20226
20226
20226
20226
20226
20226
20226
20226
20226
20226
20226
20226
20226
20226
20226
20226
20226
20226
20226
20226
20226
12662
18349
19632
19759
19760
19760
19760
19760
19760
19760
19760
19760
19760
19760
19760
19760
19760
19760
19760
19760
19760
19760
19760
19760
19760
19760
19760
19760
19760
19760
19760
19760
19760
19760
19760
19760
19760
19760
19760
19760
12503
18220
19584
19742
19768
19768
19768
19768
19768
19768
19768
19768
19768
19768
19768
19768
19768
19768
19768
19768
19768
19768
19768
19768
19768
19768
19768
19768
19768
19768
19768
19768
19768
19768
19768
19768
19768
19768
19768
19768
12650
18471
19973
20189
20209
20209
20209
20209
20209
20209
20209
20209
20209
20209
20209
20209
20209
20209
20209
20209
20209
20209
20209
20209
20209
20209
20209
20209
20209
20209
20209
20209
20209
20209
20209
20209
20209
20209
20209
20209
12799
18594
19945
20166
20173
20173
20173
20173
20173
20173
20173
20173
20173
20173
20173
20173
20173
20173
20173
20173
20173
20173
20173
20173
20173
20173
20173
20173
20173
20173
20173
20173
20173
20173
20173
20173
20173
20173
20173
20173
12505
18339
19913
20061
20074
20074
20074
20074
20074
20074
20074
20074
20074
20074
20074
20074
20074
20074
20074
20074
20074
20074
20074
20074
20074
20074
20074
20074
20074
20074
20074
20074
20074
20074
20074
20074
20074
20074
20074
20074
12542
18406
19841
20030
20033
20033
20033
20033
20033
20033
20033
20033
20033
20033
20033
20033
20033
20033
20033
20033
20033
20033
20033
20033
20033
20033
20033
20033
20033
20033
20033
20033
20033
20033
20033
20033
20033
20033
20033
20033
12354
18204
19704
19894
19899
19899
19899
19899
19899
19899
19899
19899
19899
19899
19899
19899
19899
19899
19899
19899
19899
19899
19899
19899
19899
19899
19899
19899
19899
19899
19899
19899
19899
19899
19899
19899
19899
19899
19899
19899
12563
18088
19387
19500
19503
19503
19503
19503
19503
19503
19503
19503
19503
19503
19503
19503
19503
19503
19503
19503
19503
19503
19503
19503
19503
19503
19503
19503
19503
19503
19503
19503
19503
19503
19503
19503
19503
19503
19503
19503
12598
18225
19596
19809
19813
19813
19813
19813
19813
19813
19813
19813
19813
19813
19813
19813
19813
19813
19813
19813
19813
19813
19813
19813
19813
19813
19813
19813
19813
19813
19813
19813
19813
19813
19813
19813
19813
19813
19813
19813
12509
18274
19781
19909
19913
19914
19914
19914
19914
19914
19914
19914
19914
19914
19914
19914
19914
19914
19914
19914
19914
19914
19914
19914
19914
19914
19914
19914
19914
19914
19914
19914
19914
19914
19914
19914
19914
19914
19914
19914
12433
18038
19345
19452
19453
19453
19453
19453
19453
19453
19453
19453
19453
19453
19453
19453
19453
19453
19453
19453
19453
19453
19453
19453
19453
19453
19453
19453
19453
19453
19453
19453
19453
19453
19453
19453
19453
19453
19453
19453
12566
18264
19774
19966
19973
19973
19973
19973
19973
19973
19973
19973
19973
19973
19973
19973
19973
19973
19973
19973
19973
19973
19973
19973
19973
19973
19973
19973
19973
19973
19973
19973
19973
19973
19973
19973
19973
19973
19973
19973
12535
18242
19650
19799
19803
19803
19803
19803
19803
19803
19803
19803
19803
19803
19803
19803
19803
19803
19803
19803
19803
19803
19803
19803
19803
19803
19803
19803
19803
19803
19803
19803
19803
19803
19803
19803
19803
19803
19803
19803
12396
18329
19770
19895
19898
19898
19898
19898
19898
19898
19898
19898
19898
19898
19898
19898
19898
19898
19898
19898
19898
19898
19898
19898
19898
19898
19898
19898
19898
19898
19898
19898
19898
19898
19898
19898
19898
19898
19898
19898
12675
18464
19846
20035
20053
20062
20062
20062
20062
20062
20062
20062
20062
20062
20062
20062
20062
20062
20062
20062
20062
20062
20062
20062
20062
20062
20062
20062
20062
20062
20062
20062
20062
20062
20062
20062
20062
20062
20062
20062
12687
18480
19957
20115
20122
20122
20122
20122
20122
20122
20122
20122
20122
20122
20122
20122
20122
20122
20122
20122
20122
20122
20122
20122
20122
20122
20122
20122
20122
20122
20122
20122
20122
20122
20122
20122
20122
20122
20122
20122
12518
18090
19445
19608
19616
19616
19616
19616
19616
19616
19616
19616
19616
19616
19616
19616
19616
19616
19616
19616
19616
19616
19616
19616
19616
19616
19616
19616
19616
19616
19616
19616
19616
19616
19616
19616
19616
19616
19616
19616
12254
18163
19820
20002
20004
20004
20004
20004
20004
20004
20004
20004
20004
20004
20004
20004
20004
20004
20004
20004
20004
20004
20004
20004
20004
20004
20004
20004
20004
20004
20004
20004
20004
20004
20004
20004
20004
20004
20004
20004
12560
18352
19656
19762
19764
19764
19764
19764
19764
19764
19764
19764
19764
19764
19764
19764
19764
19764
19764
19764
19764
19764
19764
19764
19764
19764
19764
19764
19764
19764
19764
19764
19764
19764
19764
19764
19764
19764
19764
19764
12586
18147
19485
19614
19626
19626
19626
19626
19626
19626
19626
19626
19626
19626
19626
19626
19626
19626
19626
19626
19626
19626
19626
19626
19626
19626
19626
19626
19626
19626
19626
19626
19626
19626
19626
19626
19626
19626
19626
19626
12476
18162
19618
19834
19851
19852
19852
19852
19852
19852
19852
19852
19852
19852
19852
19852
19852
19852
19852
19852
19852
19852
19852
19852
19852
19852
19852
19852
19852
19852
19852
19852
19852
19852
19852
19852
19852
19852
19852
19852
12522
18227
19760
19927
19950
19950
19950
19950
19950
19950
19950
19950
19950
19950
19950
19950
19950
19950
19950
19950
19950
19950
19950
19950
19950
19950
19950
19950
19950
19950
19950
19950
19950
19950
19950
19950
19950
19950
19950
19950
12461
18013
19535
19735
19741
19741
19741
19741
19741
19741
19741
19741
19741
19741
19741
19741
19741
19741
19741
19741
19741
19741
19741
19741
19741
19741
19741
19741
19741
19741
19741
19741
19741
19741
19741
19741
19741
19741
19741
19741
12615
18401
19739
19885
19895
19896
19896
19896
19896
19896
19896
19896
19896
19896
19896
19896
19896
19896
19896
19896
19896
19896
19896
19896
19896
19896
19896
19896
19896
19896
19896
19896
19896
19896
19896
19896
19896
19896
19896
19896
12364
18030
19644
19868
19877
19877
19877
19877
19877
19877
19877
19877
19877
19877
19877
19877
19877
19877
19877
19877
19877
19877
19877
19877
19877
19877
19877
19877
19877
19877
19877
19877
19877
19877
19877
19877
19877
19877
19877
19877
12293
17662
19035
19227
19245
19246
19246
19246
19246
19246
19246
19246
19246
19246
19246
19246
19246
19246
19246
19246
19246
19246
19246
19246
19246
19246
19246
19246
19246
19246
19246
19246
19246
19246
19246
19246
19246
19246
19246
19246
12510
18106
19496
19665
19687
19687
19687
19687
19687
19687
19687
19687
19687
19687
19687
19687
19687
19687
19687
19687
19687
19687
19687
19687
19687
19687
19687
19687
19687
19687
19687
19687
19687
19687
19687
19687
19687
19687
19687
19687
12517
18585
20282
20567
20597
20597
20597
20597
20597
20597
20597
20597
20597
20597
20597
20597
20597
20597
20597
20597
20597
20597
20597
20597
20597
20597
20597
20597
20597
20597
20597
20597
20597
20597
20597
20597
20597
20597
20597
20597
12625
18338
19830
20043
20066
20067
20067
20067
20067
20067
20067
20067
20067
20067
20067
20067
20067
20067
20067
20067
20067
20067
20067
20067
20067
20067
20067
20067
20067
20067
20067
20067
20067
20067
20067
20067
20067
20067
20067
20067
12331
17914
19311
19496
19501
19501
19501
19501
19501
19501
19501
19501
19501
19501
19501
19501
19501
19501
19501
19501
19501
19501
19501
19501
19501
19501
19501
19501
19501
19501
19501
19501
19501
19501
19501
19501
19501
19501
19501
19501
12755
18650
20204
20392
20404
20412
20412
20412
20412
20412
20412
20412
20412
20412
20412
20412
20412
20412
20412
20412
20412
20412
20412
20412
20412
20412
20412
20412
20412
20412
20412
20412
20412
20412
20412
20412
20412
20412
20412
20412
12693
18681
20270
20485
20503
20503
20503
20503
20503
20503
20503
20503
20503
20503
20503
20503
20503
20503
20503
20503
20503
20503
20503
20503
20503
20503
20503
20503
20503
20503
20503
20503
20503
20503
20503
20503
20503
20503
20503
20503
12479
18426
20027
20294
20304
20304
20304
20304
20304
20304
20304
20304
20304
20304
20304
20304
20304
20304
20304
20304
20304
20304
20304
20304
20304
20304
20304
20304
20304
20304
20304
20304
20304
20304
20304
20304
20304
20304
20304
20304
12450
18001
19455
19622
19626
19626
19626
19626
19626
19626
19626
19626
19626
19626
19626
19626
19626
19626
19626
19626
19626
19626
19626
19626
19626
19626
19626
19626
19626
19626
19626
19626
19626
19626
19626
19626
19626
19626
19626
19626
12445
18041
19432
19585
19589
19590
19590
19590
19590
19590
19590
19590
19590
19590
19590
19590
19590
19590
19590
19590
19590
19590
19590
19590
19590
19590
19590
19590
19590
19590
19590
19590
19590
19590
19590
19590
19590
19590
19590
19590
12657
18394
19661
19774
19780
19780
19780
19780
19780
19780
19780
19780
19780
19780
19780
19780
19780
19780
19780
19780
19780
19780
19780
19780
19780
19780
19780
19780
19780
19780
19780
19780
19780
19780
19780
19780
19780
19780
19780
19780
12463
18055
19431
19580
19597
19597
19597
19597
19597
19597
19597
19597
19597
19597
19597
19597
19597
19597
19597
19597
19597
19597
19597
19597
19597
19597
19597
19597
19597
19597
19597
19597
19597
19597
19597
19597
19597
19597
19597
19597
12477
18380
20027
20374
20420
20421
20421
20421
20421
20421
20421
20421
20421
20421
20421
20421
20421
20421
20421
20421
20421
20421
20421
20421
20421
20421
20421
20421
20421
20421
20421
20421
20421
20421
20421
20421
20421
20421
20421
20421
12606
18424
20132
20336
20339
20339
20339
20339
20339
20339
20339
20339
20339
20339
20339
20339
20339
20339
20339
20339
20339
20339
20339
20339
20339
20339
20339
20339
20339
20339
20339
20339
20339
20339
20339
20339
20339
20339
20339
20339
12416
18460
20200
20477
20485
20485
20485
20485
20485
20485
20485
20485
20485
20485
20485
20485
20485
20485
20485
20485
20485
20485
20485
20485
20485
20485
20485
20485
20485
20485
20485
20485
20485
20485
20485
20485
20485
20485
20485
20485
12458
18105
19603
19791
19804
19804
19804
19804
19804
19804
19804
19804
19804
19804
19804
19804
19804
19804
19804
19804
19804
19804
19804
19804
19804
19804
19804
19804
19804
19804
19804
19804
19804
19804
19804
19804
19804
19804
19804
19804
12363
17971
19485
19687
19689
19689
19689
19689
19689
19689
19689
19689
19689
19689
19689
19689
19689
19689
19689
19689
19689
19689
19689
19689
19689
19689
19689
19689
19689
19689
19689
19689
19689
19689
19689
19689
19689
19689
19689
19689
12622
18539
19948
20089
20097
20097
20097
20097
20097
20097
20097
20097
20097
20097
20097
20097
20097
20097
20097
20097
20097
20097
20097
20097
20097
20097
20097
20097
20097
20097
20097
20097
20097
20097
20097
20097
20097
20097
20097
20097
12459
18177
19651
19861
19868
19868
19868
19868
19868
19868
19868
19868
19868
19868
19868
19868
19868
19868
19868
19868
19868
19868
19868
19868
19868
19868
19868
19868
19868
19868
19868
19868
19868
19868
19868
19868
19868
19868
19868
19868
12461
18165
19631
19762
19775
19775
19775
19775
19775
19775
19775
19775
19775
19775
19775
19775
19775
19775
19775
19775
19775
19775
19775
19775
19775
19775
19775
19775
19775
19775
19775
19775
19775
19775
19775
19775
19775
19775
19775
19775
12503
18189
19810
20096
20115
20116
20116
20116
20116
20116
20116
20116
20116
20116
20116
20116
20116
20116
20116
20116
20116
20116
20116
20116
20116
20116
20116
20116
20116
20116
20116
20116
20116
20116
20116
20116
20116
20116
20116
20116
12404
18005
19471
19640
19645
19645
19645
19645
19645
19645
19645
19645
19645
19645
19645
19645
19645
19645
19645
19645
19645
19645
19645
19645
19645
19645
19645
19645
19645
19645
19645
19645
19645
19645
19645
19645
19645
19645
19645
19645
12428
18247
19792
19996
20006
20006
20006
20006
20006
20006
20006
20006
20006
20006
20006
20006
20006
20006
20006
20006
20006
20006
20006
20006
20006
20006
20006
20006
20006
20006
20006
20006
20006
20006
20006
20006
20006
20006
20006
20006
12247
18098
19772
19986
19994
19994
19994
19994
19994
19994
19994
19994
19994
19994
19994
19994
19994
19994
19994
19994
19994
19994
19994
19994
19994
19994
19994
19994
19994
19994
19994
19994
19994
19994
19994
19994
19994
19994
19994
19994
12456
18022
19246
19376
19391
19391
19391
19391
19391
19391
19391
19391
19391
19391
19391
19391
19391
19391
19391
19391
19391
19391
19391
19391
19391
19391
19391
19391
19391
19391
19391
19391
19391
19391
19391
19391
19391
19391
19391
19391
12177
17981
19526
19708
19714
19715
19715
19715
19715
19715
19715
19715
19715
19715
19715
19715
19715
19715
19715
19715
19715
19715
19715
19715
19715
19715
19715
19715
19715
19715
19715
19715
19715
19715
19715
19715
19715
19715
19715
19715
12424
17995
19511
19653
19657
19657
19657
19657
19657
19657
19657
19657
19657
19657
19657
19657
19657
19657
19657
19657
19657
19657
19657
19657
19657
19657
19657
19657
19657
19657
19657
19657
19657
19657
19657
19657
19657
19657
19657
19657
12455
18399
19959
20174
20181
20181
20181
20181
20181
20181
20181
20181
20181
20181
20181
20181
20181
20181
20181
20181
20181
20181
20181
20181
20181
20181
20181
20181
20181
20181
20181
20181
20181
20181
20181
20181
20181
20181
20181
20181
12465
18309
19920
20139
20144
20144
20144
20144
20144
20144
20144
20144
20144
20144
20144
20144
20144
20144
20144
20144
20144
20144
20144
20144
20144
20144
20144
20144
20144
20144
20144
20144
20144
20144
20144
20144
20144
20144
20144
20144
12617
18196
19546
19757
19762
19762
19762
19762
19762
19762
19762
19762
19762
19762
19762
19762
19762
19762
19762
19762
19762
19762
19762
19762
19762
19762
19762
19762
19762
19762
19762
19762
19762
19762
19762
19762
19762
19762
19762
19762
12462
18214
19608
19732
19735
19735
19735
19735
19735
19735
19735
19735
19735
19735
19735
19735
19735
19735
19735
19735
19735
19735
19735
19735
19735
19735
19735
19735
19735
19735
19735
19735
19735
19735
19735
19735
19735
19735
19735
19735
12707
18380
19720
19926
19944
19944
19944
19944
19944
19944
19944
19944
19944
19944
19944
19944
19944
19944
19944
19944
19944
19944
19944
19944
19944
19944
19944
19944
19944
19944
19944
19944
19944
19944
19944
19944
19944
19944
19944
19944
12478
18275
19915
20126
20148
20148
20148
20148
20148
20148
20148
20148
20148
20148
20148
20148
20148
20148
20148
20148
20148
20148
20148
20148
20148
20148
20148
20148
20148
20148
20148
20148
20148
20148
20148
20148
20148
20148
20148
20148
12232
17944
19481
19719
19756
19758
19758
19758
19758
19758
19758
19758
19758
19758
19758
19758
19758
19758
19758
19758
19758
19758
19758
19758
19758
19758
19758
19758
19758
19758
19758
19758
19758
19758
19758
19758
19758
19758
19758
19758
12320
17967
19239
19388
19404
19404
19404
19404
19404
19404
19404
19404
19404
19404
19404
19404
19404
19404
19404
19404
19404
19404
19404
19404
19404
19404
19404
19404
19404
19404
19404
19404
19404
19404
19404
19404
19404
19404
19404
19404
12645
18387
19853
20084
20089
20089
20089
20089
20089
20089
20089
20089
20089
20089
20089
20089
20089
20089
20089
20089
20089
20089
20089
20089
20089
20089
20089
20089
20089
20089
20089
20089
20089
20089
20089
20089
20089
20089
20089
20089
12481
18293
19877
20096
20115
20115
20115
20115
20115
20115
20115
20115
20115
20115
20115
20115
20115
20115
20115
20115
20115
20115
20115
20115
20115
20115
20115
20115
20115
20115
20115
20115
20115
20115
20115
20115
20115
20115
20115
20115
12440
18348
19954
20166
20187
20187
20187
20187
20187
20187
20187
20187
20187
20187
20187
20187
20187
20187
20187
20187
20187
20187
20187
20187
20187
20187
20187
20187
20187
20187
20187
20187
20187
20187
20187
20187
20187
20187
20187
20187
12423
18109
19684
19948
19964
19965
19965
19965
19965
19965
19965
19965
19965
19965
19965
19965
19965
19965
19965
19965
19965
19965
19965
19965
19965
19965
19965
19965
19965
19965
19965
19965
19965
19965
19965
19965
19965
19965
19965
19965
12450
18190
19608
19776
19783
19783
19783
19783
19783
19783
19783
19783
19783
19783
19783
19783
19783
19783
19783
19783
19783
19783
19783
19783
19783
19783
19783
19783
19783
19783
19783
19783
19783
19783
19783
19783
19783
19783
19783
19783
12370
17931
19348
19498
19501
19501
19501
19501
19501
19501
19501
19501
19501
19501
19501
19501
19501
19501
19501
19501
19501
19501
19501
19501
19501
19501
19501
19501
19501
19501
19501
19501
19501
19501
19501
19501
19501
19501
19501
19501
12393
18147
19679
19908
19932
19932
19932
19932
19932
19932
19932
19932
19932
19932
19932
19932
19932
19932
19932
19932
19932
19932
19932
19932
19932
19932
19932
19932
19932
19932
19932
19932
19932
19932
19932
19932
19932
19932
19932
19932
12326
17982
19585
19824
19829
19829
19829
19829
19829
19829
19829
19829
19829
19829
19829
19829
19829
19829
19829
19829
19829
19829
19829
19829
19829
19829
19829
19829
19829
19829
19829
19829
19829
19829
19829
19829
19829
19829
19829
19829
12299
18145
19686
19866
19886
19886
19886
19886
19886
19886
19886
19886
19886
19886
19886
19886
19886
19886
19886
19886
19886
19886
19886
19886
19886
19886
19886
19886
19886
19886
19886
19886
19886
19886
19886
19886
19886
19886
19886
19886
12762
18773
20292
20508
20526
20527
20527
20527
20527
20527
20527
20527
20527
20527
20527
20527
20527
20527
20527
20527
20527
20527
20527
20527
20527
20527
20527
20527
20527
20527
20527
20527
20527
20527
20527
20527
20527
20527
20527
20527
12553
18464
19781
19915
19920
19920
19920
19920
19920
19920
19920
19920
19920
19920
19920
19920
19920
19920
19920
19920
19920
19920
19920
19920
19920
19920
19920
19920
19920
19920
19920
19920
19920
19920
19920
19920
19920
19920
19920
19920
12572
18438
19957
20161
20167
20167
20167
20167
20167
20167
20167
20167
20167
20167
20167
20167
20167
20167
20167
20167
20167
20167
20167
20167
20167
20167
20167
20167
20167
20167
20167
20167
20167
20167
20167
20167
20167
20167
20167
20167
12525
18243
19693
19805
19809
19809
19809
19809
19809
19809
19809
19809
19809
19809
19809
19809
19809
19809
19809
19809
19809
19809
19809
19809
19809
19809
19809
19809
19809
19809
19809
19809
19809
19809
19809
19809
19809
19809
19809
19809
12700
18648
20269
20453
20477
20477
20477
20477
20477
20477
20477
20477
20477
20477
20477
20477
20477
20477
20477
20477
20477
20477
20477
20477
20477
20477
20477
20477
20477
20477
20477
20477
20477
20477
20477
20477
20477
20477
20477
20477
12518
18109
19506
19633
19640
19641
19641
19641
19641
19641
19641
19641
19641
19641
19641
19641
19641
19641
19641
19641
19641
19641
19641
19641
19641
19641
19641
19641
19641
19641
19641
19641
19641
19641
19641
19641
19641
19641
19641
19641
12455
18291
19816
20040
20047
20047
20047
20047
20047
20047
20047
20047
20047
20047
20047
20047
20047
20047
20047
20047
20047
20047
20047
20047
20047
20047
20047
20047
20047
20047
20047
20047
20047
20047
20047
20047
20047
20047
20047
20047
12351
18172
19741
19975
20008
20008
20008
20008
20008
20008
20008
20008
20008
20008
20008
20008
20008
20008
20008
20008
20008
20008
20008
20008
20008
20008
20008
20008
20008
20008
20008
20008
20008
20008
20008
20008
20008
20008
20008
20008
12321
17995
19477
19609
19615
19615
19615
19615
19615
19615
19615
19615
19615
19615
19615
19615
19615
19615
19615
19615
19615
19615
19615
19615
19615
19615
19615
19615
19615
19615
19615
19615
19615
19615
19615
19615
19615
19615
19615
19615
12463
18175
19541
19628
19628
19628
19628
19628
19628
19628
19628
19628
19628
19628
19628
19628
19628
19628
19628
19628
19628
19628
19628
19628
19628
19628
19628
19628
19628
19628
19628
19628
19628
19628
19628
19628
19628
19628
19628
19628
12607
18144
19448
19576
19579
19579
19579
19579
19579
19579
19579
19579
19579
19579
19579
19579
19579
19579
19579
19579
19579
19579
19579
19579
19579
19579
19579
19579
19579
19579
19579
19579
19579
19579
19579
19579
19579
19579
19579
19579
12359
18410
20130
20321
20328
20330
20330
20330
20330
20330
20330
20330
20330
20330
20330
20330
20330
20330
20330
20330
20330
20330
20330
20330
20330
20330
20330
20330
20330
20330
20330
20330
20330
20330
20330
20330
20330
20330
20330
20330
12577
18332
19668
19847
19858
19858
19858
19858
19858
19858
19858
19858
19858
19858
19858
19858
19858
19858
19858
19858
19858
19858
19858
19858
19858
19858
19858
19858
19858
19858
19858
19858
19858
19858
19858
19858
19858
19858
19858
19858
12505
17976
19182
19347
19348
19348
19348
19348
19348
19348
19348
19348
19348
19348
19348
19348
19348
19348
19348
19348
19348
19348
19348
19348
19348
19348
19348
19348
19348
19348
19348
19348
19348
19348
19348
19348
19348
19348
19348
19348
12796
18696
20145
20356
20391
20391
20391
20391
20391
20391
20391
20391
20391
20391
20391
20391
20391
20391
20391
20391
20391
20391
20391
20391
20391
20391
20391
20391
20391
20391
20391
20391
20391
20391
20391
20391
20391
20391
20391
20391
12493
18253
19772
19963
19965
19965
19965
19965
19965
19965
19965
19965
19965
19965
19965
19965
19965
19965
19965
19965
19965
19965
19965
19965
19965
19965
19965
19965
19965
19965
19965
19965
19965
19965
19965
19965
19965
19965
19965
19965
12318
18210
19903
20143
20152
20152
20152
20152
20152
20152
20152
20152
20152
20152
20152
20152
20152
20152
20152
20152
20152
20152
20152
20152
20152
20152
20152
20152
20152
20152
20152
20152
20152
20152
20152
20152
20152
20152
20152
20152
12489
18256
19723
19934
19948
19948
19948
19948
19948
19948
19948
19948
19948
19948
19948
19948
19948
19948
19948
19948
19948
19948
19948
19948
19948
19948
19948
19948
19948
19948
19948
19948
19948
19948
19948
19948
19948
19948
19948
19948
12471
17995
19189
19273
19273
19273
19273
19273
19273
19273
19273
19273
19273
19273
19273
19273
19273
19273
19273
19273
19273
19273
19273
19273
19273
19273
19273
19273
19273
19273
19273
19273
19273
19273
19273
19273
19273
19273
19273
19273
12160
18053
19760
19977
19983
19983
19983
19983
19983
19983
19983
19983
19983
19983
19983
19983
19983
19983
19983
19983
19983
19983
19983
19983
19983
19983
19983
19983
19983
19983
19983
19983
19983
19983
19983
19983
19983
19983
19983
19983
12457
18218
19762
19942
19946
19946
19946
19946
19946
19946
19946
19946
19946
19946
19946
19946
19946
19946
19946
19946
19946
19946
19946
19946
19946
19946
19946
19946
19946
19946
19946
19946
19946
19946
19946
19946
19946
19946
19946
19946
12571
18359
19907
20074
20082
20082
20082
20082
20082
20082
20082
20082
20082
20082
20082
20082
20082
20082
20082
20082
20082
20082
20082
20082
20082
20082
20082
20082
20082
20082
20082
20082
20082
20082
20082
20082
20082
20082
20082
20082
12512
18115
19470
19634
19644
19644
19644
19644
19644
19644
19644
19644
19644
19644
19644
19644
19644
19644
19644
19644
19644
19644
19644
19644
19644
19644
19644
19644
19644
19644
19644
19644
19644
19644
19644
19644
19644
19644
19644
19644
12411
18242
19836
20037
20044
20044
20044
20044
20044
20044
20044
20044
20044
20044
20044
20044
20044
20044
20044
20044
20044
20044
20044
20044
20044
20044
20044
20044
20044
20044
20044
20044
20044
20044
20044
20044
20044
20044
20044
20044
12628
18516
20042
20270
20290
20290
20290
20290
20290
20290
20290
20290
20290
20290
20290
20290
20290
20290
20290
20290
20290
20290
20290
20290
20290
20290
20290
20290
20290
20290
20290
20290
20290
20290
20290
20290
20290
20290
20290
20290
12462
18205
19690
19976
20000
20000
20000
20000
20000
20000
20000
20000
20000
20000
20000
20000
20000
20000
20000
20000
20000
20000
20000
20000
20000
20000
20000
20000
20000
20000
20000
20000
20000
20000
20000
20000
20000
20000
20000
20000
12737
18597
19924
20087
20106
20116
20116
20116
20116
20116
20116
20116
20116
20116
20116
20116
20116
20116
20116
20116
20116
20116
20116
20116
20116
20116
20116
20116
20116
20116
20116
20116
20116
20116
20116
20116
20116
20116
20116
20116
12280
18171
19742
19926
19950
19951
19951
19951
19951
19951
19951
19951
19951
19951
19951
19951
19951
19951
19951
19951
19951
19951
19951
19951
19951
19951
19951
19951
19951
19951
19951
19951
19951
19951
19951
19951
19951
19951
19951
19951
12517
18337
19848
20060
20067
20067
20067
20067
20067
20067
20067
20067
20067
20067
20067
20067
20067
20067
20067
20067
20067
20067
20067
20067
20067
20067
20067
20067
20067
20067
20067
20067
20067
20067
20067
20067
20067
20067
20067
20067
12750
18515
19844
19958
19975
19975
19975
19975
19975
19975
19975
19975
19975
19975
19975
19975
19975
19975
19975
19975
19975
19975
19975
19975
19975
19975
19975
19975
19975
19975
19975
19975
19975
19975
19975
19975
19975
19975
19975
19975
12569
18249
19737
19892
19897
19897
19897
19897
19897
19897
19897
19897
19897
19897
19897
19897
19897
19897
19897
19897
19897
19897
19897
19897
19897
19897
19897
19897
19897
19897
19897
19897
19897
19897
19897
19897
19897
19897
19897
19897
12341
18004
19482
19664
19669
19670
19670
19670
19670
19670
19670
19670
19670
19670
19670
19670
19670
19670
19670
19670
19670
19670
19670
19670
19670
19670
19670
19670
19670
19670
19670
19670
19670
19670
19670
19670
19670
19670
19670
19670
12586
18325
19881
20156
20193
20195
20195
20195
20195
20195
20195
20195
20195
20195
20195
20195
20195
20195
20195
20195
20195
20195
20195
20195
20195
20195
20195
20195
20195
20195
20195
20195
20195
20195
20195
20195
20195
20195
20195
20195
12478
18198
19798
20033
20056
20058
20058
20058
20058
20058
20058
20058
20058
20058
20058
20058
20058
20058
20058
20058
20058
20058
20058
20058
20058
20058
20058
20058
20058
20058
20058
20058
20058
20058
20058
20058
20058
20058
20058
20058
12393
18220
19804
19999
20012
20012
20012
20012
20012
20012
20012
20012
20012
20012
20012
20012
20012
20012
20012
20012
20012
20012
20012
20012
20012
20012
20012
20012
20012
20012
20012
20012
20012
20012
20012
20012
20012
20012
20012
20012
12509
17914
19124
19292
19300
19300
19300
19300
19300
19300
19300
19300
19300
19300
19300
19300
19300
19300
19300
19300
19300
19300
19300
19300
19300
19300
19300
19300
19300
19300
19300
19300
19300
19300
19300
19300
19300
19300
19300
19300
12450
18278
19878
20104
20113
20114
20115
20115
20115
20115
20115
20115
20115
20115
20115
20115
20115
20115
20115
20115
20115
20115
20115
20115
20115
20115
20115
20115
20115
20115
20115
20115
20115
20115
20115
20115
20115
20115
20115
20115
12741
18521
19963
20122
20131
20133
20133
20133
20133
20133
20133
20133
20133
20133
20133
20133
20133
20133
20133
20133
20133
20133
20133
20133
20133
20133
20133
20133
20133
20133
20133
20133
20133
20133
20133
20133
20133
20133
20133
20133
12305
18108
19797
20061
20095
20096
20096
20096
20096
20096
20096
20096
20096
20096
20096
20096
20096
20096
20096
20096
20096
20096
20096
20096
20096
20096
20096
20096
20096
20096
20096
20096
20096
20096
20096
20096
20096
20096
20096
20096
12417
18043
19591
19769
19774
19774
19774
19774
19774
19774
19774
19774
19774
19774
19774
19774
19774
19774
19774
19774
19774
19774
19774
19774
19774
19774
19774
19774
19774
19774
19774
19774
19774
19774
19774
19774
19774
19774
19774
19774
12609
18462
19951
20176
20201
20201
20201
20201
20201
20201
20201
20201
20201
20201
20201
20201
20201
20201
20201
20201
20201
20201
20201
20201
20201
20201
20201
20201
20201
20201
20201
20201
20201
20201
20201
20201
20201
20201
20201
20201
12308
17859
19222
19349
19352
19352
19352
19352
19352
19352
19352
19352
19352
19352
19352
19352
19352
19352
19352
19352
19352
19352
19352
19352
19352
19352
19352
19352
19352
19352
19352
19352
19352
19352
19352
19352
19352
19352
19352
19352
12299
17722
19062
19158
19160
19160
19160
19160
19160
19160
19160
19160
19160
19160
19160
19160
19160
19160
19160
19160
19160
19160
19160
19160
19160
19160
19160
19160
19160
19160
19160
19160
19160
19160
19160
19160
19160
19160
19160
19160
12382
18187
19710
19878
19915
19915
19915
19915
19915
19915
19915
19915
19915
19915
19915
19915
19915
19915
19915
19915
19915
19915
19915
19915
19915
19915
19915
19915
19915
19915
19915
19915
19915
19915
19915
19915
19915
19915
19915
19915
12418
18210
19750
19934
19937
19937
19937
19937
19937
19937
19937
19937
19937
19937
19937
19937
19937
19937
19937
19937
19937
19937
19937
19937
19937
19937
19937
19937
19937
19937
19937
19937
19937
19937
19937
19937
19937
19937
19937
19937
12248
18016
19533
19756
19768
19768
19768
19768
19768
19768
19768
19768
19768
19768
19768
19768
19768
19768
19768
19768
19768
19768
19768
19768
19768
19768
19768
19768
19768
19768
19768
19768
19768
19768
19768
19768
19768
19768
19768
19768
12483
18009
19262
19374
19377
19377
19377
19377
19377
19377
19377
19377
19377
19377
19377
19377
19377
19377
19377
19377
19377
19377
19377
19377
19377
19377
19377
19377
19377
19377
19377
19377
19377
19377
19377
19377
19377
19377
19377
19377
12456
18040
19354
19476
19479
19479
19479
19479
19479
19479
19479
19479
19479
19479
19479
19479
19479
19479
19479
19479
19479
19479
19479
19479
19479
19479
19479
19479
19479
19479
19479
19479
19479
19479
19479
19479
19479
19479
19479
19479
12572
18454
19868
20034
20037
20037
20037
20037
20037
20037
20037
20037
20037
20037
20037
20037
20037
20037
20037
20037
20037
20037
20037
20037
20037
20037
20037
20037
20037
20037
20037
20037
20037
20037
20037
20037
20037
20037
20037
20037
12364
18217
19842
20075
20078
20078
20078
20078
20078
20078
20078
20078
20078
20078
20078
20078
20078
20078
20078
20078
20078
20078
20078
20078
20078
20078
20078
20078
20078
20078
20078
20078
20078
20078
20078
20078
20078
20078
20078
20078
12390
17906
19272
19397
19400
19400
19400
19400
19400
19400
19400
19400
19400
19400
19400
19400
19400
19400
19400
19400
19400
19400
19400
19400
19400
19400
19400
19400
19400
19400
19400
19400
19400
19400
19400
19400
19400
19400
19400
19400
12467
17903
19302
19422
19425
19425
19425
19425
19425
19425
19425
19425
19425
19425
19425
19425
19425
19425
19425
19425
19425
19425
19425
19425
19425
19425
19425
19425
19425
19425
19425
19425
19425
19425
19425
19425
19425
19425
19425
19425
12664
18495
19915
20066
20069
20069
20069
20069
20069
20069
20069
20069
20069
20069
20069
20069
20069
20069
20069
20069
20069
20069
20069
20069
20069
20069
20069
20069
20069
20069
20069
20069
20069
20069
20069
20069
20069
20069
20069
20069
