54902724
101676780
132439830
154918330
169346348
177100406
180426772
181684534
182080028
182174408
182196342
182205286
182209558
182209638
182209648
182209648
182209648
182209648
182209648
182209648
182209648
182209648
182209648
182209648
182209648
182209648
182209648
182209648
182209648
182209648
182209648
182209648
182209648
182209648
182209648
182209648
182209648
182209648
182209648
182209648
54953938
101792002
132493708
154571462
168652496
176358950
179723644
181005552
181361042
181475076
181504948
181511722
181511832
181511842
181511842
181511842
181511842
181511842
181511842
181511842
181511842
181511842
181511842
181511842
181511842
181511842
181511842
181511842
181511842
181511842
181511842
181511842
181511842
181511842
181511842
181511842
181511842
181511842
181511842
181511842
55194984
102182532
132861354
155243206
169254278
176932360
180270264
181413006
181759958
181827720
181852004
181857652
181857862
181857932
181857952
181857952
181857952
181857952
181857952
181857952
181857952
181857952
181857952
181857952
181857952
181857952
181857952
181857952
181857952
181857952
181857952
181857952
181857952
181857952
181857952
181857952
181857952
181857952
181857952
181857952
54922520
101719606
132553570
155796566
171237788
179731614
183627224
185089508
185540366
185673866
185696900
185704544
185704744
185704804
185704824
185704834
185704834
185704834
185704834
185704834
185704834
185704834
185704834
185704834
185704834
185704834
185704834
185704834
185704834
185704834
185704834
185704834
185704834
185704834
185704834
185704834
185704834
185704834
185704834
185704834
54953442
101522524
132365724
155091200
169788410
177991162
181710354
183097168
183532808
183665206
183692330
183696654
183699110
183699280
183699320
183699320
183699320
183699320
183699320
183699320
183699320
183699320
183699320
183699320
183699320
183699320
183699320
183699320
183699320
183699320
183699320
183699320
183699320
183699320
183699320
183699320
183699320
183699320
183699320
183699320
54811574
100602754
129740610
151050038
164776290
172055670
175152664
176298258
176637280
176728548
176743442
176747334
176751558
176751578
176751588
176751588
176751588
176751588
176751588
176751588
176751588
176751588
176751588
176751588
176751588
176751588
176751588
176751588
176751588
176751588
176751588
176751588
176751588
176751588
176751588
176751588
176751588
176751588
176751588
176751588
54915120
101482118
131554760
153630292
167848628
175654500
179151966
180394304
180737546
180838126
180855174
180860950
180866632
180869886
180869906
180869916
180869916
180869916
180869916
180869916
180869916
180869916
180869916
180869916
180869916
180869916
180869916
180869916
180869916
180869916
180869916
180869916
180869916
180869916
180869916
180869916
180869916
180869916
180869916
180869916
54817998
100254922
128756904
149530386
162738850
169984008
173162642
174372888
174767412
174882612
174919204
174928246
174931580
174935444
174935504
174935514
174935524
174935524
174935524
174935524
174935524
174935524
174935524
174935524
174935524
174935524
174935524
174935524
174935524
174935524
174935524
174935524
174935524
174935524
174935524
174935524
174935524
174935524
174935524
174935524
54881996
101398048
131292142
153200200
167147670
174752606
178101038
179409614
179790152
179866468
179898588
179908196
179908376
179908426
179908436
179908436
179908436
179908436
179908436
179908436
179908436
179908436
179908436
179908436
179908436
179908436
179908436
179908436
179908436
179908436
179908436
179908436
179908436
179908436
179908436
179908436
179908436
179908436
179908436
179908436
55056232
102274174
133176936
155836634
170585068
178790352
182584240
183968814
184410036
184535632
184568728
184572954
184575824
184575894
184575924
184575934
184575934
184575934
184575934
184575934
184575934
184575934
184575934
184575934
184575934
184575934
184575934
184575934
184575934
184575934
184575934
184575934
184575934
184575934
184575934
184575934
184575934
184575934
184575934
184575934
54938910
101425734
130857264
152386164
166115228
173531908
176708092
177805848
178112870
178192928
178213974
178218540
178218844
178218914
178218924
178218934
178218934
178218934
178218934
178218934
178218934
178218934
178218934
178218934
178218934
178218934
178218934
178218934
178218934
178218934
178218934
178218934
178218934
178218934
178218934
178218934
178218934
178218934
178218934
178218934
55008200
101869454
132611974
155387506
170026120
178018330
181697312
183064196
183451570
183534652
183571360
183575558
183575788
183575828
183575848
183575858
183575858
183575858
183575858
183575858
183575858
183575858
183575858
183575858
183575858
183575858
183575858
183575858
183575858
183575858
183575858
183575858
183575858
183575858
183575858
183575858
183575858
183575858
183575858
183575858
54913232
101317414
131591786
153748404
168024024
175863752
179478772
180675080
181012138
181110352
181141020
181144956
181145146
181145186
181145186
181145186
181145186
181145186
181145186
181145186
181145186
181145186
181145186
181145186
181145186
181145186
181145186
181145186
181145186
181145186
181145186
181145186
181145186
181145186
181145186
181145186
181145186
181145186
181145186
181145186
55000586
101636624
131804718
153971922
168186236
176171052
179692456
181015054
181435206
181529252
181536306
181539058
181539338
181539398
181539418
181539418
181539418
181539418
181539418
181539418
181539418
181539418
181539418
181539418
181539418
181539418
181539418
181539418
181539418
181539418
181539418
181539418
181539418
181539418
181539418
181539418
181539418
181539418
181539418
181539418
55093960
102340512
133547884
156505386
171409700
179498052
183172618
184536414
185031544
185150784
185181646
185186682
185186942
185187032
185187052
185187062
185187072
185187072
185187072
185187072
185187072
185187072
185187072
185187072
185187072
185187072
185187072
185187072
185187072
185187072
185187072
185187072
185187072
185187072
185187072
185187072
185187072
185187072
185187072
185187072
55169578
102710100
134038034
157421962
172340490
180677532
184444654
185872110
186264978
186360072
186375484
186376004
186376154
186376214
186376214
186376214
186376214
186376214
186376214
186376214
186376214
186376214
186376214
186376214
186376214
186376214
186376214
186376214
186376214
186376214
186376214
186376214
186376214
186376214
186376214
186376214
186376214
186376214
186376214
186376214
55097320
102604338
134715790
158694014
174500928
183441588
187510432
189015636
189468182
189564164
189588088
189596896
189597096
189597186
189597216
189597216
189597216
189597216
189597216
189597216
189597216
189597216
189597216
189597216
189597216
189597216
189597216
189597216
189597216
189597216
189597216
189597216
189597216
189597216
189597216
189597216
189597216
189597216
189597216
189597216
54852444
101627014
132285592
155131312
170117432
178572120
182279144
183692858
184120964
184230620
184257446
184258216
184258466
184258506
184258506
184258506
184258506
184258506
184258506
184258506
184258506
184258506
184258506
184258506
184258506
184258506
184258506
184258506
184258506
184258506
184258506
184258506
184258506
184258506
184258506
184258506
184258506
184258506
184258506
184258506
54866282
101040590
130834610
152404708
165930758
173344890
176581394
177827052
178243624
178357692
178383700
178392516
178396790
178396890
178396930
178396930
178396930
178396930
178396930
178396930
178396930
178396930
178396930
178396930
178396930
178396930
178396930
178396930
178396930
178396930
178396930
178396930
178396930
178396930
178396930
178396930
178396930
178396930
178396930
178396930
55104312
101574856
131681516
153896318
168179886
175881044
179326552
180600670
180966810
181037286
181051200
181055260
181055430
181055510
181055530
181055540
181055540
181055540
181055540
181055540
181055540
181055540
181055540
181055540
181055540
181055540
181055540
181055540
181055540
181055540
181055540
181055540
181055540
181055540
181055540
181055540
181055540
181055540
181055540
181055540
54918688
101297368
131438826
153743582
168137920
175984742
179475572
180791604
181106168
181191786
181209310
181217234
181217484
181217534
181217564
181217574
181217584
181217584
181217584
181217584
181217584
181217584
181217584
181217584
181217584
181217584
181217584
181217584
181217584
181217584
181217584
181217584
181217584
181217584
181217584
181217584
181217584
181217584
181217584
181217584
55097444
102007844
132373764
154534566
168812336
176659980
180186790
181439970
181754350
181821852
181827424
181828272
181828452
181828522
181828532
181828542
181828542
181828542
181828542
181828542
181828542
181828542
181828542
181828542
181828542
181828542
181828542
181828542
181828542
181828542
181828542
181828542
181828542
181828542
181828542
181828542
181828542
181828542
181828542
181828542
54857220
101880998
132878270
155539708
169946418
177712474
181081438
182258322
182635660
182732014
182752190
182756066
182756266
182756316
182756326
182756336
182756336
182756336
182756336
182756336
182756336
182756336
182756336
182756336
182756336
182756336
182756336
182756336
182756336
182756336
182756336
182756336
182756336
182756336
182756336
182756336
182756336
182756336
182756336
182756336
54922682
101366786
131287210
153423418
167548406
175104912
178417838
179577120
179891328
179996062
180023282
180029500
180029730
180029770
180029800
180029820
180029820
180029820
180029820
180029820
180029820
180029820
180029820
180029820
180029820
180029820
180029820
180029820
180029820
180029820
180029820
180029820
180029820
180029820
180029820
180029820
180029820
180029820
180029820
180029820
55067510
101629076
131557236
153409854
167156126
174521666
177785154
178918260
179248174
179316604
179336714
179340588
179343130
179343210
179343230
179343240
179343240
179343240
179343240
179343240
179343240
179343240
179343240
179343240
179343240
179343240
179343240
179343240
179343240
179343240
179343240
179343240
179343240
179343240
179343240
179343240
179343240
179343240
179343240
179343240
54974904
101414928
131546582
153617336
167533652
175030392
178305144
179523920
179915066
180007262
180025106
180033038
180035234
180035284
180035294
180035294
180035294
180035294
180035294
180035294
180035294
180035294
180035294
180035294
180035294
180035294
180035294
180035294
180035294
180035294
180035294
180035294
180035294
180035294
180035294
180035294
180035294
180035294
180035294
180035294
54940144
101949318
132740052
155474448
170173196
178139654
181766396
183012006
183383010
183502604
183540058
183546630
183546954
183547034
183547054
183547054
183547054
183547054
183547054
183547054
183547054
183547054
183547054
183547054
183547054
183547054
183547054
183547054
183547054
183547054
183547054
183547054
183547054
183547054
183547054
183547054
183547054
183547054
183547054
183547054
54961756
101494462
131442250
152889222
166113232
172876028
175738616
176794136
177042848
177119840
177133162
177138476
177138676
177138746
177138746
177138746
177138746
177138746
177138746
177138746
177138746
177138746
177138746
177138746
177138746
177138746
177138746
177138746
177138746
177138746
177138746
177138746
177138746
177138746
177138746
177138746
177138746
177138746
177138746
177138746
54962926
101756002
131941398
154019980
168249102
176028548
179379732
180629544
180956926
181011502
181019304
181021710
181021974
181022044
181022074
181022074
181022074
181022074
181022074
181022074
181022074
181022074
181022074
181022074
181022074
181022074
181022074
181022074
181022074
181022074
181022074
181022074
181022074
181022074
181022074
181022074
181022074
181022074
181022074
181022074
54958164
101609806
131616316
153412156
167421852
175014472
178446298
179747366
180154644
180267180
180284748
180288476
180288666
180288736
180288756
180288766
180288766
180288766
180288766
180288766
180288766
180288766
180288766
180288766
180288766
180288766
180288766
180288766
180288766
180288766
180288766
180288766
180288766
180288766
180288766
180288766
180288766
180288766
180288766
180288766
54971382
101863140
132478356
155288216
170126358
178493498
182424576
183997706
184501172
184630486
184680906
184695796
184699470
184699550
184699570
184699580
184699580
184699580
184699580
184699580
184699580
184699580
184699580
184699580
184699580
184699580
184699580
184699580
184699580
184699580
184699580
184699580
184699580
184699580
184699580
184699580
184699580
184699580
184699580
184699580
54833900
100788074
130462370
151671388
165051286
172182714
175366224
176572686
176952340
177051302
177073940
177075846
177076036
177076096
177076126
177076126
177076126
177076126
177076126
177076126
177076126
177076126
177076126
177076126
177076126
177076126
177076126
177076126
177076126
177076126
177076126
177076126
177076126
177076126
177076126
177076126
177076126
177076126
177076126
177076126
54692194
101293182
131512762
153684400
167703078
175219098
178610408
179843024
180193032
180280952
180307080
180314628
180314838
180314928
180314958
180314968
180314978
180314978
180314978
180314978
180314978
180314978
180314978
180314978
180314978
180314978
180314978
180314978
180314978
180314978
180314978
180314978
180314978
180314978
180314978
180314978
180314978
180314978
180314978
180314978
54924368
101243906
131181360
152751448
166739900
174527482
177777610
179094780
179510934
179634928
179667204
179671358
179671608
179671738
179671778
179671788
179671788
179671788
179671788
179671788
179671788
179671788
179671788
179671788
179671788
179671788
179671788
179671788
179671788
179671788
179671788
179671788
179671788
179671788
179671788
179671788
179671788
179671788
179671788
179671788
54672848
100363084
129482212
150639674
164076348
171365378
174466936
175607378
175956042
176008580
176017826
176022128
176022298
176022348
176022358
176022358
176022358
176022358
176022358
176022358
176022358
176022358
176022358
176022358
176022358
176022358
176022358
176022358
176022358
176022358
176022358
176022358
176022358
176022358
176022358
176022358
176022358
176022358
176022358
176022358
54966232
101350300
131360540
153205996
167264338
174933082
178299318
179507530
179887240
179987606
180015604
180017738
180017948
180018018
180018048
180018058
180018058
180018058
180018058
180018058
180018058
180018058
180018058
180018058
180018058
180018058
180018058
180018058
180018058
180018058
180018058
180018058
180018058
180018058
180018058
180018058
180018058
180018058
180018058
180018058
54749146
100612266
130066188
151483102
165242554
172738040
176049830
177359018
177757140
177852670
177881312
177889810
177891834
177891894
177891934
177891954
177891954
177891954
177891954
177891954
177891954
177891954
177891954
177891954
177891954
177891954
177891954
177891954
177891954
177891954
177891954
177891954
177891954
177891954
177891954
177891954
177891954
177891954
177891954
177891954
55030036
101898576
132348294
154550318
168643550
176223736
179553218
180713696
181041322
181115798
181130128
181134246
181134426
181134486
181134516
181134536
181134536
181134536
181134536
181134536
181134536
181134536
181134536
181134536
181134536
181134536
181134536
181134536
181134536
181134536
181134536
181134536
181134536
181134536
181134536
181134536
181134536
181134536
181134536
181134536
55007790
101348800
130820514
152202706
165763216
173130152
176280112
177423576
177692130
177746820
177766290
177769340
177771042
177772362
177772372
177772372
177772372
177772372
177772372
177772372
177772372
177772372
177772372
177772372
177772372
177772372
177772372
177772372
177772372
177772372
177772372
177772372
177772372
177772372
177772372
177772372
177772372
177772372
177772372
177772372
54876002
100791054
129657942
150404448
163657544
170798938
173986148
175090424
175450250
175529554
175549794
175550472
175550686
175550726
175550736
175550736
175550736
175550736
175550736
175550736
175550736
175550736
175550736
175550736
175550736
175550736
175550736
175550736
175550736
175550736
175550736
175550736
175550736
175550736
175550736
175550736
175550736
175550736
175550736
175550736
54959968
100644290
129137770
149383160
162001270
168769912
171731416
172820258
173149120
173221140
173240300
173243032
173243252
173243302
173243312
173243322
173243332
173243332
173243332
173243332
173243332
173243332
173243332
173243332
173243332
173243332
173243332
173243332
173243332
173243332
173243332
173243332
173243332
173243332
173243332
173243332
173243332
173243332
173243332
173243332
55177906
102199228
132839484
155290590
169762258
177652884
181141274
182425922
182717294
182800702
182830724
182834578
182835820
182836552
182837100
182837130
182837140
182837140
182837140
182837140
182837140
182837140
182837140
182837140
182837140
182837140
182837140
182837140
182837140
182837140
182837140
182837140
182837140
182837140
182837140
182837140
182837140
182837140
182837140
182837140
55016836
102028450
132935028
155801172
170549626
178592812
182161876
183566850
183972274
184081304
184105576
184113110
184116968
184119538
184121708
184123794
184123814
184123824
184123834
184123834
184123834
184123834
184123834
184123834
184123834
184123834
184123834
184123834
184123834
184123834
184123834
184123834
184123834
184123834
184123834
184123834
184123834
184123834
184123834
184123834
54927968
101432124
131375612
153138626
167068748
174535576
177807604
179136860
179516336
179634918
179670066
179684616
179685024
179685054
179685054
179685054
179685054
179685054
179685054
179685054
179685054
179685054
179685054
179685054
179685054
179685054
179685054
179685054
179685054
179685054
179685054
179685054
179685054
179685054
179685054
179685054
179685054
179685054
179685054
179685054
54805796
100715578
129852872
150712466
163699480
170877628
174052604
175205510
175577078
175671814
175692384
175696012
175696232
175696302
175696332
175696332
175696332
175696332
175696332
175696332
175696332
175696332
175696332
175696332
175696332
175696332
175696332
175696332
175696332
175696332
175696332
175696332
175696332
175696332
175696332
175696332
175696332
175696332
175696332
175696332
55144076
102553322
133906920
156949366
171702614
179861966
183556282
184905670
185293186
185385134
185406970
185409396
185409740
185409810
185409830
185409840
185409840
185409840
185409840
185409840
185409840
185409840
185409840
185409840
185409840
185409840
185409840
185409840
185409840
185409840
185409840
185409840
185409840
185409840
185409840
185409840
185409840
185409840
185409840
185409840
55136854
102347486
133486500
156404630
171054684
179123194
182677098
183977796
184420632
184530970
184555078
184557280
184559300
184559350
184559360
184559370
184559380
184559380
184559380
184559380
184559380
184559380
184559380
184559380
184559380
184559380
184559380
184559380
184559380
184559380
184559380
184559380
184559380
184559380
184559380
184559380
184559380
184559380
184559380
184559380
54957846
100840438
130061312
151028266
164002326
171295826
174472100
175607874
175911358
175976890
175994712
175995470
175995650
175995700
175995710
175995710
175995710
175995710
175995710
175995710
175995710
175995710
175995710
175995710
175995710
175995710
175995710
175995710
175995710
175995710
175995710
175995710
175995710
175995710
175995710
175995710
175995710
175995710
175995710
175995710
54832224
100780610
130220144
151716146
165330356
172698204
175830838
176944302
177279040
177368790
177394130
177404634
177410468
177410548
177410568
177410568
177410568
177410568
177410568
177410568
177410568
177410568
177410568
177410568
177410568
177410568
177410568
177410568
177410568
177410568
177410568
177410568
177410568
177410568
177410568
177410568
177410568
177410568
177410568
177410568
55139668
101696710
131353296
152730664
166164736
173247842
176328704
177403334
177745510
177830606
177849678
177857344
177857594
177857654
177857684
177857694
177857704
177857704
177857704
177857704
177857704
177857704
177857704
177857704
177857704
177857704
177857704
177857704
177857704
177857704
177857704
177857704
177857704
177857704
177857704
177857704
177857704
177857704
177857704
177857704
55095966
102017998
132123956
154345914
168453814
176045166
179303344
180349150
180640396
180713906
180728704
180734420
180737910
180739306
180739326
180739336
180739336
180739336
180739336
180739336
180739336
180739336
180739336
180739336
180739336
180739336
180739336
180739336
180739336
180739336
180739336
180739336
180739336
180739336
180739336
180739336
180739336
180739336
180739336
180739336
54912468
101339096
131336008
153392750
167621174
175424506
178913660
180159180
180522612
180649342
180685706
180695938
180696352
180696502
180696612
180696662
180696672
180696672
180696672
180696672
180696672
180696672
180696672
180696672
180696672
180696672
180696672
180696672
180696672
180696672
180696672
180696672
180696672
180696672
180696672
180696672
180696672
180696672
180696672
180696672
54944950
101572004
131897162
153898854
167861212
175340704
178742020
179984430
180377260
180462024
180478552
180486324
180486574
180486644
180486664
180486664
180486664
180486664
180486664
180486664
180486664
180486664
180486664
180486664
180486664
180486664
180486664
180486664
180486664
180486664
180486664
180486664
180486664
180486664
180486664
180486664
180486664
180486664
180486664
180486664
54810926
101173522
131153162
153132396
167207136
174830798
178133156
179291316
179614884
179723754
179772688
179781770
179782224
179782498
179782528
179782528
179782528
179782528
179782528
179782528
179782528
179782528
179782528
179782528
179782528
179782528
179782528
179782528
179782528
179782528
179782528
179782528
179782528
179782528
179782528
179782528
179782528
179782528
179782528
179782528
55011446
101167564
130826504
152263364
166150574
173729464
177147330
178421936
178831668
178942230
178958686
178960798
178961088
178961138
178961148
178961148
178961148
178961148
178961148
178961148
178961148
178961148
178961148
178961148
178961148
178961148
178961148
178961148
178961148
178961148
178961148
178961148
178961148
178961148
178961148
178961148
178961148
178961148
178961148
178961148
54789526
101071106
130941660
152479730
166168862
173587446
176834924
178057480
178383152
178478978
178497836
178499476
178499596
178499626
178499636
178499646
178499656
178499656
178499656
178499656
178499656
178499656
178499656
178499656
178499656
178499656
178499656
178499656
178499656
178499656
178499656
178499656
178499656
178499656
178499656
178499656
178499656
178499656
178499656
178499656
55073444
101990144
132528064
154739544
169193910
177129334
180739356
182063122
182410388
182502482
182539184
182552336
182552586
182552696
182552746
182552776
182552796
182552796
182552796
182552796
182552796
182552796
182552796
182552796
182552796
182552796
182552796
182552796
182552796
182552796
182552796
182552796
182552796
182552796
182552796
182552796
182552796
182552796
182552796
182552796
54917998
101117342
131381780
153432916
167607530
175165796
178539404
179814704
180202346
180285308
180304614
180311454
180315054
180315084
180315084
180315084
180315084
180315084
180315084
180315084
180315084
180315084
180315084
180315084
180315084
180315084
180315084
180315084
180315084
180315084
180315084
180315084
180315084
180315084
180315084
180315084
180315084
180315084
180315084
180315084
54892032
100963088
130337908
151833382
165605372
173095440
176492388
177656324
177988960
178075232
178104684
178119474
178124860
178124980
178125030
178125030
178125030
178125030
178125030
178125030
178125030
178125030
178125030
178125030
178125030
178125030
178125030
178125030
178125030
178125030
178125030
178125030
178125030
178125030
178125030
178125030
178125030
178125030
178125030
178125030
54776156
100627644
129757128
150944996
164425008
171587824
174726606
175835448
176160744
176232000
176251790
176255504
176255644
176255704
176255724
176255734
176255734
176255734
176255734
176255734
176255734
176255734
176255734
176255734
176255734
176255734
176255734
176255734
176255734
176255734
176255734
176255734
176255734
176255734
176255734
176255734
176255734
176255734
176255734
176255734
54845102
101575198
132131358
154653996
169168802
177221846
181035928
182455718
182894416
182997008
183031916
183039134
183042876
183042956
183043006
183043006
183043006
183043006
183043006
183043006
183043006
183043006
183043006
183043006
183043006
183043006
183043006
183043006
183043006
183043006
183043006
183043006
183043006
183043006
183043006
183043006
183043006
183043006
183043006
183043006
54896826
101320254
131431456
153291282
167259366
174839062
178224426
179513586
179912196
180032118
180071986
180079372
180079632
180079732
180079772
180079782
180079792
180079802
180079802
180079802
180079802
180079802
180079802
180079802
180079802
180079802
180079802
180079802
180079802
180079802
180079802
180079802
180079802
180079802
180079802
180079802
180079802
180079802
180079802
180079802
55109934
102436996
133848252
157195056
172644792
181301804
185409986
186970570
187402916
187494242
187509528
187511686
187511866
187511966
187512006
187512016
187512016
187512016
187512016
187512016
187512016
187512016
187512016
187512016
187512016
187512016
187512016
187512016
187512016
187512016
187512016
187512016
187512016
187512016
187512016
187512016
187512016
187512016
187512016
187512016
55017736
101706288
132392598
155005156
169848890
177876754
181380538
182666064
182935134
182996128
183011182
183011652
183011802
183011852
183011852
183011852
183011852
183011852
183011852
183011852
183011852
183011852
183011852
183011852
183011852
183011852
183011852
183011852
183011852
183011852
183011852
183011852
183011852
183011852
183011852
183011852
183011852
183011852
183011852
183011852
54911112
101522852
131894840
153999170
168008916
175605956
178711540
179778208
180074494
180124118
180140896
180143464
180143674
180143764
180143804
180143804
180143804
180143804
180143804
180143804
180143804
180143804
180143804
180143804
180143804
180143804
180143804
180143804
180143804
180143804
180143804
180143804
180143804
180143804
180143804
180143804
180143804
180143804
180143804
180143804
55068208
102189202
133430346
156546608
171471568
179781122
183619708
185107174
185541242
185668884
185705464
185716958
185721628
185721678
185721688
185721688
185721688
185721688
185721688
185721688
185721688
185721688
185721688
185721688
185721688
185721688
185721688
185721688
185721688
185721688
185721688
185721688
185721688
185721688
185721688
185721688
185721688
185721688
185721688
185721688
54909614
101380288
131826112
153899028
167817968
175196320
178245582
179355360
179692910
179769958
179784654
179790860
179791040
179791100
179791130
179791130
179791130
179791130
179791130
179791130
179791130
179791130
179791130
179791130
179791130
179791130
179791130
179791130
179791130
179791130
179791130
179791130
179791130
179791130
179791130
179791130
179791130
179791130
179791130
179791130
55032760
101481690
131346716
153352656
167402018
174957654
178372628
179598534
179916046
180010434
180032542
180033122
180033312
180033372
180033392
180033392
180033392
180033392
180033392
180033392
180033392
180033392
180033392
180033392
180033392
180033392
180033392
180033392
180033392
180033392
180033392
180033392
180033392
180033392
180033392
180033392
180033392
180033392
180033392
180033392
54901938
101009388
130923458
152546378
166295364
173654950
176890998
178078708
178379080
178456320
178476498
178483012
178484346
178485546
178485556
178485556
178485556
178485556
178485556
178485556
178485556
178485556
178485556
178485556
178485556
178485556
178485556
178485556
178485556
178485556
178485556
178485556
178485556
178485556
178485556
178485556
178485556
178485556
178485556
178485556
54899390
100594910
129261088
149852632
162759704
169586142
172593914
173677412
173958638
174030410
174040562
174047440
174047630
174047670
174047670
174047670
174047670
174047670
174047670
174047670
174047670
174047670
174047670
174047670
174047670
174047670
174047670
174047670
174047670
174047670
174047670
174047670
174047670
174047670
174047670
174047670
174047670
174047670
174047670
174047670
54901224
101120532
130747828
152202532
165600378
172975558
176235136
177426488
177818468
177897042
177912848
177913312
177913462
177913502
177913532
177913552
177913572
177913572
177913572
177913572
177913572
177913572
177913572
177913572
177913572
177913572
177913572
177913572
177913572
177913572
177913572
177913572
177913572
177913572
177913572
177913572
177913572
177913572
177913572
177913572
54892528
101034362
130607676
152004690
165263664
172235420
175246026
176217186
176500432
176565096
176570596
176571166
176571356
176571406
176571416
176571416
176571416
176571416
176571416
176571416
176571416
176571416
176571416
176571416
176571416
176571416
176571416
176571416
176571416
176571416
176571416
176571416
176571416
176571416
176571416
176571416
176571416
176571416
176571416
176571416
54966032
101546002
132042476
154278618
168667672
176375402
179824466
181019786
181372846
181441108
181460244
181460714
181460854
181460904
181460914
181460914
181460914
181460914
181460914
181460914
181460914
181460914
181460914
181460914
181460914
181460914
181460914
181460914
181460914
181460914
181460914
181460914
181460914
181460914
181460914
181460914
181460914
181460914
181460914
181460914
55093576
102388564
133415780
156494048
171386916
179620256
183282938
184614032
185016942
185125162
185152496
185153186
185153436
185153536
185153586
185153596
185153596
185153596
185153596
185153596
185153596
185153596
185153596
185153596
185153596
185153596
185153596
185153596
185153596
185153596
185153596
185153596
185153596
185153596
185153596
185153596
185153596
185153596
185153596
185153596
54873158
101418432
130846616
152510362
166211490
173888164
177388482
178649156
178996042
179118074
179164974
179169082
179170156
179170206
179170246
179170266
179170276
179170276
179170276
179170276
179170276
179170276
179170276
179170276
179170276
179170276
179170276
179170276
179170276
179170276
179170276
179170276
179170276
179170276
179170276
179170276
179170276
179170276
179170276
179170276
54979888
101512160
131778474
154012622
168298874
176106466
179540156
180828714
181193328
181293254
181309430
181311430
181311784
181311854
181311874
181311874
181311874
181311874
181311874
181311874
181311874
181311874
181311874
181311874
181311874
181311874
181311874
181311874
181311874
181311874
181311874
181311874
181311874
181311874
181311874
181311874
181311874
181311874
181311874
181311874
55121212
102245512
133585594
156512370
171253380
179390794
183126570
184507972
184913428
185019176
185053728
185067298
185067498
185067578
185067608
185067618
185067618
185067618
185067618
185067618
185067618
185067618
185067618
185067618
185067618
185067618
185067618
185067618
185067618
185067618
185067618
185067618
185067618
185067618
185067618
185067618
185067618
185067618
185067618
185067618
55085962
101643514
131661548
153800144
168093224
175868020
179400642
180780244
181200746
181318532
181337170
181349688
181351360
181351430
181351450
181351470
181351480
181351490
181351490
181351490
181351490
181351490
181351490
181351490
181351490
181351490
181351490
181351490
181351490
181351490
181351490
181351490
181351490
181351490
181351490
181351490
181351490
181351490
181351490
181351490
54798914
100930848
130663584
152200752
165896126
173220822
176403596
177576248
177935548
178045228
178072366
178075924
178076054
178076114
178076124
178076124
178076124
178076124
178076124
178076124
178076124
178076124
178076124
178076124
178076124
178076124
178076124
178076124
178076124
178076124
178076124
178076124
178076124
178076124
178076124
178076124
178076124
178076124
178076124
178076124
54986502
101807956
132643596
155067128
169530254
177244080
180640950
181813034
182189340
182273484
182309012
182320592
182320752
182320792
182320802
182320802
182320802
182320802
182320802
182320802
182320802
182320802
182320802
182320802
182320802
182320802
182320802
182320802
182320802
182320802
182320802
182320802
182320802
182320802
182320802
182320802
182320802
182320802
182320802
182320802
54967398
101623042
131618460
153370938
167096592
174521728
177781352
178968704
179306706
179380744
179395192
179403292
179407574
179407604
179407614
179407614
179407614
179407614
179407614
179407614
179407614
179407614
179407614
179407614
179407614
179407614
179407614
179407614
179407614
179407614
179407614
179407614
179407614
179407614
179407614
179407614
179407614
179407614
179407614
179407614
54871250
101333736
131274124
153069798
166997506
174453150
177789520
179084288
179431032
179508168
179521956
179525940
179526070
179526100
179526110
179526110
179526110
179526110
179526110
179526110
179526110
179526110
179526110
179526110
179526110
179526110
179526110
179526110
179526110
179526110
179526110
179526110
179526110
179526110
179526110
179526110
179526110
179526110
179526110
179526110
55000990
101609886
131754734
153704450
167681956
175433820
178826920
180093136
180467740
180576992
180596488
180597282
180597636
180597766
180597816
180597826
180597836
180597846
180597846
180597846
180597846
180597846
180597846
180597846
180597846
180597846
180597846
180597846
180597846
180597846
180597846
180597846
180597846
180597846
180597846
180597846
180597846
180597846
180597846
180597846
54998130
101991456
132487312
154644944
168855468
176659430
180331758
181691368
182138892
182268776
182303236
182305652
182306510
182307576
182307586
182307586
182307586
182307586
182307586
182307586
182307586
182307586
182307586
182307586
182307586
182307586
182307586
182307586
182307586
182307586
182307586
182307586
182307586
182307586
182307586
182307586
182307586
182307586
182307586
182307586
54954340
101601952
131908752
153836072
167686294
175209674
178395142
179568808
179921610
180022282
180042198
180048364
180050494
180052808
180052858
180052878
180052878
180052878
180052878
180052878
180052878
180052878
180052878
180052878
180052878
180052878
180052878
180052878
180052878
180052878
180052878
180052878
180052878
180052878
180052878
180052878
180052878
180052878
180052878
180052878
55000396
101313250
131295984
153356010
167201752
174679880
178002904
179155880
179459506
179547376
179577772
179588368
179591138
179591158
179591168
179591178
179591178
179591178
179591178
179591178
179591178
179591178
179591178
179591178
179591178
179591178
179591178
179591178
179591178
179591178
179591178
179591178
179591178
179591178
179591178
179591178
179591178
179591178
179591178
179591178
54931892
101398974
131518512
153404334
167305060
174849104
178128814
179381470
179743460
179824042
179852382
179855962
179856112
179856182
179856222
179856232
179856242
179856242
179856242
179856242
179856242
179856242
179856242
179856242
179856242
179856242
179856242
179856242
179856242
179856242
179856242
179856242
179856242
179856242
179856242
179856242
179856242
179856242
179856242
179856242
54855566
101451732
131591348
153880850
168099622
175991764
179511844
180818144
181260194
181381840
181411206
181417956
181418270
181418360
181418390
181418400
181418400
181418400
181418400
181418400
181418400
181418400
181418400
181418400
181418400
181418400
181418400
181418400
181418400
181418400
181418400
181418400
181418400
181418400
181418400
181418400
181418400
181418400
181418400
181418400
55008532
102040226
132487126
154604432
168855914
176525308
179898262
181063726
181398152
181468978
181490714
181496358
181501782
181501842
181501852
181501862
181501862
181501862
181501862
181501862
181501862
181501862
181501862
181501862
181501862
181501862
181501862
181501862
181501862
181501862
181501862
181501862
181501862
181501862
181501862
181501862
181501862
181501862
181501862
181501862
55046716
101697632
132014144
153987844
168254852
176102136
179807574
181156974
181594632
181699874
181732196
181739508
181742698
181746414
181746454
181746454
181746454
181746454
181746454
181746454
181746454
181746454
181746454
181746454
181746454
181746454
181746454
181746454
181746454
181746454
181746454
181746454
181746454
181746454
181746454
181746454
181746454
181746454
181746454
181746454
54879942
101496836
131667240
154146060
168559542
176423080
179874174
181082726
181420872
181501094
181521398
181522186
181522480
181522520
181522530
181522530
181522530
181522530
181522530
181522530
181522530
181522530
181522530
181522530
181522530
181522530
181522530
181522530
181522530
181522530
181522530
181522530
181522530
181522530
181522530
181522530
181522530
181522530
181522530
181522530
54908200
101414578
131518366
153731150
167967970
175732866
179133406
180359070
180680182
180751316
180764160
180767590
180767720
180767780
180767780
180767780
180767780
180767780
180767780
180767780
180767780
180767780
180767780
180767780
180767780
180767780
180767780
180767780
180767780
180767780
180767780
180767780
180767780
180767780
180767780
180767780
180767780
180767780
180767780
180767780
54665310
100190684
128830452
149341618
162071086
168759052
171588564
172581636
172878518
172936892
172966978
172972338
172972518
172972578
172972608
172972608
172972608
172972608
172972608
172972608
172972608
172972608
172972608
172972608
172972608
172972608
172972608
172972608
172972608
172972608
172972608
172972608
172972608
172972608
172972608
172972608
172972608
172972608
172972608
172972608
54883236
101145200
130840230
152357244
165927584
173446014
176872500
178117808
178481192
178605326
178644870
178650298
178652292
178654270
178654280
178654280
178654280
178654280
178654280
178654280
178654280
178654280
178654280
178654280
178654280
178654280
178654280
178654280
178654280
178654280
178654280
178654280
178654280
178654280
178654280
178654280
178654280
178654280
178654280
178654280
54868778
100684634
129460422
150127234
163097538
169940384
172950038
173991862
174266578
174307432
174322348
174322862
174323032
174323102
174323122
174323122
174323122
174323122
174323122
174323122
174323122
174323122
174323122
174323122
174323122
174323122
174323122
174323122
174323122
174323122
174323122
174323122
174323122
174323122
174323122
174323122
174323122
174323122
174323122
174323122
55120526
102320146
133645058
156737560
171586138
179700500
183302610
184641672
185062442
185207862
185241116
185257868
185260346
185260406
185260416
185260416
185260416
185260416
185260416
185260416
185260416
185260416
185260416
185260416
185260416
185260416
185260416
185260416
185260416
185260416
185260416
185260416
185260416
185260416
185260416
185260416
185260416
185260416
185260416
185260416
54948440
101529906
131659346
153719182
167860802
175536152
178869482
180152478
180564440
180648734
180664996
180665660
180665820
180665860
180665860
180665860
180665860
180665860
180665860
180665860
180665860
180665860
180665860
180665860
180665860
180665860
180665860
180665860
180665860
180665860
180665860
180665860
180665860
180665860
180665860
180665860
180665860
180665860
180665860
180665860
55017936
101593852
131776976
153890892
168160976
175826258
179363556
180638620
181058640
181206316
181249190
181257670
181261404
181261484
181261504
181261514
181261524
181261524
181261524
181261524
181261524
181261524
181261524
181261524
181261524
181261524
181261524
181261524
181261524
181261524
181261524
181261524
181261524
181261524
181261524
181261524
181261524
181261524
181261524
181261524
54890306
101082744
131002864
152641106
166355182
173861194
177121348
178356180
178715394
178777566
178791140
178791654
178791824
178791914
178791914
178791914
178791914
178791914
178791914
178791914
178791914
178791914
178791914
178791914
178791914
178791914
178791914
178791914
178791914
178791914
178791914
178791914
178791914
178791914
178791914
178791914
178791914
178791914
178791914
178791914
54857022
100778728
130171476
150936558
163956196
170747646
173696302
174727036
175006130
175090498
175126132
175133322
175133512
175133582
175133602
175133612
175133612
175133612
175133612
175133612
175133612
175133612
175133612
175133612
175133612
175133612
175133612
175133612
175133612
175133612
175133612
175133612
175133612
175133612
175133612
175133612
175133612
175133612
175133612
175133612
55017460
102080624
133120230
155668922
170404772
178606230
182386786
183951696
184397850
184503194
184529902
184535324
184538580
184538710
184538770
184538800
184538800
184538800
184538800
184538800
184538800
184538800
184538800
184538800
184538800
184538800
184538800
184538800
184538800
184538800
184538800
184538800
184538800
184538800
184538800
184538800
184538800
184538800
184538800
184538800
54848476
101436012
131355010
153273016
167177528
174701826
178072154
179276290
179668514
179769668
179786718
179787422
179787692
179787772
179787782
179787782
179787782
179787782
179787782
179787782
179787782
179787782
179787782
179787782
179787782
179787782
179787782
179787782
179787782
179787782
179787782
179787782
179787782
179787782
179787782
179787782
179787782
179787782
179787782
179787782
55178626
102453744
133319998
155910488
170409120
178277432
181761512
183015734
183362736
183427218
183464046
183469786
183469996
183470086
183470106
183470116
183470126
183470126
183470126
183470126
183470126
183470126
183470126
183470126
183470126
183470126
183470126
183470126
183470126
183470126
183470126
183470126
183470126
183470126
183470126
183470126
183470126
183470126
183470126
183470126
55197748
101585160
131236382
152520222
166030878
173274172
176517616
177767096
178158346
178253318
178289548
178296652
178299260
178301640
178303948
178303958
178303958
178303958
178303958
178303958
178303958
178303958
178303958
178303958
178303958
178303958
178303958
178303958
178303958
178303958
178303958
178303958
178303958
178303958
178303958
178303958
178303958
178303958
178303958
178303958
55019494
101742298
132271560
154459882
168550584
176184780
179528924
180617900
180943328
181009160
181031424
181039766
181040006
181040126
181040146
181040146
181040146
181040146
181040146
181040146
181040146
181040146
181040146
181040146
181040146
181040146
181040146
181040146
181040146
181040146
181040146
181040146
181040146
181040146
181040146
181040146
181040146
181040146
181040146
181040146
55193052
102008386
132629628
155269324
169664946
177661032
181281368
182543854
182907904
183024678
183061454
183068756
183073062
183073152
183073182
183073192
183073192
183073192
183073192
183073192
183073192
183073192
183073192
183073192
183073192
183073192
183073192
183073192
183073192
183073192
183073192
183073192
183073192
183073192
183073192
183073192
183073192
183073192
183073192
183073192
54821704
101432830
132047234
154557990
169287728
177466902
181293092
182699978
183123852
183214284
183242944
183253430
183257414
183257494
183257534
183257554
183257554
183257554
183257554
183257554
183257554
183257554
183257554
183257554
183257554
183257554
183257554
183257554
183257554
183257554
183257554
183257554
183257554
183257554
183257554
183257554
183257554
183257554
183257554
183257554
55134232
101857628
132512852
154627110
168680966
176176534
179415118
180490438
180777656
180832098
180851332
180855490
180855760
180855850
180855880
180855900
180855910
180855920
180855920
180855920
180855920
180855920
180855920
180855920
180855920
180855920
180855920
180855920
180855920
180855920
180855920
180855920
180855920
180855920
180855920
180855920
180855920
180855920
180855920
180855920
54842922
100652764
129787060
150752600
163934738
170907780
173923556
175047990
175374444
175442746
175448172
175452382
175452502
175452552
175452582
175452602
175452612
175452612
175452612
175452612
175452612
175452612
175452612
175452612
175452612
175452612
175452612
175452612
175452612
175452612
175452612
175452612
175452612
175452612
175452612
175452612
175452612
175452612
175452612
175452612
54893688
101033520
130537490
152037644
165709830
173118424
176441512
177744352
178138526
178237672
178257134
178263080
178263290
178263350
178263390
178263400
178263400
178263400
178263400
178263400
178263400
178263400
178263400
178263400
178263400
178263400
178263400
178263400
178263400
178263400
178263400
178263400
178263400
178263400
178263400
178263400
178263400
178263400
178263400
178263400
54999248
101733286
132401116
154815112
169150296
176873038
180362748
181672808
181985458
182074602
182090464
182096258
182096458
182096528
182096568
182096568
182096568
182096568
182096568
182096568
182096568
182096568
182096568
182096568
182096568
182096568
182096568
182096568
182096568
182096568
182096568
182096568
182096568
182096568
182096568
182096568
182096568
182096568
182096568
182096568
54970550
101521200
131342818
152676638
165964902
172988824
176051284
177170736
177502162
177573292
177586952
177593278
177595802
177595862
177595892
177595902
177595902
177595902
177595902
177595902
177595902
177595902
177595902
177595902
177595902
177595902
177595902
177595902
177595902
177595902
177595902
177595902
177595902
177595902
177595902
177595902
177595902
177595902
177595902
177595902
54932892
101370844
131404938
153321926
167512586
175227760
178523028
179800450
180180212
180282092
180302918
180305870
180307492
180308248
180308248
180308248
180308248
180308248
180308248
180308248
180308248
180308248
180308248
180308248
180308248
180308248
180308248
180308248
180308248
180308248
180308248
180308248
180308248
180308248
180308248
180308248
180308248
180308248
180308248
180308248
54984020
101095598
130497142
151600742
164801186
171749778
174858338
175992862
176255360
176309606
176325882
176334876
176338028
176338088
176338128
176338138
176338138
176338138
176338138
176338138
176338138
176338138
176338138
176338138
176338138
176338138
176338138
176338138
176338138
176338138
176338138
176338138
176338138
176338138
176338138
176338138
176338138
176338138
176338138
176338138
54856438
101109726
131131736
152906724
166717854
174259804
177641254
178906440
179352710
179450514
179465228
179469400
179469660
179469720
179469750
179469750
179469750
179469750
179469750
179469750
179469750
179469750
179469750
179469750
179469750
179469750
179469750
179469750
179469750
179469750
179469750
179469750
179469750
179469750
179469750
179469750
179469750
179469750
179469750
179469750
54807704
100583360
129546586
150537370
163783396
170953200
174079504
175196514
175531300
175631560
175654470
175666526
175669756
175669816
175669816
175669816
175669816
175669816
175669816
175669816
175669816
175669816
175669816
175669816
175669816
175669816
175669816
175669816
175669816
175669816
175669816
175669816
175669816
175669816
175669816
175669816
175669816
175669816
175669816
175669816
55017742
101779702
132196272
154742216
169467934
177740496
181591492
182958336
183377510
183467270
183489582
183497982
183499056
183499116
183499116
183499116
183499116
183499116
183499116
183499116
183499116
183499116
183499116
183499116
183499116
183499116
183499116
183499116
183499116
183499116
183499116
183499116
183499116
183499116
183499116
183499116
183499116
183499116
183499116
183499116
54967002
101332916
131340236
153485802
167594066
175354570
178827976
180122938
180463942
180554372
180581026
180585180
180585574
180585664
180585694
180585714
180585714
180585714
180585714
180585714
180585714
180585714
180585714
180585714
180585714
180585714
180585714
180585714
180585714
180585714
180585714
180585714
180585714
180585714
180585714
180585714
180585714
180585714
180585714
180585714
54924080
101313304
130963906
152435634
165975980
173197492
176233284
177296358
177598630
177685438
177703734
177705298
177705448
177705488
177705518
177705538
177705548
177705558
177705558
177705558
177705558
177705558
177705558
177705558
177705558
177705558
177705558
177705558
177705558
177705558
177705558
177705558
177705558
177705558
177705558
177705558
177705558
177705558
177705558
177705558
54983074
101864620
132591572
154949614
169232360
177024254
180368302
181538330
181858948
181928808
181957388
181965470
181965680
181965740
181965760
181965780
181965780
181965780
181965780
181965780
181965780
181965780
181965780
181965780
181965780
181965780
181965780
181965780
181965780
181965780
181965780
181965780
181965780
181965780
181965780
181965780
181965780
181965780
181965780
181965780
54889422
100852840
130278496
151474788
164971568
172043414
175199018
176240480
176596138
176672740
176688072
176691140
176692974
176693094
176693124
176693134
176693134
176693134
176693134
176693134
176693134
176693134
176693134
176693134
176693134
176693134
176693134
176693134
176693134
176693134
176693134
176693134
176693134
176693134
176693134
176693134
176693134
176693134
176693134
176693134
55115384
101985824
132453846
154641502
168607634
176125010
179439258
180666212
181049398
181166798
181206270
181217742
181222872
181222952
181222982
181222992
181222992
181222992
181222992
181222992
181222992
181222992
181222992
181222992
181222992
181222992
181222992
181222992
181222992
181222992
181222992
181222992
181222992
181222992
181222992
181222992
181222992
181222992
181222992
181222992
54925918
101511932
131384136
153016036
166628704
174010574
177162460
178310416
178648062
178734300
178764130
178769688
178773192
178773232
178773242
178773252
178773252
178773252
178773252
178773252
178773252
178773252
178773252
178773252
178773252
178773252
178773252
178773252
178773252
178773252
178773252
178773252
178773252
178773252
178773252
178773252
178773252
178773252
178773252
178773252
54821582
101426834
131632688
153836036
168121866
175964160
179312078
180530942
180843284
180923662
180944484
180948984
180949224
180949294
180949334
180949344
180949344
180949344
180949344
180949344
180949344
180949344
180949344
180949344
180949344
180949344
180949344
180949344
180949344
180949344
180949344
180949344
180949344
180949344
180949344
180949344
180949344
180949344
180949344
180949344
55081742
101856440
132364508
154494132
168715486
176603264
180038248
181347504
181708062
181790540
181807808
181817002
181817262
181817342
181817372
181817382
181817382
181817382
181817382
181817382
181817382
181817382
181817382
181817382
181817382
181817382
181817382
181817382
181817382
181817382
181817382
181817382
181817382
181817382
181817382
181817382
181817382
181817382
181817382
181817382
54944494
101785380
132356084
154734134
168963794
176832962
180262858
181542906
181978232
182071028
182095188
182100192
182100332
182100352
182100352
182100352
182100352
182100352
182100352
182100352
182100352
182100352
182100352
182100352
182100352
182100352
182100352
182100352
182100352
182100352
182100352
182100352
182100352
182100352
182100352
182100352
182100352
182100352
182100352
182100352
55180056
103062912
135240012
159283372
175040308
183744270
187560874
188981270
189400374
189518090
189547554
189562034
189562254
189562324
189562354
189562364
189562374
189562384
189562384
189562384
189562384
189562384
189562384
189562384
189562384
189562384
189562384
189562384
189562384
189562384
189562384
189562384
189562384
189562384
189562384
189562384
189562384
189562384
189562384
189562384
54843660
101020114
130672252
152167180
165589734
172735376
175868386
177050364
177406070
177481062
177506036
177512820
177513100
177513170
177513190
177513210
177513210
177513210
177513210
177513210
177513210
177513210
177513210
177513210
177513210
177513210
177513210
177513210
177513210
177513210
177513210
177513210
177513210
177513210
177513210
177513210
177513210
177513210
177513210
177513210
55135340
102734070
134568052
158227956
173523832
182149974
186048672
187488186
187911252
188010736
188024834
188025504
188025724
188025774
188025794
188025794
188025794
188025794
188025794
188025794
188025794
188025794
188025794
188025794
188025794
188025794
188025794
188025794
188025794
188025794
188025794
188025794
188025794
188025794
188025794
188025794
188025794
188025794
188025794
188025794
55017200
101968676
132727618
155299908
169909738
177891454
181425748
182778876
183212008
183317012
183337222
183339830
183340050
183340140
183340150
183340160
183340160
183340160
183340160
183340160
183340160
183340160
183340160
183340160
183340160
183340160
183340160
183340160
183340160
183340160
183340160
183340160
183340160
183340160
183340160
183340160
183340160
183340160
183340160
183340160
54842438
101208040
131207154
152790914
166693232
174140204
177501096
178713604
179178946
179297020
179326692
179335614
179337486
179339346
179341308
179341318
179341328
179341328
179341328
179341328
179341328
179341328
179341328
179341328
179341328
179341328
179341328
179341328
179341328
179341328
179341328
179341328
179341328
179341328
179341328
179341328
179341328
179341328
179341328
179341328
55220802
102590768
133740426
156699418
171330892
179425072
183098306
184532560
184967678
185104978
185173686
185189346
185189546
185189586
185189596
185189606
185189606
185189606
185189606
185189606
185189606
185189606
185189606
185189606
185189606
185189606
185189606
185189606
185189606
185189606
185189606
185189606
185189606
185189606
185189606
185189606
185189606
185189606
185189606
185189606
54777266
100680154
130015180
151264086
164929116
172270128
175713862
177034272
177409948
177493780
177514484
177526128
177530370
177530500
177530540
177530570
177530580
177530580
177530580
177530580
177530580
177530580
177530580
177530580
177530580
177530580
177530580
177530580
177530580
177530580
177530580
177530580
177530580
177530580
177530580
177530580
177530580
177530580
177530580
177530580
55037824
101547378
131494778
153026770
166606958
173702872
176699452
177708114
177991680
178054580
178063426
178066998
178067088
178067138
178067148
178067158
178067158
178067158
178067158
178067158
178067158
178067158
178067158
178067158
178067158
178067158
178067158
178067158
178067158
178067158
178067158
178067158
178067158
178067158
178067158
178067158
178067158
178067158
178067158
178067158
54836428
100908784
130179076
151533686
165301234
172797008
176272152
177494484
177877470
177979260
178004792
178012964
178013144
178013214
178013224
178013224
178013224
178013224
178013224
178013224
178013224
178013224
178013224
178013224
178013224
178013224
178013224
178013224
178013224
178013224
178013224
178013224
178013224
178013224
178013224
178013224
178013224
178013224
178013224
178013224
54894020
101236398
131174678
152958746
166726224
174146668
177403404
178514228
178870054
178931638
178948698
178955488
178955638
178955648
178955648
178955648
178955648
178955648
178955648
178955648
178955648
178955648
178955648
178955648
178955648
178955648
178955648
178955648
178955648
178955648
178955648
178955648
178955648
178955648
178955648
178955648
178955648
178955648
178955648
178955648
55069020
101927280
132494608
155065818
169713262
177723628
181266394
182537198
182874136
182969994
182992716
182996196
182996456
182996526
182996556
182996566
182996566
182996566
182996566
182996566
182996566
182996566
182996566
182996566
182996566
182996566
182996566
182996566
182996566
182996566
182996566
182996566
182996566
182996566
182996566
182996566
182996566
182996566
182996566
182996566
55011664
102208094
133162266
156138320
170636992
178428092
181766286
182988994
183304610
183362282
183377648
183378192
183378372
183378462
183378482
183378492
183378502
183378502
183378502
183378502
183378502
183378502
183378502
183378502
183378502
183378502
183378502
183378502
183378502
183378502
183378502
183378502
183378502
183378502
183378502
183378502
183378502
183378502
183378502
183378502
54820650
101282390
131021370
152637720
165998060
173211772
176394142
177609610
177975856
178076142
178094164
178096758
178096988
178097088
178097118
178097148
178097158
178097158
178097158
178097158
178097158
178097158
178097158
178097158
178097158
178097158
178097158
178097158
178097158
178097158
178097158
178097158
178097158
178097158
178097158
178097158
178097158
178097158
178097158
178097158
55121496
101961688
132693464
155035502
169514896
177556690
181207456
182606670
183069454
183202400
183229346
183234344
183234654
183234754
183234804
183234834
183234844
183234844
183234844
183234844
183234844
183234844
183234844
183234844
183234844
183234844
183234844
183234844
183234844
183234844
183234844
183234844
183234844
183234844
183234844
183234844
183234844
183234844
183234844
183234844
54875954
101397938
131459842
152959914
166669200
173966794
177117802
178219826
178502646
178563062
178578080
178588512
178596688
178596798
178596808
178596808
178596808
178596808
178596808
178596808
178596808
178596808
178596808
178596808
178596808
178596808
178596808
178596808
178596808
178596808
178596808
178596808
178596808
178596808
178596808
178596808
178596808
178596808
178596808
178596808
55093240
102200642
132684700
154873610
168943520
176526122
179990792
181286030
181609812
181695602
181706378
181707042
181707222
181707252
181707262
181707272
181707272
181707272
181707272
181707272
181707272
181707272
181707272
181707272
181707272
181707272
181707272
181707272
181707272
181707272
181707272
181707272
181707272
181707272
181707272
181707272
181707272
181707272
181707272
181707272
54959140
101777106
132092974
154190154
168256260
175847260
179229458
180444788
180791952
180898594
180915952
180923932
180924132
180924172
180924182
180924182
180924182
180924182
180924182
180924182
180924182
180924182
180924182
180924182
180924182
180924182
180924182
180924182
180924182
180924182
180924182
180924182
180924182
180924182
180924182
180924182
180924182
180924182
180924182
180924182
54934690
101560132
131770552
153729004
167508158
174793338
177972578
179136184
179493640
179600818
179612254
179612714
179612884
179612914
179612924
179612924
179612924
179612924
179612924
179612924
179612924
179612924
179612924
179612924
179612924
179612924
179612924
179612924
179612924
179612924
179612924
179612924
179612924
179612924
179612924
179612924
179612924
179612924
179612924
179612924
55095320
102197916
133011738
155469898
169734604
177461412
180848228
182009896
182312784
182396354
182408916
182426574
182426766
182426826
182426836
182426836
182426836
182426836
182426836
182426836
182426836
182426836
182426836
182426836
182426836
182426836
182426836
182426836
182426836
182426836
182426836
182426836
182426836
182426836
182426836
182426836
182426836
182426836
182426836
182426836
54925820
101772246
132173204
154040602
168115670
175508656
178790910
179926824
180243622
180337060
180346716
180350916
180353186
180353246
180353276
180353296
180353306
180353306
180353306
180353306
180353306
180353306
180353306
180353306
180353306
180353306
180353306
180353306
180353306
180353306
180353306
180353306
180353306
180353306
180353306
180353306
180353306
180353306
180353306
180353306
55175908
102583126
133749188
156651720
171400866
179550880
183175706
184591562
185017074
185129198
185162500
185172986
185176240
185176330
185176390
185176410
185176420
185176430
185176430
185176430
185176430
185176430
185176430
185176430
185176430
185176430
185176430
185176430
185176430
185176430
185176430
185176430
185176430
185176430
185176430
185176430
185176430
185176430
185176430
185176430
54816966
100671574
129985808
151420712
165131314
172475384
175611518
176650068
176985042
177066102
177080388
177084846
177085036
177085076
177085086
177085086
177085086
177085086
177085086
177085086
177085086
177085086
177085086
177085086
177085086
177085086
177085086
177085086
177085086
177085086
177085086
177085086
177085086
177085086
177085086
177085086
177085086
177085086
177085086
177085086
55000858
101408848
131137396
152725888
166506866
173915926
177152158
178290108
178631276
178698146
178712168
178717498
178719182
178721190
178721210
178721220
178721220
178721220
178721220
178721220
178721220
178721220
178721220
178721220
178721220
178721220
178721220
178721220
178721220
178721220
178721220
178721220
178721220
178721220
178721220
178721220
178721220
178721220
178721220
178721220
54724566
101024810
131553482
154233058
169289236
177697308
181515364
183009692
183453688
183543038
183557724
183567088
183568802
183571348
183571358
183571358
183571358
183571358
183571358
183571358
183571358
183571358
183571358
183571358
183571358
183571358
183571358
183571358
183571358
183571358
183571358
183571358
183571358
183571358
183571358
183571358
183571358
183571358
183571358
183571358
54855900
101063956
130701578
152326610
165869700
173179756
176455340
177580222
177936490
178028064
178043232
178048272
178048402
178048432
178048432
178048432
178048432
178048432
178048432
178048432
178048432
178048432
178048432
178048432
178048432
178048432
178048432
178048432
178048432
178048432
178048432
178048432
178048432
178048432
178048432
178048432
178048432
178048432
178048432
178048432
54973972
101490908
131340104
153250240
167193780
174746324
178090670
179266956
179574798
179644194
179669340
179677470
179677670
179677760
179677800
179677810
179677820
179677820
179677820
179677820
179677820
179677820
179677820
179677820
179677820
179677820
179677820
179677820
179677820
179677820
179677820
179677820
179677820
179677820
179677820
179677820
179677820
179677820
179677820
179677820
54900678
101500492
131639830
153527766
167292786
174531944
177668174
178769484
179087254
179144762
179164458
179171858
179177390
179177430
179177430
179177430
179177430
179177430
179177430
179177430
179177430
179177430
179177430
179177430
179177430
179177430
179177430
179177430
179177430
179177430
179177430
179177430
179177430
179177430
179177430
179177430
179177430
179177430
179177430
179177430
54835098
101432354
131662890
153572720
167538474
175165240
178519232
179710708
180135132
180238166
180274950
180280464
180280614
180280654
180280654
180280654
180280654
180280654
180280654
180280654
180280654
180280654
180280654
180280654
180280654
180280654
180280654
180280654
180280654
180280654
180280654
180280654
180280654
180280654
180280654
180280654
180280654
180280654
180280654
180280654
55069518
101813624
132608656
154951106
169083084
176792098
180123600
181403508
181814056
181904936
181927668
181939400
181939664
181939744
181939764
181939774
181939774
181939774
181939774
181939774
181939774
181939774
181939774
181939774
181939774
181939774
181939774
181939774
181939774
181939774
181939774
181939774
181939774
181939774
181939774
181939774
181939774
181939774
181939774
181939774
54912324
101158728
131116196
152763092
166823464
174372028
177621936
178809894
179121524
179190130
179212108
179219724
179220038
179220098
179220118
179220118
179220118
179220118
179220118
179220118
179220118
179220118
179220118
179220118
179220118
179220118
179220118
179220118
179220118
179220118
179220118
179220118
179220118
179220118
179220118
179220118
179220118
179220118
179220118
179220118
54831566
101452770
131901534
154295410
168630696
176538078
180129504
181431364
181857048
181981348
182015738
182019334
182023250
182023320
182023350
182023350
182023350
182023350
182023350
182023350
182023350
182023350
182023350
182023350
182023350
182023350
182023350
182023350
182023350
182023350
182023350
182023350
182023350
182023350
182023350
182023350
182023350
182023350
182023350
182023350
54820368
101108608
130724116
152144112
165450190
172551860
175681900
176818180
177138170
177211010
177225294
177230610
177235366
177235436
177235446
177235446
177235446
177235446
177235446
177235446
177235446
177235446
177235446
177235446
177235446
177235446
177235446
177235446
177235446
177235446
177235446
177235446
177235446
177235446
177235446
177235446
177235446
177235446
177235446
177235446
55062632
102069750
132821852
155591554
170181190
178147758
181810596
183185274
183587270
183680146
183707106
183713548
183713882
183713942
183713962
183713972
183713982
183713992
183714002
183714012
183714012
183714012
183714012
183714012
183714012
183714012
183714012
183714012
183714012
183714012
183714012
183714012
183714012
183714012
183714012
183714012
183714012
183714012
183714012
183714012
54847554
100724622
129699126
150667950
163696806
170482258
173454526
174407636
174652392
174714898
174722622
174724410
174724570
174724610
174724630
174724630
174724630
174724630
174724630
174724630
174724630
174724630
174724630
174724630
174724630
174724630
174724630
174724630
174724630
174724630
174724630
174724630
174724630
174724630
174724630
174724630
174724630
174724630
174724630
174724630
54881736
101280736
130972134
152359170
165996294
173360850
176701284
177909602
178259512
178323770
178350818
178354768
178354918
178354978
178355008
178355008
178355008
178355008
178355008
178355008
178355008
178355008
178355008
178355008
178355008
178355008
178355008
178355008
178355008
178355008
178355008
178355008
178355008
178355008
178355008
178355008
178355008
178355008
178355008
178355008
54919930
100911616
130240458
151667934
165414446
172800586
176070778
177295610
177660858
177722084
177727686
177731268
177731418
177731488
177731488
177731488
177731488
177731488
177731488
177731488
177731488
177731488
177731488
177731488
177731488
177731488
177731488
177731488
177731488
177731488
177731488
177731488
177731488
177731488
177731488
177731488
177731488
177731488
177731488
177731488
55062228
102154150
132834520
155168882
169486242
177359408
180923036
182207024
182615142
182722602
182749626
182758588
182758808
182758918
182758958
182758968
182758968
182758968
182758968
182758968
182758968
182758968
182758968
182758968
182758968
182758968
182758968
182758968
182758968
182758968
182758968
182758968
182758968
182758968
182758968
182758968
182758968
182758968
182758968
182758968
54915224
102233240
133453356
156544042
171667064
179957144
183729052
185014136
185400080
185493656
185517470
185518398
185518608
185518658
185518658
185518658
185518658
185518658
185518658
185518658
185518658
185518658
185518658
185518658
185518658
185518658
185518658
185518658
185518658
185518658
185518658
185518658
185518658
185518658
185518658
185518658
185518658
185518658
185518658
185518658
54983190
101776210
131975658
153975594
168131496
176071366
179620888
180903168
181281622
181404994
181446144
181456460
181457388
181457448
181457448
181457448
181457448
181457448
181457448
181457448
181457448
181457448
181457448
181457448
181457448
181457448
181457448
181457448
181457448
181457448
181457448
181457448
181457448
181457448
181457448
181457448
181457448
181457448
181457448
181457448
54875156
101254682
131637896
153943866
168169106
175675538
178891186
180108336
180433076
180519180
180534864
180535384
180535574
180535624
180535644
180535644
180535644
180535644
180535644
180535644
180535644
180535644
180535644
180535644
180535644
180535644
180535644
180535644
180535644
180535644
180535644
180535644
180535644
180535644
180535644
180535644
180535644
180535644
180535644
180535644
55225114
102932376
134672628
158171028
173433310
181715108
185411716
186775256
187219100
187342072
187364484
187370456
187375832
187375912
187375932
187375932
187375932
187375932
187375932
187375932
187375932
187375932
187375932
187375932
187375932
187375932
187375932
187375932
187375932
187375932
187375932
187375932
187375932
187375932
187375932
187375932
187375932
187375932
187375932
187375932
55088742
102569050
133776076
156850058
171606020
179931730
183705932
185133256
185603126
185739612
185767484
185775792
185776102
185776212
185776252
185776262
185776262
185776262
185776262
185776262
185776262
185776262
185776262
185776262
185776262
185776262
185776262
185776262
185776262
185776262
185776262
185776262
185776262
185776262
185776262
185776262
185776262
185776262
185776262
185776262
54933268
101824950
132152932
154585048
168862580
176790166
180472424
181893742
182309556
182416898
182433736
182439982
182441860
182441890
182441900
182441900
182441900
182441900
182441900
182441900
182441900
182441900
182441900
182441900
182441900
182441900
182441900
182441900
182441900
182441900
182441900
182441900
182441900
182441900
182441900
182441900
182441900
182441900
182441900
182441900
54931652
101346900
131279340
153175296
167375802
175027526
178477404
179712674
180084538
180144190
180163810
180168914
180169064
180169094
180169104
180169104
180169104
180169104
180169104
180169104
180169104
180169104
180169104
180169104
180169104
180169104
180169104
180169104
180169104
180169104
180169104
180169104
180169104
180169104
180169104
180169104
180169104
180169104
180169104
180169104
54951766
101549550
132164682
154447414
168774116
176590712
179998692
181293352
181675114
181784726
181825632
181830222
181834012
181834122
181834162
181834182
181834182
181834182
181834182
181834182
181834182
181834182
181834182
181834182
181834182
181834182
181834182
181834182
181834182
181834182
181834182
181834182
181834182
181834182
181834182
181834182
181834182
181834182
181834182
181834182
54925412
100896014
130079570
151197180
164574344
171752456
175088210
176198358
176521068
176586412
176601608
176612052
176614466
176615818
176615838
176615858
176615868
176615868
176615868
176615868
176615868
176615868
176615868
176615868
176615868
176615868
176615868
176615868
176615868
176615868
176615868
176615868
176615868
176615868
176615868
176615868
176615868
176615868
176615868
176615868
55071340
101653506
131776012
153764838
167741156
175385640
178847986
180102252
180478840
180570922
180590808
180594890
180598106
180598186
180598216
180598246
180598256
180598256
180598256
180598256
180598256
180598256
180598256
180598256
180598256
180598256
180598256
180598256
180598256
180598256
180598256
180598256
180598256
180598256
180598256
180598256
180598256
180598256
180598256
180598256
54825732
100764368
130126026
151573410
165036226
172262036
175440084
176632578
176997132
177082902
177115492
177126058
177129020
177131892
177131922
177131922
177131922
177131922
177131922
177131922
177131922
177131922
177131922
177131922
177131922
177131922
177131922
177131922
177131922
177131922
177131922
177131922
177131922
177131922
177131922
177131922
177131922
177131922
177131922
177131922
54936778
101553074
131878960
153834362
167774812
175050698
178248468
179346716
179687132
179764986
179778826
179789436
179789616
179789656
179789666
179789676
179789676
179789676
179789676
179789676
179789676
179789676
179789676
179789676
179789676
179789676
179789676
179789676
179789676
179789676
179789676
179789676
179789676
179789676
179789676
179789676
179789676
179789676
179789676
179789676
54821758
100533354
129396602
150303426
163496852
170638378
173703030
174906828
175239468
175327120
175346036
175355280
175357694
175359998
175360008
175360008
175360008
175360008
175360008
175360008
175360008
175360008
175360008
175360008
175360008
175360008
175360008
175360008
175360008
175360008
175360008
175360008
175360008
175360008
175360008
175360008
175360008
175360008
175360008
175360008
54790400
100897126
130182870
151399798
164919922
172044468
175168930
176274216
176627106
176739704
176766342
176775670
176778998
176780962
176780992
176781002
176781012
176781012
176781012
176781012
176781012
176781012
176781012
176781012
176781012
176781012
176781012
176781012
176781012
176781012
176781012
176781012
176781012
176781012
176781012
176781012
176781012
176781012
176781012
176781012
55102856
101975072
132930824
156031904
171152112
179270878
182978054
184327064
184731040
184839326
184878920
184903456
184907642
184907692
184907722
184907722
184907722
184907722
184907722
184907722
184907722
184907722
184907722
184907722
184907722
184907722
184907722
184907722
184907722
184907722
184907722
184907722
184907722
184907722
184907722
184907722
184907722
184907722
184907722
184907722
55037508
101609270
131948996
153968172
168033696
175643582
179067064
180322460
180689672
180803788
180836788
180840386
180840576
180840636
180840666
180840676
180840676
180840676
180840676
180840676
180840676
180840676
180840676
180840676
180840676
180840676
180840676
180840676
180840676
180840676
180840676
180840676
180840676
180840676
180840676
180840676
180840676
180840676
180840676
180840676
54974140
101137578
130621816
152051936
165693688
172989152
176260122
177507402
177889294
178008218
178037648
178046400
178046570
178046590
178046600
178046610
178046610
178046610
178046610
178046610
178046610
178046610
178046610
178046610
178046610
178046610
178046610
178046610
178046610
178046610
178046610
178046610
178046610
178046610
178046610
178046610
178046610
178046610
178046610
178046610
54868072
101494394
132224260
154983450
169650440
177754388
181306162
182556904
182959956
183053030
183077322
183080410
183080610
183080710
183080750
183080770
183080780
183080790
183080790
183080790
183080790
183080790
183080790
183080790
183080790
183080790
183080790
183080790
183080790
183080790
183080790
183080790
183080790
183080790
183080790
183080790
183080790
183080790
183080790
183080790
54890308
101209748
131069472
152513190
165851680
172952376
176071412
177127096
177390184
177459380
177474090
177474650
177474780
177474820
177474820
177474820
177474820
177474820
177474820
177474820
177474820
177474820
177474820
177474820
177474820
177474820
177474820
177474820
177474820
177474820
177474820
177474820
177474820
177474820
177474820
177474820
177474820
177474820
177474820
177474820
55041300
102396818
133352294
156364398
171309498
179554530
183185862
184526938
184857784
184955092
184977296
184982398
184984136
184984216
184984226
184984226
184984226
184984226
184984226
184984226
184984226
184984226
184984226
184984226
184984226
184984226
184984226
184984226
184984226
184984226
184984226
184984226
184984226
184984226
184984226
184984226
184984226
184984226
184984226
184984226
54923108
101783622
132355906
154954006
169398834
177222578
180618028
181833262
182162730
182261024
182278734
182283588
182283868
182283968
182283998
182284018
182284018
182284018
182284018
182284018
182284018
182284018
182284018
182284018
182284018
182284018
182284018
182284018
182284018
182284018
182284018
182284018
182284018
182284018
182284018
182284018
182284018
182284018
182284018
182284018
54809284
100603862
130014028
151343920
164894272
172246144
175534542
176671498
177072720
177185006
177209906
177214238
177214528
177214578
177214578
177214578
177214578
177214578
177214578
177214578
177214578
177214578
177214578
177214578
177214578
177214578
177214578
177214578
177214578
177214578
177214578
177214578
177214578
177214578
177214578
177214578
177214578
177214578
177214578
177214578
55002428
101980054
132592550
155124086
169724346
177822482
181428922
182712654
183125976
183237252
183257348
183260658
183260868
183260928
183260938
183260938
183260938
183260938
183260938
183260938
183260938
183260938
183260938
183260938
183260938
183260938
183260938
183260938
183260938
183260938
183260938
183260938
183260938
183260938
183260938
183260938
183260938
183260938
183260938
183260938
55048038
101959156
132197978
154693944
169256128
177276228
180894064
182344394
182803632
182915084
182949800
182955234
182958824
182958864
182958864
182958864
182958864
182958864
182958864
182958864
182958864
182958864
182958864
182958864
182958864
182958864
182958864
182958864
182958864
182958864
182958864
182958864
182958864
182958864
182958864
182958864
182958864
182958864
182958864
182958864
54817596
100831256
130080444
151521070
165335904
172827902
176228184
177486948
177843860
177937826
177952514
177956084
177956224
177956304
177956334
177956344
177956354
177956364
177956374
177956384
177956384
177956384
177956384
177956384
177956384
177956384
177956384
177956384
177956384
177956384
177956384
177956384
177956384
177956384
177956384
177956384
177956384
177956384
177956384
177956384
54932844
101427782
131518538
153425850
167311738
174540964
177853132
178983068
179388542
179457594
179478128
179483734
179486202
179486252
179486282
179486302
179486322
179486332
179486342
179486342
179486342
179486342
179486342
179486342
179486342
179486342
179486342
179486342
179486342
179486342
179486342
179486342
179486342
179486342
179486342
179486342
179486342
179486342
179486342
179486342
54987138
101588436
131966256
153912536
167837686
175058532
178232964
179314172
179621026
179713136
179739458
179745406
179748668
179748698
179748698
179748698
179748698
179748698
179748698
179748698
179748698
179748698
179748698
179748698
179748698
179748698
179748698
179748698
179748698
179748698
179748698
179748698
179748698
179748698
179748698
179748698
179748698
179748698
179748698
179748698
55032518
101770212
132016282
153944914
167707740
175260968
178670392
179889958
180233084
180285222
180298282
180306568
180308144
180308194
180308214
180308224
180308234
180308234
180308234
180308234
180308234
180308234
180308234
180308234
180308234
180308234
180308234
180308234
180308234
180308234
180308234
180308234
180308234
180308234
180308234
180308234
180308234
180308234
180308234
180308234
54953218
102044784
132952296
155928732
170613528
178694036
182331772
183539386
183863898
183917162
183935800
183943244
183943534
183943674
183943724
183943754
183943764
183943774
183943784
183943784
183943784
183943784
183943784
183943784
183943784
183943784
183943784
183943784
183943784
183943784
183943784
183943784
183943784
183943784
183943784
183943784
183943784
183943784
183943784
183943784
55082288
102341520
133082760
155840438
170242498
178106402
181585180
182924938
183293480
183392456
183420780
183425558
183425748
183425838
183425868
183425878
183425888
183425898
183425898
183425898
183425898
183425898
183425898
183425898
183425898
183425898
183425898
183425898
183425898
183425898
183425898
183425898
183425898
183425898
183425898
183425898
183425898
183425898
183425898
183425898
54815666
101431062
131684984
153677288
167399342
174857804
178026290
179158880
179464128
179539228
179558300
179562198
179565816
179565866
179565886
179565896
179565896
179565896
179565896
179565896
179565896
179565896
179565896
179565896
179565896
179565896
179565896
179565896
179565896
179565896
179565896
179565896
179565896
179565896
179565896
179565896
179565896
179565896
179565896
179565896
54924356
101753538
132417364
155099332
169660692
177637740
181213814
182563646
182958402
183051282
183076626
183093670
183097442
183097492
183097512
183097522
183097532
183097532
183097532
183097532
183097532
183097532
183097532
183097532
183097532
183097532
183097532
183097532
183097532
183097532
183097532
183097532
183097532
183097532
183097532
183097532
183097532
183097532
183097532
183097532
54906316
101631930
131696990
153917656
168124880
175774974
179192420
180294960
180603964
180700476
180717506
180719892
180720012
180720012
180720012
180720012
180720012
180720012
180720012
180720012
180720012
180720012
180720012
180720012
180720012
180720012
180720012
180720012
180720012
180720012
180720012
180720012
180720012
180720012
180720012
180720012
180720012
180720012
180720012
180720012
55188898
102853830
134544398
158061812
173373554
181854196
185600980
187024990
187457752
187555448
187583054
187592056
187599136
187599236
187599286
187599286
187599286
187599286
187599286
187599286
187599286
187599286
187599286
187599286
187599286
187599286
187599286
187599286
187599286
187599286
187599286
187599286
187599286
187599286
187599286
187599286
187599286
187599286
187599286
187599286
55041386
101810010
132338728
154486296
168552210
176244516
179629486
180841802
181209808
181290712
181316544
181330098
181333682
181336612
181336632
181336632
181336632
181336632
181336632
181336632
181336632
181336632
181336632
181336632
181336632
181336632
181336632
181336632
181336632
181336632
181336632
181336632
181336632
181336632
181336632
181336632
181336632
181336632
181336632
181336632
54795218
100404646
129068274
149799044
162745128
169605712
172688526
173839038
174168626
174265796
174302716
174309062
174309232
174309272
174309282
174309282
174309282
174309282
174309282
174309282
174309282
174309282
174309282
174309282
174309282
174309282
174309282
174309282
174309282
174309282
174309282
174309282
174309282
174309282
174309282
174309282
174309282
174309282
174309282
174309282
54793520
100650138
129780576
150662056
163626112
170433732
173424556
174524956
174785964
174845218
174861560
174865746
174865986
174866096
174866146
174866166
174866176
174866176
174866176
174866176
174866176
174866176
174866176
174866176
174866176
174866176
174866176
174866176
174866176
174866176
174866176
174866176
174866176
174866176
174866176
174866176
174866176
174866176
174866176
174866176
