511522
886499
1137303
1322862
1452844
1537913
1585688
1608607
1616753
1619139
1619750
1619982
1620082
1620090
1620091
1620091
1620091
1620091
1620091
1620091
1620091
1620091
1620091
1620091
1620091
1620091
1620091
1620091
1620091
1620091
1620091
1620091
1620091
1620091
1620091
1620091
1620091
1620091
1620091
1620091
512075
886697
1136303
1320019
1448616
1533428
1581203
1603980
1611995
1614762
1615506
1615713
1615724
1615725
1615725
1615725
1615725
1615725
1615725
1615725
1615725
1615725
1615725
1615725
1615725
1615725
1615725
1615725
1615725
1615725
1615725
1615725
1615725
1615725
1615725
1615725
1615725
1615725
1615725
1615725
512969
889247
1139008
1323871
1452344
1536896
1585321
1606971
1614566
1616401
1617095
1617276
1617297
1617304
1617306
1617306
1617306
1617306
1617306
1617306
1617306
1617306
1617306
1617306
1617306
1617306
1617306
1617306
1617306
1617306
1617306
1617306
1617306
1617306
1617306
1617306
1617306
1617306
1617306
1617306
513581
892153
1147116
1338652
1475480
1565901
1618741
1644218
1653852
1657057
1657697
1657913
1657933
1657939
1657941
1657942
1657942
1657942
1657942
1657942
1657942
1657942
1657942
1657942
1657942
1657942
1657942
1657942
1657942
1657942
1657942
1657942
1657942
1657942
1657942
1657942
1657942
1657942
1657942
1657942
512847
888866
1141426
1329662
1462257
1550528
1601780
1626653
1635958
1639101
1639905
1640079
1640161
1640178
1640182
1640182
1640182
1640182
1640182
1640182
1640182
1640182
1640182
1640182
1640182
1640182
1640182
1640182
1640182
1640182
1640182
1640182
1640182
1640182
1640182
1640182
1640182
1640182
1640182
1640182
506353
872294
1112094
1289578
1415314
1496051
1540552
1561374
1568832
1571113
1571551
1571693
1571825
1571827
1571828
1571828
1571828
1571828
1571828
1571828
1571828
1571828
1571828
1571828
1571828
1571828
1571828
1571828
1571828
1571828
1571828
1571828
1571828
1571828
1571828
1571828
1571828
1571828
1571828
1571828
512952
886855
1134778
1318991
1448163
1532734
1581388
1604025
1611673
1614159
1614652
1614835
1614987
1615076
1615078
1615079
1615079
1615079
1615079
1615079
1615079
1615079
1615079
1615079
1615079
1615079
1615079
1615079
1615079
1615079
1615079
1615079
1615079
1615079
1615079
1615079
1615079
1615079
1615079
1615079
506011
869987
1105693
1280079
1402088
1481917
1526335
1547808
1555737
1558573
1559471
1559717
1559814
1559910
1559916
1559917
1559918
1559918
1559918
1559918
1559918
1559918
1559918
1559918
1559918
1559918
1559918
1559918
1559918
1559918
1559918
1559918
1559918
1559918
1559918
1559918
1559918
1559918
1559918
1559918
509516
880893
1125882
1307370
1434339
1517364
1564744
1588245
1596510
1598473
1599270
1599499
1599517
1599522
1599523
1599523
1599523
1599523
1599523
1599523
1599523
1599523
1599523
1599523
1599523
1599523
1599523
1599523
1599523
1599523
1599523
1599523
1599523
1599523
1599523
1599523
1599523
1599523
1599523
1599523
512951
890381
1142795
1329867
1462306
1549861
1601330
1625754
1634948
1638037
1638928
1639060
1639132
1639139
1639142
1639143
1639143
1639143
1639143
1639143
1639143
1639143
1639143
1639143
1639143
1639143
1639143
1639143
1639143
1639143
1639143
1639143
1639143
1639143
1639143
1639143
1639143
1639143
1639143
1639143
507666
876858
1119087
1298692
1424436
1506443
1552779
1573403
1580520
1582456
1583019
1583169
1583194
1583201
1583202
1583203
1583203
1583203
1583203
1583203
1583203
1583203
1583203
1583203
1583203
1583203
1583203
1583203
1583203
1583203
1583203
1583203
1583203
1583203
1583203
1583203
1583203
1583203
1583203
1583203
511970
888082
1140183
1327833
1459811
1546267
1597174
1621443
1630043
1632188
1633095
1633247
1633270
1633274
1633276
1633277
1633277
1633277
1633277
1633277
1633277
1633277
1633277
1633277
1633277
1633277
1633277
1633277
1633277
1633277
1633277
1633277
1633277
1633277
1633277
1633277
1633277
1633277
1633277
1633277
511620
884775
1132987
1317725
1448128
1533888
1584017
1606497
1614119
1616662
1617474
1617615
1617634
1617638
1617638
1617638
1617638
1617638
1617638
1617638
1617638
1617638
1617638
1617638
1617638
1617638
1617638
1617638
1617638
1617638
1617638
1617638
1617638
1617638
1617638
1617638
1617638
1617638
1617638
1617638
512298
887243
1135729
1320042
1449053
1535192
1584170
1608381
1617942
1620400
1620700
1620817
1620845
1620851
1620853
1620853
1620853
1620853
1620853
1620853
1620853
1620853
1620853
1620853
1620853
1620853
1620853
1620853
1620853
1620853
1620853
1620853
1620853
1620853
1620853
1620853
1620853
1620853
1620853
1620853
514168
893153
1148553
1338606
1472458
1559844
1610653
1634661
1644908
1647735
1648589
1648752
1648778
1648787
1648789
1648790
1648791
1648791
1648791
1648791
1648791
1648791
1648791
1648791
1648791
1648791
1648791
1648791
1648791
1648791
1648791
1648791
1648791
1648791
1648791
1648791
1648791
1648791
1648791
1648791
515636
897384
1153673
1345007
1479062
1568394
1620583
1646001
1654890
1657430
1657950
1658002
1658017
1658023
1658023
1658023
1658023
1658023
1658023
1658023
1658023
1658023
1658023
1658023
1658023
1658023
1658023
1658023
1658023
1658023
1658023
1658023
1658023
1658023
1658023
1658023
1658023
1658023
1658023
1658023
517004
900186
1161725
1357934
1498401
1593047
1648830
1675505
1685454
1687918
1688524
1688752
1688772
1688781
1688784
1688784
1688784
1688784
1688784
1688784
1688784
1688784
1688784
1688784
1688784
1688784
1688784
1688784
1688784
1688784
1688784
1688784
1688784
1688784
1688784
1688784
1688784
1688784
1688784
1688784
510897
885922
1137029
1325010
1458398
1548057
1599119
1624080
1633236
1635934
1636606
1636683
1636708
1636712
1636712
1636712
1636712
1636712
1636712
1636712
1636712
1636712
1636712
1636712
1636712
1636712
1636712
1636712
1636712
1636712
1636712
1636712
1636712
1636712
1636712
1636712
1636712
1636712
1636712
1636712
510324
880347
1124063
1303890
1428560
1510248
1556028
1578284
1587364
1590049
1590717
1590955
1591066
1591076
1591080
1591080
1591080
1591080
1591080
1591080
1591080
1591080
1591080
1591080
1591080
1591080
1591080
1591080
1591080
1591080
1591080
1591080
1591080
1591080
1591080
1591080
1591080
1591080
1591080
1591080
511552
883947
1131573
1315263
1444321
1529023
1578366
1602154
1610675
1612709
1613126
1613274
1613291
1613299
1613301
1613302
1613302
1613302
1613302
1613302
1613302
1613302
1613302
1613302
1613302
1613302
1613302
1613302
1613302
1613302
1613302
1613302
1613302
1613302
1613302
1613302
1613302
1613302
1613302
1613302
510985
882953
1130621
1314841
1444859
1530938
1580542
1604405
1611592
1613738
1614265
1614482
1614507
1614512
1614515
1614516
1614517
1614517
1614517
1614517
1614517
1614517
1614517
1614517
1614517
1614517
1614517
1614517
1614517
1614517
1614517
1614517
1614517
1614517
1614517
1614517
1614517
1614517
1614517
1614517
512589
887863
1137214
1321517
1451631
1537756
1587567
1610367
1617529
1619353
1619636
1619710
1619728
1619735
1619736
1619737
1619737
1619737
1619737
1619737
1619737
1619737
1619737
1619737
1619737
1619737
1619737
1619737
1619737
1619737
1619737
1619737
1619737
1619737
1619737
1619737
1619737
1619737
1619737
1619737
512657
889789
1142627
1330418
1461862
1547960
1596259
1617749
1626113
1628600
1629218
1629353
1629373
1629378
1629379
1629380
1629380
1629380
1629380
1629380
1629380
1629380
1629380
1629380
1629380
1629380
1629380
1629380
1629380
1629380
1629380
1629380
1629380
1629380
1629380
1629380
1629380
1629380
1629380
1629380
511233
884112
1130093
1313244
1441426
1524476
1571550
1593155
1600308
1602791
1603560
1603771
1603794
1603798
1603801
1603803
1603803
1603803
1603803
1603803
1603803
1603803
1603803
1603803
1603803
1603803
1603803
1603803
1603803
1603803
1603803
1603803
1603803
1603803
1603803
1603803
1603803
1603803
1603803
1603803
510131
882176
1127201
1307908
1433297
1515510
1562289
1583766
1591451
1593196
1593801
1593926
1593995
1594003
1594005
1594006
1594006
1594006
1594006
1594006
1594006
1594006
1594006
1594006
1594006
1594006
1594006
1594006
1594006
1594006
1594006
1594006
1594006
1594006
1594006
1594006
1594006
1594006
1594006
1594006
512099
885670
1134048
1317517
1445491
1528032
1574589
1596949
1605373
1607617
1608136
1608344
1608400
1608405
1608406
1608406
1608406
1608406
1608406
1608406
1608406
1608406
1608406
1608406
1608406
1608406
1608406
1608406
1608406
1608406
1608406
1608406
1608406
1608406
1608406
1608406
1608406
1608406
1608406
1608406
513438
891088
1143778
1332068
1464987
1551462
1601571
1624203
1632586
1635613
1636637
1636832
1636859
1636867
1636869
1636869
1636869
1636869
1636869
1636869
1636869
1636869
1636869
1636869
1636869
1636869
1636869
1636869
1636869
1636869
1636869
1636869
1636869
1636869
1636869
1636869
1636869
1636869
1636869
1636869
510546
881086
1126252
1306125
1430475
1509561
1552885
1572731
1578549
1580390
1580806
1580959
1580979
1580986
1580986
1580986
1580986
1580986
1580986
1580986
1580986
1580986
1580986
1580986
1580986
1580986
1580986
1580986
1580986
1580986
1580986
1580986
1580986
1580986
1580986
1580986
1580986
1580986
1580986
1580986
510925
884433
1131942
1314846
1444143
1529378
1578279
1601364
1608989
1610661
1610998
1611102
1611123
1611130
1611133
1611133
1611133
1611133
1611133
1611133
1611133
1611133
1611133
1611133
1611133
1611133
1611133
1611133
1611133
1611133
1611133
1611133
1611133
1611133
1611133
1611133
1611133
1611133
1611133
1611133
510322
882433
1129753
1313245
1442343
1526761
1575048
1597977
1606765
1609449
1609988
1610119
1610138
1610145
1610147
1610148
1610148
1610148
1610148
1610148
1610148
1610148
1610148
1610148
1610148
1610148
1610148
1610148
1610148
1610148
1610148
1610148
1610148
1610148
1610148
1610148
1610148
1610148
1610148
1610148
513052
890323
1142560
1331161
1463721
1552167
1604583
1631178
1641484
1644593
1645921
1646325
1646429
1646437
1646439
1646440
1646440
1646440
1646440
1646440
1646440
1646440
1646440
1646440
1646440
1646440
1646440
1646440
1646440
1646440
1646440
1646440
1646440
1646440
1646440
1646440
1646440
1646440
1646440
1646440
508814
877378
1120391
1298494
1422780
1503001
1549435
1571155
1579343
1581831
1582480
1582567
1582586
1582592
1582595
1582595
1582595
1582595
1582595
1582595
1582595
1582595
1582595
1582595
1582595
1582595
1582595
1582595
1582595
1582595
1582595
1582595
1582595
1582595
1582595
1582595
1582595
1582595
1582595
1582595
510350
883950
1131161
1314586
1443023
1526238
1573899
1596314
1604243
1606591
1607307
1607535
1607556
1607565
1607568
1607569
1607570
1607570
1607570
1607570
1607570
1607570
1607570
1607570
1607570
1607570
1607570
1607570
1607570
1607570
1607570
1607570
1607570
1607570
1607570
1607570
1607570
1607570
1607570
1607570
510177
881257
1126749
1306786
1433366
1517795
1564737
1588549
1597778
1600837
1601746
1601898
1601923
1601936
1601940
1601941
1601941
1601941
1601941
1601941
1601941
1601941
1601941
1601941
1601941
1601941
1601941
1601941
1601941
1601941
1601941
1601941
1601941
1601941
1601941
1601941
1601941
1601941
1601941
1601941
507286
873341
1112829
1290668
1414973
1496061
1540686
1561679
1569325
1570832
1571155
1571285
1571302
1571307
1571308
1571308
1571308
1571308
1571308
1571308
1571308
1571308
1571308
1571308
1571308
1571308
1571308
1571308
1571308
1571308
1571308
1571308
1571308
1571308
1571308
1571308
1571308
1571308
1571308
1571308
509848
881368
1127921
1309805
1437792
1522024
1569629
1591709
1599881
1602353
1603129
1603222
1603243
1603250
1603253
1603254
1603254
1603254
1603254
1603254
1603254
1603254
1603254
1603254
1603254
1603254
1603254
1603254
1603254
1603254
1603254
1603254
1603254
1603254
1603254
1603254
1603254
1603254
1603254
1603254
508834
876579
1118770
1297205
1422599
1504569
1550761
1573316
1581892
1584337
1585174
1585417
1585472
1585478
1585482
1585484
1585484
1585484
1585484
1585484
1585484
1585484
1585484
1585484
1585484
1585484
1585484
1585484
1585484
1585484
1585484
1585484
1585484
1585484
1585484
1585484
1585484
1585484
1585484
1585484
511630
885900
1134508
1318470
1447271
1531778
1580362
1602335
1610036
1611899
1612336
1612479
1612497
1612503
1612506
1612508
1612508
1612508
1612508
1612508
1612508
1612508
1612508
1612508
1612508
1612508
1612508
1612508
1612508
1612508
1612508
1612508
1612508
1612508
1612508
1612508
1612508
1612508
1612508
1612508
509525
879743
1122479
1300971
1425757
1507466
1552958
1573840
1580040
1581547
1582124
1582233
1582289
1582323
1582324
1582324
1582324
1582324
1582324
1582324
1582324
1582324
1582324
1582324
1582324
1582324
1582324
1582324
1582324
1582324
1582324
1582324
1582324
1582324
1582324
1582324
1582324
1582324
1582324
1582324
506649
872676
1110906
1285365
1407130
1486606
1531197
1551085
1558648
1560654
1561193
1561250
1561266
1561270
1561271
1561271
1561271
1561271
1561271
1561271
1561271
1561271
1561271
1561271
1561271
1561271
1561271
1561271
1561271
1561271
1561271
1561271
1561271
1561271
1561271
1561271
1561271
1561271
1561271
1561271
505960
869583
1103924
1274471
1392955
1470057
1513577
1533728
1540878
1542768
1543330
1543445
1543467
1543472
1543473
1543474
1543475
1543475
1543475
1543475
1543475
1543475
1543475
1543475
1543475
1543475
1543475
1543475
1543475
1543475
1543475
1543475
1543475
1543475
1543475
1543475
1543475
1543475
1543475
1543475
512553
889118
1139735
1325022
1456083
1542033
1590993
1614379
1621378
1623628
1624459
1624582
1624633
1624660
1624674
1624677
1624678
1624678
1624678
1624678
1624678
1624678
1624678
1624678
1624678
1624678
1624678
1624678
1624678
1624678
1624678
1624678
1624678
1624678
1624678
1624678
1624678
1624678
1624678
1624678
514826
893435
1146453
1334580
1466574
1553485
1603499
1628125
1637221
1640042
1640710
1640916
1641007
1641068
1641116
1641161
1641163
1641164
1641165
1641165
1641165
1641165
1641165
1641165
1641165
1641165
1641165
1641165
1641165
1641165
1641165
1641165
1641165
1641165
1641165
1641165
1641165
1641165
1641165
1641165
510248
882820
1128341
1309699
1437278
1520674
1567342
1590973
1599103
1601960
1602872
1603230
1603260
1603263
1603263
1603263
1603263
1603263
1603263
1603263
1603263
1603263
1603263
1603263
1603263
1603263
1603263
1603263
1603263
1603263
1603263
1603263
1603263
1603263
1603263
1603263
1603263
1603263
1603263
1603263
508149
874842
1115148
1290916
1412143
1491535
1536638
1557463
1565561
1567977
1568583
1568704
1568726
1568733
1568736
1568736
1568736
1568736
1568736
1568736
1568736
1568736
1568736
1568736
1568736
1568736
1568736
1568736
1568736
1568736
1568736
1568736
1568736
1568736
1568736
1568736
1568736
1568736
1568736
1568736
514459
894120
1150023
1340221
1473943
1562497
1614523
1639559
1648232
1650476
1651099
1651205
1651234
1651241
1651243
1651244
1651244
1651244
1651244
1651244
1651244
1651244
1651244
1651244
1651244
1651244
1651244
1651244
1651244
1651244
1651244
1651244
1651244
1651244
1651244
1651244
1651244
1651244
1651244
1651244
514309
893091
1147337
1336796
1469517
1557438
1608027
1630897
1640468
1643195
1643870
1643959
1644019
1644024
1644025
1644026
1644027
1644027
1644027
1644027
1644027
1644027
1644027
1644027
1644027
1644027
1644027
1644027
1644027
1644027
1644027
1644027
1644027
1644027
1644027
1644027
1644027
1644027
1644027
1644027
508329
874692
1115038
1290456
1411010
1490932
1536140
1557068
1564035
1565730
1566211
1566276
1566294
1566299
1566300
1566300
1566300
1566300
1566300
1566300
1566300
1566300
1566300
1566300
1566300
1566300
1566300
1566300
1566300
1566300
1566300
1566300
1566300
1566300
1566300
1566300
1566300
1566300
1566300
1566300
507224
874515
1115748
1294731
1419851
1501722
1547642
1568593
1576036
1578309
1578934
1579254
1579419
1579427
1579429
1579429
1579429
1579429
1579429
1579429
1579429
1579429
1579429
1579429
1579429
1579429
1579429
1579429
1579429
1579429
1579429
1579429
1579429
1579429
1579429
1579429
1579429
1579429
1579429
1579429
509421
879359
1121683
1299798
1424149
1504478
1549045
1568846
1576519
1578721
1579284
1579513
1579538
1579544
1579547
1579548
1579549
1579549
1579549
1579549
1579549
1579549
1579549
1579549
1579549
1579549
1579549
1579549
1579549
1579549
1579549
1579549
1579549
1579549
1579549
1579549
1579549
1579549
1579549
1579549
511488
886187
1134050
1318954
1448360
1533166
1580832
1600952
1607681
1609663
1610147
1610329
1610418
1610448
1610450
1610451
1610451
1610451
1610451
1610451
1610451
1610451
1610451
1610451
1610451
1610451
1610451
1610451
1610451
1610451
1610451
1610451
1610451
1610451
1610451
1610451
1610451
1610451
1610451
1610451
510108
882187
1128132
1310974
1440450
1526610
1576233
1599228
1607189
1609919
1610792
1611068
1611104
1611119
1611130
1611135
1611136
1611136
1611136
1611136
1611136
1611136
1611136
1611136
1611136
1611136
1611136
1611136
1611136
1611136
1611136
1611136
1611136
1611136
1611136
1611136
1611136
1611136
1611136
1611136
511379
884172
1132265
1315753
1443807
1526610
1574249
1596678
1605267
1607470
1607965
1608176
1608201
1608208
1608210
1608210
1608210
1608210
1608210
1608210
1608210
1608210
1608210
1608210
1608210
1608210
1608210
1608210
1608210
1608210
1608210
1608210
1608210
1608210
1608210
1608210
1608210
1608210
1608210
1608210
509991
881551
1127659
1310018
1438246
1521366
1568850
1589699
1596757
1599289
1600464
1600717
1600757
1600779
1600782
1600782
1600782
1600782
1600782
1600782
1600782
1600782
1600782
1600782
1600782
1600782
1600782
1600782
1600782
1600782
1600782
1600782
1600782
1600782
1600782
1600782
1600782
1600782
1600782
1600782
508662
878236
1121517
1299655
1425673
1509027
1556840
1579847
1588672
1591456
1591996
1592103
1592132
1592137
1592138
1592138
1592138
1592138
1592138
1592138
1592138
1592138
1592138
1592138
1592138
1592138
1592138
1592138
1592138
1592138
1592138
1592138
1592138
1592138
1592138
1592138
1592138
1592138
1592138
1592138
509963
880316
1125749
1306538
1432494
1515097
1561962
1584625
1592080
1594618
1595180
1595260
1595272
1595275
1595276
1595277
1595278
1595278
1595278
1595278
1595278
1595278
1595278
1595278
1595278
1595278
1595278
1595278
1595278
1595278
1595278
1595278
1595278
1595278
1595278
1595278
1595278
1595278
1595278
1595278
512597
888817
1139374
1323925
1454557
1540493
1590188
1614001
1621712
1623834
1624693
1625030
1625055
1625066
1625071
1625074
1625076
1625076
1625076
1625076
1625076
1625076
1625076
1625076
1625076
1625076
1625076
1625076
1625076
1625076
1625076
1625076
1625076
1625076
1625076
1625076
1625076
1625076
1625076
1625076
510387
881978
1129393
1312763
1441226
1524658
1572040
1594561
1602611
1604780
1605377
1605572
1605674
1605677
1605677
1605677
1605677
1605677
1605677
1605677
1605677
1605677
1605677
1605677
1605677
1605677
1605677
1605677
1605677
1605677
1605677
1605677
1605677
1605677
1605677
1605677
1605677
1605677
1605677
1605677
508348
877096
1118992
1298278
1424248
1506685
1554496
1575914
1583375
1585674
1586484
1586865
1587029
1587041
1587046
1587046
1587046
1587046
1587046
1587046
1587046
1587046
1587046
1587046
1587046
1587046
1587046
1587046
1587046
1587046
1587046
1587046
1587046
1587046
1587046
1587046
1587046
1587046
1587046
1587046
506258
872346
1111903
1288875
1412406
1492674
1538317
1558981
1566405
1568367
1568926
1569061
1569075
1569081
1569083
1569084
1569084
1569084
1569084
1569084
1569084
1569084
1569084
1569084
1569084
1569084
1569084
1569084
1569084
1569084
1569084
1569084
1569084
1569084
1569084
1569084
1569084
1569084
1569084
1569084
511851
887105
1137594
1323141
1454717
1541865
1594373
1619611
1628871
1631492
1632406
1632628
1632755
1632763
1632768
1632768
1632768
1632768
1632768
1632768
1632768
1632768
1632768
1632768
1632768
1632768
1632768
1632768
1632768
1632768
1632768
1632768
1632768
1632768
1632768
1632768
1632768
1632768
1632768
1632768
510373
882061
1129388
1311729
1439279
1523458
1571713
1594974
1603531
1606550
1607506
1607708
1607734
1607744
1607748
1607749
1607750
1607751
1607751
1607751
1607751
1607751
1607751
1607751
1607751
1607751
1607751
1607751
1607751
1607751
1607751
1607751
1607751
1607751
1607751
1607751
1607751
1607751
1607751
1607751
515708
897753
1155153
1347084
1483967
1575734
1631020
1658991
1668490
1670875
1671348
1671438
1671456
1671466
1671470
1671471
1671471
1671471
1671471
1671471
1671471
1671471
1671471
1671471
1671471
1671471
1671471
1671471
1671471
1671471
1671471
1671471
1671471
1671471
1671471
1671471
1671471
1671471
1671471
1671471
511971
887560
1138683
1325826
1458867
1546298
1595990
1620015
1626533
1628267
1628726
1628773
1628788
1628793
1628793
1628793
1628793
1628793
1628793
1628793
1628793
1628793
1628793
1628793
1628793
1628793
1628793
1628793
1628793
1628793
1628793
1628793
1628793
1628793
1628793
1628793
1628793
1628793
1628793
1628793
512430
886693
1135396
1319677
1448317
1533296
1579761
1600135
1606999
1608495
1608989
1609093
1609114
1609123
1609127
1609127
1609127
1609127
1609127
1609127
1609127
1609127
1609127
1609127
1609127
1609127
1609127
1609127
1609127
1609127
1609127
1609127
1609127
1609127
1609127
1609127
1609127
1609127
1609127
1609127
514924
894687
1150432
1341569
1476541
1566475
1619392
1645826
1655358
1658439
1659417
1659726
1659847
1659852
1659853
1659853
1659853
1659853
1659853
1659853
1659853
1659853
1659853
1659853
1659853
1659853
1659853
1659853
1659853
1659853
1659853
1659853
1659853
1659853
1659853
1659853
1659853
1659853
1659853
1659853
511089
883720
1131641
1314327
1442448
1526075
1572232
1593672
1601284
1603249
1603680
1603884
1603902
1603908
1603911
1603911
1603911
1603911
1603911
1603911
1603911
1603911
1603911
1603911
1603911
1603911
1603911
1603911
1603911
1603911
1603911
1603911
1603911
1603911
1603911
1603911
1603911
1603911
1603911
1603911
510646
882976
1129575
1312224
1440672
1524652
1573302
1595355
1602598
1604922
1605574
1605632
1605651
1605657
1605659
1605659
1605659
1605659
1605659
1605659
1605659
1605659
1605659
1605659
1605659
1605659
1605659
1605659
1605659
1605659
1605659
1605659
1605659
1605659
1605659
1605659
1605659
1605659
1605659
1605659
509132
878653
1124025
1304211
1430001
1511829
1558402
1579635
1586440
1588484
1589026
1589185
1589229
1589265
1589266
1589266
1589266
1589266
1589266
1589266
1589266
1589266
1589266
1589266
1589266
1589266
1589266
1589266
1589266
1589266
1589266
1589266
1589266
1589266
1589266
1589266
1589266
1589266
1589266
1589266
505994
870790
1107182
1279867
1400218
1477888
1521574
1541901
1548507
1550525
1550883
1551071
1551090
1551094
1551094
1551094
1551094
1551094
1551094
1551094
1551094
1551094
1551094
1551094
1551094
1551094
1551094
1551094
1551094
1551094
1551094
1551094
1551094
1551094
1551094
1551094
1551094
1551094
1551094
1551094
509996
880097
1123402
1302370
1426518
1507571
1553273
1574577
1582714
1584713
1585200
1585241
1585256
1585260
1585263
1585265
1585267
1585267
1585267
1585267
1585267
1585267
1585267
1585267
1585267
1585267
1585267
1585267
1585267
1585267
1585267
1585267
1585267
1585267
1585267
1585267
1585267
1585267
1585267
1585267
509099
877109
1119103
1297543
1421076
1500619
1545144
1563934
1570406
1572142
1572381
1572438
1572457
1572462
1572463
1572463
1572463
1572463
1572463
1572463
1572463
1572463
1572463
1572463
1572463
1572463
1572463
1572463
1572463
1572463
1572463
1572463
1572463
1572463
1572463
1572463
1572463
1572463
1572463
1572463
511330
884209
1133951
1318201
1448264
1532967
1581992
1604319
1612220
1614099
1614674
1614721
1614735
1614740
1614741
1614741
1614741
1614741
1614741
1614741
1614741
1614741
1614741
1614741
1614741
1614741
1614741
1614741
1614741
1614741
1614741
1614741
1614741
1614741
1614741
1614741
1614741
1614741
1614741
1614741
514459
893194
1147873
1338109
1471839
1560470
1611014
1634603
1643395
1646162
1646883
1646952
1646977
1646987
1646992
1646993
1646993
1646993
1646993
1646993
1646993
1646993
1646993
1646993
1646993
1646993
1646993
1646993
1646993
1646993
1646993
1646993
1646993
1646993
1646993
1646993
1646993
1646993
1646993
1646993
509918
881312
1124512
1304635
1430270
1513392
1561541
1584362
1592272
1595106
1596245
1596384
1596429
1596434
1596438
1596440
1596441
1596441
1596441
1596441
1596441
1596441
1596441
1596441
1596441
1596441
1596441
1596441
1596441
1596441
1596441
1596441
1596441
1596441
1596441
1596441
1596441
1596441
1596441
1596441
510403
881876
1129865
1315072
1444868
1530165
1579154
1602050
1610169
1612644
1613153
1613258
1613288
1613295
1613297
1613297
1613297
1613297
1613297
1613297
1613297
1613297
1613297
1613297
1613297
1613297
1613297
1613297
1613297
1613297
1613297
1613297
1613297
1613297
1613297
1613297
1613297
1613297
1613297
1613297
514177
892919
1147843
1336587
1469578
1557257
1608959
1633848
1642703
1645377
1646277
1646611
1646631
1646639
1646642
1646643
1646643
1646643
1646643
1646643
1646643
1646643
1646643
1646643
1646643
1646643
1646643
1646643
1646643
1646643
1646643
1646643
1646643
1646643
1646643
1646643
1646643
1646643
1646643
1646643
511192
884561
1131055
1314667
1444556
1529797
1579156
1602849
1611686
1614604
1615192
1615552
1615615
1615622
1615624
1615626
1615627
1615628
1615628
1615628
1615628
1615628
1615628
1615628
1615628
1615628
1615628
1615628
1615628
1615628
1615628
1615628
1615628
1615628
1615628
1615628
1615628
1615628
1615628
1615628
509454
879028
1122515
1301519
1426970
1508729
1554447
1575520
1583274
1585822
1586556
1586670
1586683
1586689
1586690
1586690
1586690
1586690
1586690
1586690
1586690
1586690
1586690
1586690
1586690
1586690
1586690
1586690
1586690
1586690
1586690
1586690
1586690
1586690
1586690
1586690
1586690
1586690
1586690
1586690
513373
889396
1140774
1326863
1457889
1542810
1591552
1613365
1621731
1623988
1624964
1625276
1625292
1625296
1625297
1625297
1625297
1625297
1625297
1625297
1625297
1625297
1625297
1625297
1625297
1625297
1625297
1625297
1625297
1625297
1625297
1625297
1625297
1625297
1625297
1625297
1625297
1625297
1625297
1625297
510191
882241
1128861
1310377
1436906
1519394
1566412
1588081
1595786
1597663
1598109
1598350
1598477
1598480
1598481
1598481
1598481
1598481
1598481
1598481
1598481
1598481
1598481
1598481
1598481
1598481
1598481
1598481
1598481
1598481
1598481
1598481
1598481
1598481
1598481
1598481
1598481
1598481
1598481
1598481
510054
881188
1127033
1309123
1437142
1520745
1569107
1592130
1599903
1601947
1602388
1602523
1602536
1602539
1602540
1602540
1602540
1602540
1602540
1602540
1602540
1602540
1602540
1602540
1602540
1602540
1602540
1602540
1602540
1602540
1602540
1602540
1602540
1602540
1602540
1602540
1602540
1602540
1602540
1602540
511047
884845
1132093
1314505
1442033
1526039
1574009
1596994
1605211
1607934
1608546
1608620
1608650
1608663
1608668
1608669
1608670
1608671
1608671
1608671
1608671
1608671
1608671
1608671
1608671
1608671
1608671
1608671
1608671
1608671
1608671
1608671
1608671
1608671
1608671
1608671
1608671
1608671
1608671
1608671
513011
889290
1139037
1323700
1452985
1537918
1588121
1612247
1621837
1625009
1625887
1625998
1626032
1626060
1626061
1626061
1626061
1626061
1626061
1626061
1626061
1626061
1626061
1626061
1626061
1626061
1626061
1626061
1626061
1626061
1626061
1626061
1626061
1626061
1626061
1626061
1626061
1626061
1626061
1626061
510418
882778
1129731
1311590
1439245
1522433
1568937
1590389
1598096
1600700
1601300
1601495
1601566
1601623
1601628
1601630
1601630
1601630
1601630
1601630
1601630
1601630
1601630
1601630
1601630
1601630
1601630
1601630
1601630
1601630
1601630
1601630
1601630
1601630
1601630
1601630
1601630
1601630
1601630
1601630
510161
882042
1128244
1310510
1436868
1519471
1566993
1588221
1595280
1597451
1598270
1598561
1598634
1598636
1598637
1598638
1598638
1598638
1598638
1598638
1598638
1598638
1598638
1598638
1598638
1598638
1598638
1598638
1598638
1598638
1598638
1598638
1598638
1598638
1598638
1598638
1598638
1598638
1598638
1598638
511517
883743
1130347
1312663
1439877
1523300
1569988
1592520
1600614
1602746
1603526
1603653
1603668
1603675
1603679
1603680
1603681
1603681
1603681
1603681
1603681
1603681
1603681
1603681
1603681
1603681
1603681
1603681
1603681
1603681
1603681
1603681
1603681
1603681
1603681
1603681
1603681
1603681
1603681
1603681
511405
885852
1134564
1319650
1448979
1533886
1582044
1605416
1614881
1617863
1618618
1618809
1618835
1618844
1618847
1618848
1618848
1618848
1618848
1618848
1618848
1618848
1618848
1618848
1618848
1618848
1618848
1618848
1618848
1618848
1618848
1618848
1618848
1618848
1618848
1618848
1618848
1618848
1618848
1618848
511679
887170
1136111
1320137
1449838
1534520
1582162
1603953
1611827
1613665
1614279
1614438
1614575
1614581
1614582
1614583
1614583
1614583
1614583
1614583
1614583
1614583
1614583
1614583
1614583
1614583
1614583
1614583
1614583
1614583
1614583
1614583
1614583
1614583
1614583
1614583
1614583
1614583
1614583
1614583
511227
884306
1133380
1316873
1446506
1531888
1582421
1606109
1615540
1618199
1619064
1619279
1619367
1619459
1619463
1619463
1619463
1619463
1619463
1619463
1619463
1619463
1619463
1619463
1619463
1619463
1619463
1619463
1619463
1619463
1619463
1619463
1619463
1619463
1619463
1619463
1619463
1619463
1619463
1619463
511414
885015
1133187
1319278
1450518
1536841
1586398
1608849
1616447
1618513
1619100
1619168
1619192
1619196
1619197
1619197
1619197
1619197
1619197
1619197
1619197
1619197
1619197
1619197
1619197
1619197
1619197
1619197
1619197
1619197
1619197
1619197
1619197
1619197
1619197
1619197
1619197
1619197
1619197
1619197
511076
883827
1130853
1314472
1443926
1528367
1575736
1597445
1604590
1606476
1606872
1606985
1606998
1607004
1607004
1607004
1607004
1607004
1607004
1607004
1607004
1607004
1607004
1607004
1607004
1607004
1607004
1607004
1607004
1607004
1607004
1607004
1607004
1607004
1607004
1607004
1607004
1607004
1607004
1607004
505745
869039
1104639
1277323
1397357
1474278
1516154
1534803
1541501
1543066
1543840
1543992
1544010
1544016
1544019
1544019
1544019
1544019
1544019
1544019
1544019
1544019
1544019
1544019
1544019
1544019
1544019
1544019
1544019
1544019
1544019
1544019
1544019
1544019
1544019
1544019
1544019
1544019
1544019
1544019
508394
877824
1121425
1301040
1426100
1508736
1556309
1578911
1587027
1589904
1590906
1591065
1591117
1591162
1591163
1591163
1591163
1591163
1591163
1591163
1591163
1591163
1591163
1591163
1591163
1591163
1591163
1591163
1591163
1591163
1591163
1591163
1591163
1591163
1591163
1591163
1591163
1591163
1591163
1591163
507291
872690
1109708
1283164
1403722
1481447
1525851
1545682
1552150
1553355
1553810
1553856
1553873
1553880
1553882
1553882
1553882
1553882
1553882
1553882
1553882
1553882
1553882
1553882
1553882
1553882
1553882
1553882
1553882
1553882
1553882
1553882
1553882
1553882
1553882
1553882
1553882
1553882
1553882
1553882
515237
895579
1152339
1342396
1476388
1565350
1616047
1640574
1649489
1652727
1653625
1654098
1654166
1654172
1654173
1654173
1654173
1654173
1654173
1654173
1654173
1654173
1654173
1654173
1654173
1654173
1654173
1654173
1654173
1654173
1654173
1654173
1654173
1654173
1654173
1654173
1654173
1654173
1654173
1654173
511061
884324
1131684
1315592
1445089
1529770
1576874
1599601
1608456
1610770
1611284
1611345
1611361
1611365
1611365
1611365
1611365
1611365
1611365
1611365
1611365
1611365
1611365
1611365
1611365
1611365
1611365
1611365
1611365
1611365
1611365
1611365
1611365
1611365
1611365
1611365
1611365
1611365
1611365
1611365
511387
884694
1132895
1317591
1447637
1531834
1581227
1603800
1612527
1616028
1617059
1617310
1617420
1617428
1617430
1617431
1617432
1617432
1617432
1617432
1617432
1617432
1617432
1617432
1617432
1617432
1617432
1617432
1617432
1617432
1617432
1617432
1617432
1617432
1617432
1617432
1617432
1617432
1617432
1617432
509482
879492
1124755
1305676
1432289
1515806
1563102
1585819
1593994
1595778
1596235
1596281
1596298
1596307
1596307
1596307
1596307
1596307
1596307
1596307
1596307
1596307
1596307
1596307
1596307
1596307
1596307
1596307
1596307
1596307
1596307
1596307
1596307
1596307
1596307
1596307
1596307
1596307
1596307
1596307
507642
873461
1113744
1288125
1409866
1488209
1532506
1551680
1557811
1559992
1560946
1561149
1561168
1561175
1561177
1561178
1561178
1561178
1561178
1561178
1561178
1561178
1561178
1561178
1561178
1561178
1561178
1561178
1561178
1561178
1561178
1561178
1561178
1561178
1561178
1561178
1561178
1561178
1561178
1561178
512852
889867
1142925
1330231
1462415
1549446
1600437
1626663
1636116
1638787
1639577
1639757
1639857
1639870
1639876
1639879
1639879
1639879
1639879
1639879
1639879
1639879
1639879
1639879
1639879
1639879
1639879
1639879
1639879
1639879
1639879
1639879
1639879
1639879
1639879
1639879
1639879
1639879
1639879
1639879
510720
883475
1129659
1311470
1437737
1521328
1569169
1591313
1599786
1602166
1602688
1602753
1602780
1602788
1602789
1602789
1602789
1602789
1602789
1602789
1602789
1602789
1602789
1602789
1602789
1602789
1602789
1602789
1602789
1602789
1602789
1602789
1602789
1602789
1602789
1602789
1602789
1602789
1602789
1602789
512778
890191
1142015
1328970
1460760
1546723
1596382
1619694
1627684
1629538
1630441
1630637
1630658
1630667
1630669
1630670
1630671
1630671
1630671
1630671
1630671
1630671
1630671
1630671
1630671
1630671
1630671
1630671
1630671
1630671
1630671
1630671
1630671
1630671
1630671
1630671
1630671
1630671
1630671
1630671
509967
880961
1124693
1303000
1427613
1507960
1553612
1575737
1584155
1586492
1587418
1587641
1587719
1587785
1587836
1587837
1587837
1587837
1587837
1587837
1587837
1587837
1587837
1587837
1587837
1587837
1587837
1587837
1587837
1587837
1587837
1587837
1587837
1587837
1587837
1587837
1587837
1587837
1587837
1587837
511951
885999
1134916
1318924
1447456
1531906
1579988
1600406
1607711
1609464
1610023
1610218
1610242
1610254
1610256
1610256
1610256
1610256
1610256
1610256
1610256
1610256
1610256
1610256
1610256
1610256
1610256
1610256
1610256
1610256
1610256
1610256
1610256
1610256
1610256
1610256
1610256
1610256
1610256
1610256
512941
890241
1141856
1328188
1458468
1544900
1594775
1617903
1626220
1629152
1630071
1630293
1630417
1630426
1630429
1630430
1630430
1630430
1630430
1630430
1630430
1630430
1630430
1630430
1630430
1630430
1630430
1630430
1630430
1630430
1630430
1630430
1630430
1630430
1630430
1630430
1630430
1630430
1630430
1630430
511646
885470
1136890
1323269
1456326
1544186
1596236
1620424
1629213
1631454
1632250
1632530
1632638
1632646
1632650
1632652
1632652
1632652
1632652
1632652
1632652
1632652
1632652
1632652
1632652
1632652
1632652
1632652
1632652
1632652
1632652
1632652
1632652
1632652
1632652
1632652
1632652
1632652
1632652
1632652
511508
885565
1135223
1318207
1446835
1530641
1577804
1598387
1605251
1606863
1607403
1607560
1607587
1607596
1607599
1607601
1607602
1607603
1607603
1607603
1607603
1607603
1607603
1607603
1607603
1607603
1607603
1607603
1607603
1607603
1607603
1607603
1607603
1607603
1607603
1607603
1607603
1607603
1607603
1607603
507139
872885
1111771
1286282
1408339
1486720
1530754
1551285
1558631
1560387
1560623
1560759
1560771
1560776
1560779
1560781
1560782
1560782
1560782
1560782
1560782
1560782
1560782
1560782
1560782
1560782
1560782
1560782
1560782
1560782
1560782
1560782
1560782
1560782
1560782
1560782
1560782
1560782
1560782
1560782
509783
880429
1123751
1303344
1428996
1510859
1557264
1580186
1588600
1591074
1591615
1591788
1591809
1591815
1591819
1591820
1591820
1591820
1591820
1591820
1591820
1591820
1591820
1591820
1591820
1591820
1591820
1591820
1591820
1591820
1591820
1591820
1591820
1591820
1591820
1591820
1591820
1591820
1591820
1591820
512074
887075
1137361
1322219
1451841
1536071
1584745
1608014
1615098
1617292
1617785
1617959
1617979
1617986
1617990
1617990
1617990
1617990
1617990
1617990
1617990
1617990
1617990
1617990
1617990
1617990
1617990
1617990
1617990
1617990
1617990
1617990
1617990
1617990
1617990
1617990
1617990
1617990
1617990
1617990
509482
880175
1124882
1303943
1428405
1508642
1553836
1574656
1582127
1584036
1584475
1584659
1584737
1584743
1584746
1584747
1584747
1584747
1584747
1584747
1584747
1584747
1584747
1584747
1584747
1584747
1584747
1584747
1584747
1584747
1584747
1584747
1584747
1584747
1584747
1584747
1584747
1584747
1584747
1584747
510033
881407
1127584
1310144
1438946
1523509
1571463
1594662
1603115
1605608
1606240
1606350
1606401
1606425
1606425
1606425
1606425
1606425
1606425
1606425
1606425
1606425
1606425
1606425
1606425
1606425
1606425
1606425
1606425
1606425
1606425
1606425
1606425
1606425
1606425
1606425
1606425
1606425
1606425
1606425
508269
875435
1115992
1292223
1415165
1494444
1539625
1560213
1566336
1567812
1568268
1568485
1568580
1568586
1568590
1568591
1568591
1568591
1568591
1568591
1568591
1568591
1568591
1568591
1568591
1568591
1568591
1568591
1568591
1568591
1568591
1568591
1568591
1568591
1568591
1568591
1568591
1568591
1568591
1568591
511544
884187
1130940
1313175
1440748
1524219
1572078
1594880
1604227
1606760
1607213
1607356
1607382
1607388
1607391
1607391
1607391
1607391
1607391
1607391
1607391
1607391
1607391
1607391
1607391
1607391
1607391
1607391
1607391
1607391
1607391
1607391
1607391
1607391
1607391
1607391
1607391
1607391
1607391
1607391
506688
872171
1110300
1285181
1407169
1487835
1533046
1553593
1561101
1563487
1564131
1564442
1564534
1564540
1564540
1564540
1564540
1564540
1564540
1564540
1564540
1564540
1564540
1564540
1564540
1564540
1564540
1564540
1564540
1564540
1564540
1564540
1564540
1564540
1564540
1564540
1564540
1564540
1564540
1564540
511436
885746
1135525
1322238
1453953
1542240
1594390
1619009
1627915
1630056
1630705
1630939
1630984
1630990
1630990
1630990
1630990
1630990
1630990
1630990
1630990
1630990
1630990
1630990
1630990
1630990
1630990
1630990
1630990
1630990
1630990
1630990
1630990
1630990
1630990
1630990
1630990
1630990
1630990
1630990
510464
883284
1129669
1312186
1439396
1523871
1572733
1596633
1604156
1606426
1607138
1607290
1607324
1607333
1607336
1607338
1607338
1607338
1607338
1607338
1607338
1607338
1607338
1607338
1607338
1607338
1607338
1607338
1607338
1607338
1607338
1607338
1607338
1607338
1607338
1607338
1607338
1607338
1607338
1607338
509537
879470
1122940
1302064
1426662
1507409
1551722
1572195
1579177
1581351
1581906
1582000
1582015
1582019
1582022
1582024
1582025
1582026
1582026
1582026
1582026
1582026
1582026
1582026
1582026
1582026
1582026
1582026
1582026
1582026
1582026
1582026
1582026
1582026
1582026
1582026
1582026
1582026
1582026
1582026
510708
885424
1136233
1322234
1452753
1538102
1586043
1607678
1615042
1616901
1617701
1617924
1617945
1617951
1617953
1617955
1617955
1617955
1617955
1617955
1617955
1617955
1617955
1617955
1617955
1617955
1617955
1617955
1617955
1617955
1617955
1617955
1617955
1617955
1617955
1617955
1617955
1617955
1617955
1617955
508949
876728
1117707
1294970
1419364
1499878
1545899
1565845
1573315
1575220
1575707
1575831
1575894
1575906
1575909
1575910
1575910
1575910
1575910
1575910
1575910
1575910
1575910
1575910
1575910
1575910
1575910
1575910
1575910
1575910
1575910
1575910
1575910
1575910
1575910
1575910
1575910
1575910
1575910
1575910
513325
888728
1137422
1320592
1448391
1532334
1579754
1601886
1610131
1613024
1614035
1614358
1614498
1614506
1614509
1614510
1614510
1614510
1614510
1614510
1614510
1614510
1614510
1614510
1614510
1614510
1614510
1614510
1614510
1614510
1614510
1614510
1614510
1614510
1614510
1614510
1614510
1614510
1614510
1614510
510033
881542
1126640
1306703
1432137
1513762
1559282
1580415
1587831
1589941
1590738
1590910
1590997
1591001
1591002
1591003
1591003
1591003
1591003
1591003
1591003
1591003
1591003
1591003
1591003
1591003
1591003
1591003
1591003
1591003
1591003
1591003
1591003
1591003
1591003
1591003
1591003
1591003
1591003
1591003
511223
884939
1133524
1318646
1449212
1534620
1582134
1604573
1611803
1613993
1614600
1614765
1614789
1614796
1614800
1614801
1614801
1614801
1614801
1614801
1614801
1614801
1614801
1614801
1614801
1614801
1614801
1614801
1614801
1614801
1614801
1614801
1614801
1614801
1614801
1614801
1614801
1614801
1614801
1614801
512066
886437
1135980
1320707
1450413
1535553
1583401
1606377
1614414
1616546
1617149
1617439
1617465
1617473
1617476
1617477
1617477
1617477
1617477
1617477
1617477
1617477
1617477
1617477
1617477
1617477
1617477
1617477
1617477
1617477
1617477
1617477
1617477
1617477
1617477
1617477
1617477
1617477
1617477
1617477
511193
884976
1135286
1320766
1450979
1536534
1584763
1607518
1616438
1618815
1619538
1619721
1619735
1619737
1619737
1619737
1619737
1619737
1619737
1619737
1619737
1619737
1619737
1619737
1619737
1619737
1619737
1619737
1619737
1619737
1619737
1619737
1619737
1619737
1619737
1619737
1619737
1619737
1619737
1619737
518634
905034
1167877
1364977
1504640
1597501
1650470
1675981
1685322
1688224
1688996
1689363
1689385
1689392
1689395
1689396
1689397
1689398
1689398
1689398
1689398
1689398
1689398
1689398
1689398
1689398
1689398
1689398
1689398
1689398
1689398
1689398
1689398
1689398
1689398
1689398
1689398
1689398
1689398
1689398
508476
876812
1119341
1298381
1422540
1503688
1549086
1570505
1578116
1580185
1580888
1581080
1581108
1581115
1581117
1581119
1581119
1581119
1581119
1581119
1581119
1581119
1581119
1581119
1581119
1581119
1581119
1581119
1581119
1581119
1581119
1581119
1581119
1581119
1581119
1581119
1581119
1581119
1581119
1581119
516556
899291
1159476
1353342
1490630
1582253
1635091
1660510
1669922
1672591
1673086
1673153
1673175
1673180
1673182
1673182
1673182
1673182
1673182
1673182
1673182
1673182
1673182
1673182
1673182
1673182
1673182
1673182
1673182
1673182
1673182
1673182
1673182
1673182
1673182
1673182
1673182
1673182
1673182
1673182
513591
890919
1142512
1329796
1461840
1548057
1597954
1622399
1631845
1634448
1635050
1635158
1635180
1635189
1635190
1635191
1635191
1635191
1635191
1635191
1635191
1635191
1635191
1635191
1635191
1635191
1635191
1635191
1635191
1635191
1635191
1635191
1635191
1635191
1635191
1635191
1635191
1635191
1635191
1635191
510500
881561
1127475
1308746
1436231
1518826
1566178
1588073
1597498
1600379
1601204
1601438
1601494
1601538
1601576
1601577
1601578
1601578
1601578
1601578
1601578
1601578
1601578
1601578
1601578
1601578
1601578
1601578
1601578
1601578
1601578
1601578
1601578
1601578
1601578
1601578
1601578
1601578
1601578
1601578
513839
893129
1147220
1336333
1468527
1555702
1606186
1631472
1640372
1643564
1645142
1645534
1645554
1645558
1645559
1645560
1645560
1645560
1645560
1645560
1645560
1645560
1645560
1645560
1645560
1645560
1645560
1645560
1645560
1645560
1645560
1645560
1645560
1645560
1645560
1645560
1645560
1645560
1645560
1645560
508379
876566
1118903
1297296
1422523
1504037
1552041
1574718
1582996
1585174
1585774
1586102
1586225
1586238
1586242
1586245
1586246
1586246
1586246
1586246
1586246
1586246
1586246
1586246
1586246
1586246
1586246
1586246
1586246
1586246
1586246
1586246
1586246
1586246
1586246
1586246
1586246
1586246
1586246
1586246
509932
882112
1126942
1306264
1431421
1512348
1557657
1577419
1584112
1585814
1586155
1586265
1586274
1586279
1586280
1586281
1586281
1586281
1586281
1586281
1586281
1586281
1586281
1586281
1586281
1586281
1586281
1586281
1586281
1586281
1586281
1586281
1586281
1586281
1586281
1586281
1586281
1586281
1586281
1586281
508087
876085
1118081
1297403
1424015
1506687
1554980
1576821
1584986
1587474
1588177
1588408
1588426
1588433
1588434
1588434
1588434
1588434
1588434
1588434
1588434
1588434
1588434
1588434
1588434
1588434
1588434
1588434
1588434
1588434
1588434
1588434
1588434
1588434
1588434
1588434
1588434
1588434
1588434
1588434
510313
881381
1126196
1306748
1432750
1515372
1562344
1583109
1590972
1592718
1593244
1593434
1593449
1593450
1593450
1593450
1593450
1593450
1593450
1593450
1593450
1593450
1593450
1593450
1593450
1593450
1593450
1593450
1593450
1593450
1593450
1593450
1593450
1593450
1593450
1593450
1593450
1593450
1593450
1593450
513876
891648
1143084
1329361
1461146
1547282
1596987
1620020
1627667
1630169
1630785
1630907
1630933
1630940
1630943
1630944
1630944
1630944
1630944
1630944
1630944
1630944
1630944
1630944
1630944
1630944
1630944
1630944
1630944
1630944
1630944
1630944
1630944
1630944
1630944
1630944
1630944
1630944
1630944
1630944
513271
891008
1143807
1332084
1463803
1549688
1597333
1619829
1627167
1628779
1629195
1629244
1629262
1629271
1629273
1629274
1629275
1629275
1629275
1629275
1629275
1629275
1629275
1629275
1629275
1629275
1629275
1629275
1629275
1629275
1629275
1629275
1629275
1629275
1629275
1629275
1629275
1629275
1629275
1629275
509379
880124
1124675
1304231
1428150
1508535
1553574
1575247
1583154
1585680
1586255
1586367
1586390
1586400
1586403
1586406
1586407
1586407
1586407
1586407
1586407
1586407
1586407
1586407
1586407
1586407
1586407
1586407
1586407
1586407
1586407
1586407
1586407
1586407
1586407
1586407
1586407
1586407
1586407
1586407
512143
886880
1138466
1323906
1455172
1542031
1592941
1617760
1627129
1630451
1631181
1631351
1631382
1631392
1631397
1631400
1631401
1631401
1631401
1631401
1631401
1631401
1631401
1631401
1631401
1631401
1631401
1631401
1631401
1631401
1631401
1631401
1631401
1631401
1631401
1631401
1631401
1631401
1631401
1631401
510431
881874
1127324
1307133
1433328
1515402
1561657
1582330
1588622
1590288
1590775
1591056
1591256
1591267
1591268
1591268
1591268
1591268
1591268
1591268
1591268
1591268
1591268
1591268
1591268
1591268
1591268
1591268
1591268
1591268
1591268
1591268
1591268
1591268
1591268
1591268
1591268
1591268
1591268
1591268
511758
886263
1135129
1319206
1447899
1532190
1581180
1604482
1611984
1614169
1614558
1614619
1614637
1614640
1614641
1614642
1614642
1614642
1614642
1614642
1614642
1614642
1614642
1614642
1614642
1614642
1614642
1614642
1614642
1614642
1614642
1614642
1614642
1614642
1614642
1614642
1614642
1614642
1614642
1614642
512739
887816
1136563
1320142
1448768
1532603
1580768
1602529
1610581
1613264
1613786
1614015
1614035
1614039
1614040
1614040
1614040
1614040
1614040
1614040
1614040
1614040
1614040
1614040
1614040
1614040
1614040
1614040
1614040
1614040
1614040
1614040
1614040
1614040
1614040
1614040
1614040
1614040
1614040
1614040
509921
881010
1127230
1309274
1436349
1518644
1564981
1585995
1593887
1596565
1596934
1596980
1596997
1597000
1597001
1597001
1597001
1597001
1597001
1597001
1597001
1597001
1597001
1597001
1597001
1597001
1597001
1597001
1597001
1597001
1597001
1597001
1597001
1597001
1597001
1597001
1597001
1597001
1597001
1597001
511732
887387
1139280
1326013
1456391
1541658
1590353
1612472
1619564
1621775
1622231
1622658
1622677
1622683
1622684
1622684
1622684
1622684
1622684
1622684
1622684
1622684
1622684
1622684
1622684
1622684
1622684
1622684
1622684
1622684
1622684
1622684
1622684
1622684
1622684
1622684
1622684
1622684
1622684
1622684
510927
885293
1134190
1317308
1445359
1527192
1573973
1595039
1602241
1604528
1604862
1604998
1605056
1605062
1605065
1605067
1605068
1605068
1605068
1605068
1605068
1605068
1605068
1605068
1605068
1605068
1605068
1605068
1605068
1605068
1605068
1605068
1605068
1605068
1605068
1605068
1605068
1605068
1605068
1605068
515103
895423
1150230
1339181
1471605
1559762
1609847
1634614
1643877
1646624
1647449
1647719
1647808
1647817
1647823
1647825
1647826
1647827
1647827
1647827
1647827
1647827
1647827
1647827
1647827
1647827
1647827
1647827
1647827
1647827
1647827
1647827
1647827
1647827
1647827
1647827
1647827
1647827
1647827
1647827
507605
873499
1114594
1292513
1417849
1499604
1546213
1566541
1574267
1576482
1576966
1577116
1577135
1577139
1577140
1577140
1577140
1577140
1577140
1577140
1577140
1577140
1577140
1577140
1577140
1577140
1577140
1577140
1577140
1577140
1577140
1577140
1577140
1577140
1577140
1577140
1577140
1577140
1577140
1577140
509869
881053
1125453
1305283
1431696
1514017
1561019
1582280
1589806
1591693
1592141
1592306
1592354
1592402
1592404
1592405
1592405
1592405
1592405
1592405
1592405
1592405
1592405
1592405
1592405
1592405
1592405
1592405
1592405
1592405
1592405
1592405
1592405
1592405
1592405
1592405
1592405
1592405
1592405
1592405
511499
885739
1136461
1323742
1457608
1547671
1599830
1626258
1635925
1638400
1638891
1639165
1639216
1639280
1639281
1639281
1639281
1639281
1639281
1639281
1639281
1639281
1639281
1639281
1639281
1639281
1639281
1639281
1639281
1639281
1639281
1639281
1639281
1639281
1639281
1639281
1639281
1639281
1639281
1639281
509358
878898
1122779
1302537
1427255
1508561
1554990
1575924
1583697
1586180
1586654
1586821
1586834
1586837
1586837
1586837
1586837
1586837
1586837
1586837
1586837
1586837
1586837
1586837
1586837
1586837
1586837
1586837
1586837
1586837
1586837
1586837
1586837
1586837
1586837
1586837
1586837
1586837
1586837
1586837
509571
881125
1126709
1308468
1435911
1519211
1567077
1588719
1595709
1597575
1598319
1598559
1598579
1598588
1598592
1598593
1598594
1598594
1598594
1598594
1598594
1598594
1598594
1598594
1598594
1598594
1598594
1598594
1598594
1598594
1598594
1598594
1598594
1598594
1598594
1598594
1598594
1598594
1598594
1598594
510910
882508
1129244
1311547
1438890
1520807
1566509
1586882
1594141
1595632
1596154
1596357
1596494
1596498
1596498
1596498
1596498
1596498
1596498
1596498
1596498
1596498
1596498
1596498
1596498
1596498
1596498
1596498
1596498
1596498
1596498
1596498
1596498
1596498
1596498
1596498
1596498
1596498
1596498
1596498
511115
885073
1133019
1315791
1443953
1527880
1575645
1597350
1606554
1609201
1610134
1610307
1610322
1610326
1610326
1610326
1610326
1610326
1610326
1610326
1610326
1610326
1610326
1610326
1610326
1610326
1610326
1610326
1610326
1610326
1610326
1610326
1610326
1610326
1610326
1610326
1610326
1610326
1610326
1610326
512588
887631
1138716
1323955
1453124
1537857
1585872
1608976
1617817
1620006
1620653
1620957
1620978
1620986
1620988
1620989
1620989
1620989
1620989
1620989
1620989
1620989
1620989
1620989
1620989
1620989
1620989
1620989
1620989
1620989
1620989
1620989
1620989
1620989
1620989
1620989
1620989
1620989
1620989
1620989
510237
881763
1128176
1309392
1437432
1520243
1566828
1588568
1595757
1597583
1598209
1598438
1598464
1598470
1598472
1598472
1598472
1598472
1598472
1598472
1598472
1598472
1598472
1598472
1598472
1598472
1598472
1598472
1598472
1598472
1598472
1598472
1598472
1598472
1598472
1598472
1598472
1598472
1598472
1598472
511976
886868
1136749
1322230
1452367
1538611
1588838
1612195
1621347
1624324
1625269
1625403
1625515
1625522
1625525
1625525
1625525
1625525
1625525
1625525
1625525
1625525
1625525
1625525
1625525
1625525
1625525
1625525
1625525
1625525
1625525
1625525
1625525
1625525
1625525
1625525
1625525
1625525
1625525
1625525
510247
880808
1124441
1303120
1426853
1506775
1551935
1572901
1580051
1581928
1582370
1582534
1582676
1582683
1582684
1582684
1582684
1582684
1582684
1582684
1582684
1582684
1582684
1582684
1582684
1582684
1582684
1582684
1582684
1582684
1582684
1582684
1582684
1582684
1582684
1582684
1582684
1582684
1582684
1582684
513403
890573
1142317
1329634
1461845
1548594
1599289
1623877
1632580
1635024
1635823
1636016
1636044
1636050
1636052
1636053
1636054
1636055
1636056
1636057
1636057
1636057
1636057
1636057
1636057
1636057
1636057
1636057
1636057
1636057
1636057
1636057
1636057
1636057
1636057
1636057
1636057
1636057
1636057
1636057
508206
875080
1114324
1290245
1411784
1489121
1532869
1551284
1557076
1558791
1559088
1559172
1559188
1559192
1559194
1559194
1559194
1559194
1559194
1559194
1559194
1559194
1559194
1559194
1559194
1559194
1559194
1559194
1559194
1559194
1559194
1559194
1559194
1559194
1559194
1559194
1559194
1559194
1559194
1559194
509325
880008
1124140
1302820
1427509
1508051
1554072
1575815
1583634
1585343
1586048
1586185
1586200
1586206
1586209
1586209
1586209
1586209
1586209
1586209
1586209
1586209
1586209
1586209
1586209
1586209
1586209
1586209
1586209
1586209
1586209
1586209
1586209
1586209
1586209
1586209
1586209
1586209
1586209
1586209
508610
877123
1118128
1296783
1422319
1504356
1551136
1573322
1581455
1583186
1583418
1583529
1583544
1583551
1583551
1583551
1583551
1583551
1583551
1583551
1583551
1583551
1583551
1583551
1583551
1583551
1583551
1583551
1583551
1583551
1583551
1583551
1583551
1583551
1583551
1583551
1583551
1583551
1583551
1583551
512804
888908
1139780
1325411
1455140
1540784
1590306
1613400
1622005
1624607
1625303
1625556
1625578
1625589
1625593
1625594
1625594
1625594
1625594
1625594
1625594
1625594
1625594
1625594
1625594
1625594
1625594
1625594
1625594
1625594
1625594
1625594
1625594
1625594
1625594
1625594
1625594
1625594
1625594
1625594
514673
894429
1150429
1341009
1477299
1567267
1620628
1644749
1653528
1656004
1656683
1656765
1656786
1656791
1656791
1656791
1656791
1656791
1656791
1656791
1656791
1656791
1656791
1656791
1656791
1656791
1656791
1656791
1656791
1656791
1656791
1656791
1656791
1656791
1656791
1656791
1656791
1656791
1656791
1656791
510686
884174
1132311
1316566
1446425
1532538
1582249
1605076
1613413
1616443
1617514
1617816
1617857
1617863
1617863
1617863
1617863
1617863
1617863
1617863
1617863
1617863
1617863
1617863
1617863
1617863
1617863
1617863
1617863
1617863
1617863
1617863
1617863
1617863
1617863
1617863
1617863
1617863
1617863
1617863
511329
883636
1132392
1316955
1446801
1530253
1577001
1599169
1606392
1608446
1608966
1609018
1609037
1609042
1609044
1609044
1609044
1609044
1609044
1609044
1609044
1609044
1609044
1609044
1609044
1609044
1609044
1609044
1609044
1609044
1609044
1609044
1609044
1609044
1609044
1609044
1609044
1609044
1609044
1609044
516357
900042
1159244
1352442
1488839
1578270
1630637
1655455
1664815
1667794
1668458
1668639
1668782
1668790
1668792
1668792
1668792
1668792
1668792
1668792
1668792
1668792
1668792
1668792
1668792
1668792
1668792
1668792
1668792
1668792
1668792
1668792
1668792
1668792
1668792
1668792
1668792
1668792
1668792
1668792
515169
896554
1152066
1342184
1475806
1564972
1616180
1641383
1651306
1654603
1655401
1655705
1655736
1655747
1655751
1655752
1655752
1655752
1655752
1655752
1655752
1655752
1655752
1655752
1655752
1655752
1655752
1655752
1655752
1655752
1655752
1655752
1655752
1655752
1655752
1655752
1655752
1655752
1655752
1655752
512711
888614
1138289
1323907
1454051
1540318
1590657
1615120
1623985
1626720
1627254
1627457
1627519
1627522
1627523
1627523
1627523
1627523
1627523
1627523
1627523
1627523
1627523
1627523
1627523
1627523
1627523
1627523
1627523
1627523
1627523
1627523
1627523
1627523
1627523
1627523
1627523
1627523
1627523
1627523
511061
882845
1128879
1311565
1440817
1524846
1573619
1596246
1604335
1606015
1606558
1606721
1606736
1606739
1606740
1606740
1606740
1606740
1606740
1606740
1606740
1606740
1606740
1606740
1606740
1606740
1606740
1606740
1606740
1606740
1606740
1606740
1606740
1606740
1606740
1606740
1606740
1606740
1606740
1606740
510715
884098
1133478
1318550
1448831
1534383
1582734
1605536
1613767
1616407
1617495
1617643
1617738
1617749
1617753
1617755
1617755
1617755
1617755
1617755
1617755
1617755
1617755
1617755
1617755
1617755
1617755
1617755
1617755
1617755
1617755
1617755
1617755
1617755
1617755
1617755
1617755
1617755
1617755
1617755
508308
875939
1115964
1292827
1416122
1496046
1543359
1564302
1571516
1573303
1573775
1573995
1574062
1574093
1574095
1574097
1574098
1574098
1574098
1574098
1574098
1574098
1574098
1574098
1574098
1574098
1574098
1574098
1574098
1574098
1574098
1574098
1574098
1574098
1574098
1574098
1574098
1574098
1574098
1574098
511167
884857
1133007
1316441
1443970
1527518
1575869
1598147
1606488
1608836
1609434
1609595
1609691
1609699
1609702
1609705
1609706
1609706
1609706
1609706
1609706
1609706
1609706
1609706
1609706
1609706
1609706
1609706
1609706
1609706
1609706
1609706
1609706
1609706
1609706
1609706
1609706
1609706
1609706
1609706
508349
876741
1118237
1295964
1419570
1500318
1546472
1567691
1575538
1577795
1578614
1578902
1578978
1579045
1579048
1579048
1579048
1579048
1579048
1579048
1579048
1579048
1579048
1579048
1579048
1579048
1579048
1579048
1579048
1579048
1579048
1579048
1579048
1579048
1579048
1579048
1579048
1579048
1579048
1579048
512004
886006
1134445
1317138
1444376
1525990
1572568
1593224
1600691
1602675
1603110
1603413
1603431
1603435
1603436
1603437
1603437
1603437
1603437
1603437
1603437
1603437
1603437
1603437
1603437
1603437
1603437
1603437
1603437
1603437
1603437
1603437
1603437
1603437
1603437
1603437
1603437
1603437
1603437
1603437
508196
874760
1113228
1287977
1409209
1487934
1531847
1553437
1560704
1562980
1563462
1563670
1563737
1563793
1563794
1563794
1563794
1563794
1563794
1563794
1563794
1563794
1563794
1563794
1563794
1563794
1563794
1563794
1563794
1563794
1563794
1563794
1563794
1563794
1563794
1563794
1563794
1563794
1563794
1563794
507147
874718
1115395
1292768
1417299
1498275
1543172
1563559
1571245
1573863
1574558
1574797
1574893
1574942
1574945
1574946
1574947
1574947
1574947
1574947
1574947
1574947
1574947
1574947
1574947
1574947
1574947
1574947
1574947
1574947
1574947
1574947
1574947
1574947
1574947
1574947
1574947
1574947
1574947
1574947
513210
890173
1143683
1333927
1469220
1557688
1609064
1633695
1642641
1645177
1646141
1646689
1646817
1646822
1646825
1646825
1646825
1646825
1646825
1646825
1646825
1646825
1646825
1646825
1646825
1646825
1646825
1646825
1646825
1646825
1646825
1646825
1646825
1646825
1646825
1646825
1646825
1646825
1646825
1646825
511051
884695
1132457
1315555
1442970
1526624
1575024
1597492
1605675
1608322
1609163
1609302
1609321
1609327
1609330
1609331
1609331
1609331
1609331
1609331
1609331
1609331
1609331
1609331
1609331
1609331
1609331
1609331
1609331
1609331
1609331
1609331
1609331
1609331
1609331
1609331
1609331
1609331
1609331
1609331
509407
878201
1119865
1297745
1422535
1503111
1549481
1571626
1579631
1582490
1583263
1583483
1583500
1583502
1583503
1583504
1583504
1583504
1583504
1583504
1583504
1583504
1583504
1583504
1583504
1583504
1583504
1583504
1583504
1583504
1583504
1583504
1583504
1583504
1583504
1583504
1583504
1583504
1583504
1583504
512264
887653
1139054
1326154
1457884
1545860
1595649
1618826
1627471
1629899
1630592
1630713
1630733
1630743
1630747
1630749
1630750
1630751
1630751
1630751
1630751
1630751
1630751
1630751
1630751
1630751
1630751
1630751
1630751
1630751
1630751
1630751
1630751
1630751
1630751
1630751
1630751
1630751
1630751
1630751
510228
880270
1124278
1303264
1428003
1508087
1554232
1574792
1581243
1583176
1583631
1583687
1583700
1583704
1583704
1583704
1583704
1583704
1583704
1583704
1583704
1583704
1583704
1583704
1583704
1583704
1583704
1583704
1583704
1583704
1583704
1583704
1583704
1583704
1583704
1583704
1583704
1583704
1583704
1583704
513491
892199
1146257
1335585
1469835
1558499
1609437
1633488
1640922
1643363
1643989
1644137
1644185
1644193
1644194
1644194
1644194
1644194
1644194
1644194
1644194
1644194
1644194
1644194
1644194
1644194
1644194
1644194
1644194
1644194
1644194
1644194
1644194
1644194
1644194
1644194
1644194
1644194
1644194
1644194
512523
888147
1138551
1325613
1456866
1542894
1591392
1613715
1621197
1623671
1624249
1624418
1624446
1624456
1624459
1624461
1624461
1624461
1624461
1624461
1624461
1624461
1624461
1624461
1624461
1624461
1624461
1624461
1624461
1624461
1624461
1624461
1624461
1624461
1624461
1624461
1624461
1624461
1624461
1624461
508032
874449
1116175
1295359
1420501
1502397
1548569
1569418
1578084
1580759
1581494
1581653
1581682
1581687
1581687
1581687
1581687
1581687
1581687
1581687
1581687
1581687
1581687
1581687
1581687
1581687
1581687
1581687
1581687
1581687
1581687
1581687
1581687
1581687
1581687
1581687
1581687
1581687
1581687
1581687
512204
888522
1139228
1324525
1455846
1542688
1593029
1616539
1625452
1628095
1628658
1628789
1628810
1628816
1628817
1628817
1628817
1628817
1628817
1628817
1628817
1628817
1628817
1628817
1628817
1628817
1628817
1628817
1628817
1628817
1628817
1628817
1628817
1628817
1628817
1628817
1628817
1628817
1628817
1628817
512717
888729
1137624
1323353
1454848
1542023
1592178
1617842
1627571
1630258
1631157
1631322
1631423
1631427
1631427
1631427
1631427
1631427
1631427
1631427
1631427
1631427
1631427
1631427
1631427
1631427
1631427
1631427
1631427
1631427
1631427
1631427
1631427
1631427
1631427
1631427
1631427
1631427
1631427
1631427
507855
875237
1117159
1296271
1422585
1505599
1553255
1575957
1583577
1585997
1586433
1586549
1586563
1586571
1586574
1586575
1586576
1586577
1586578
1586579
1586579
1586579
1586579
1586579
1586579
1586579
1586579
1586579
1586579
1586579
1586579
1586579
1586579
1586579
1586579
1586579
1586579
1586579
1586579
1586579
511850
885326
1132055
1315212
1442945
1524572
1572403
1593536
1602146
1603977
1604529
1604695
1604762
1604767
1604770
1604772
1604774
1604775
1604776
1604776
1604776
1604776
1604776
1604776
1604776
1604776
1604776
1604776
1604776
1604776
1604776
1604776
1604776
1604776
1604776
1604776
1604776
1604776
1604776
1604776
512744
885963
1134115
1317122
1445479
1528556
1574928
1595129
1601922
1604156
1604847
1605001
1605085
1605088
1605088
1605088
1605088
1605088
1605088
1605088
1605088
1605088
1605088
1605088
1605088
1605088
1605088
1605088
1605088
1605088
1605088
1605088
1605088
1605088
1605088
1605088
1605088
1605088
1605088
1605088
511520
885374
1132892
1314651
1441161
1524241
1571944
1594204
1601951
1603518
1603930
1604169
1604217
1604222
1604224
1604225
1604226
1604226
1604226
1604226
1604226
1604226
1604226
1604226
1604226
1604226
1604226
1604226
1604226
1604226
1604226
1604226
1604226
1604226
1604226
1604226
1604226
1604226
1604226
1604226
513479
891787
1145385
1334213
1466716
1554260
1605133
1627481
1634717
1636232
1636795
1637018
1637047
1637061
1637066
1637069
1637070
1637071
1637072
1637072
1637072
1637072
1637072
1637072
1637072
1637072
1637072
1637072
1637072
1637072
1637072
1637072
1637072
1637072
1637072
1637072
1637072
1637072
1637072
1637072
514094
893031
1145063
1332276
1462310
1547715
1595800
1619512
1627669
1630173
1630946
1631102
1631121
1631130
1631133
1631134
1631135
1631136
1631136
1631136
1631136
1631136
1631136
1631136
1631136
1631136
1631136
1631136
1631136
1631136
1631136
1631136
1631136
1631136
1631136
1631136
1631136
1631136
1631136
1631136
510558
883228
1131176
1314456
1442001
1525279
1571421
1592821
1599869
1601950
1602533
1602655
1602749
1602754
1602756
1602757
1602757
1602757
1602757
1602757
1602757
1602757
1602757
1602757
1602757
1602757
1602757
1602757
1602757
1602757
1602757
1602757
1602757
1602757
1602757
1602757
1602757
1602757
1602757
1602757
512858
888946
1140427
1326779
1457544
1543547
1593313
1617070
1625718
1628112
1628836
1629253
1629356
1629361
1629363
1629364
1629365
1629365
1629365
1629365
1629365
1629365
1629365
1629365
1629365
1629365
1629365
1629365
1629365
1629365
1629365
1629365
1629365
1629365
1629365
1629365
1629365
1629365
1629365
1629365
510957
883869
1130909
1314827
1444793
1529625
1578487
1599453
1606563
1608939
1609423
1609525
1609537
1609537
1609537
1609537
1609537
1609537
1609537
1609537
1609537
1609537
1609537
1609537
1609537
1609537
1609537
1609537
1609537
1609537
1609537
1609537
1609537
1609537
1609537
1609537
1609537
1609537
1609537
1609537
515770
898518
1156920
1349939
1486638
1577417
1629270
1654560
1664015
1666502
1667297
1667584
1667776
1667786
1667791
1667791
1667791
1667791
1667791
1667791
1667791
1667791
1667791
1667791
1667791
1667791
1667791
1667791
1667791
1667791
1667791
1667791
1667791
1667791
1667791
1667791
1667791
1667791
1667791
1667791
511352
885167
1134388
1318425
1446990
1531367
1579756
1601882
1609835
1611842
1612527
1612861
1612956
1613018
1613020
1613020
1613020
1613020
1613020
1613020
1613020
1613020
1613020
1613020
1613020
1613020
1613020
1613020
1613020
1613020
1613020
1613020
1613020
1613020
1613020
1613020
1613020
1613020
1613020
1613020
507233
873190
1110451
1283832
1403940
1480924
1524471
1545027
1552509
1555005
1555999
1556185
1556202
1556206
1556207
1556207
1556207
1556207
1556207
1556207
1556207
1556207
1556207
1556207
1556207
1556207
1556207
1556207
1556207
1556207
1556207
1556207
1556207
1556207
1556207
1556207
1556207
1556207
1556207
1556207
508338
875427
1114970
1291490
1413529
1491580
1535210
1555645
1561824
1563448
1563980
1564146
1564170
1564181
1564186
1564188
1564189
1564189
1564189
1564189
1564189
1564189
1564189
1564189
1564189
1564189
1564189
1564189
1564189
1564189
1564189
1564189
1564189
1564189
1564189
1564189
1564189
1564189
1564189
1564189
