511522.0
687229.0
791859.0
866366.0
921856.0
956141.0
973224.0
980165.0
982513.0
983207.0
983474.0
983556.0
983606.0
983614.0
983615.0
983615.0
983615.0
983615.0
983615.0
983615.0
983615.0
983615.0
983615.0
983615.0
983615.0
983615.0
983615.0
983615.0
983615.0
983615.0
983615.0
983615.0
983615.0
983615.0
983615.0
983615.0
983615.0
983615.0
983615.0
983615.0
512075.0
686951.0
791941.0
866147.0
921040.0
954630.0
971453.0
978206.0
980593.0
981328.0
981574.0
981623.0
981632.0
981633.0
981633.0
981633.0
981633.0
981633.0
981633.0
981633.0
981633.0
981633.0
981633.0
981633.0
981633.0
981633.0
981633.0
981633.0
981633.0
981633.0
981633.0
981633.0
981633.0
981633.0
981633.0
981633.0
981633.0
981633.0
981633.0
981633.0
512969.0
688955.0
794062.0
869817.0
925616.0
959314.0
976515.0
983199.0
985562.0
986229.0
986485.0
986578.0
986599.0
986606.0
986608.0
986608.0
986608.0
986608.0
986608.0
986608.0
986608.0
986608.0
986608.0
986608.0
986608.0
986608.0
986608.0
986608.0
986608.0
986608.0
986608.0
986608.0
986608.0
986608.0
986608.0
986608.0
986608.0
986608.0
986608.0
986608.0
513581.0
693059.0
801896.0
879730.0
938454.0
975109.0
993573.0
1001334.0
1004100.0
1005063.0
1005325.0
1005417.0
1005437.0
1005443.0
1005445.0
1005446.0
1005446.0
1005446.0
1005446.0
1005446.0
1005446.0
1005446.0
1005446.0
1005446.0
1005446.0
1005446.0
1005446.0
1005446.0
1005446.0
1005446.0
1005446.0
1005446.0
1005446.0
1005446.0
1005446.0
1005446.0
1005446.0
1005446.0
1005446.0
1005446.0
512847.0
689884.0
795754.0
872024.0
929465.0
965372.0
983752.0
991453.0
994138.0
994975.0
995239.0
995339.0
995391.0
995408.0
995412.0
995412.0
995412.0
995412.0
995412.0
995412.0
995412.0
995412.0
995412.0
995412.0
995412.0
995412.0
995412.0
995412.0
995412.0
995412.0
995412.0
995412.0
995412.0
995412.0
995412.0
995412.0
995412.0
995412.0
995412.0
995412.0
506353.0
670860.0
768370.0
839012.0
891152.0
923407.0
939124.0
945464.0
947474.0
948173.0
948367.0
948431.0
948449.0
948451.0
948452.0
948452.0
948452.0
948452.0
948452.0
948452.0
948452.0
948452.0
948452.0
948452.0
948452.0
948452.0
948452.0
948452.0
948452.0
948452.0
948452.0
948452.0
948452.0
948452.0
948452.0
948452.0
948452.0
948452.0
948452.0
948452.0
512952.0
687033.0
790988.0
863897.0
919459.0
953974.0
971432.0
978471.0
980853.0
981567.0
981796.0
981861.0
981917.0
981928.0
981930.0
981931.0
981931.0
981931.0
981931.0
981931.0
981931.0
981931.0
981931.0
981931.0
981931.0
981931.0
981931.0
981931.0
981931.0
981931.0
981931.0
981931.0
981931.0
981931.0
981931.0
981931.0
981931.0
981931.0
981931.0
981931.0
506011.0
668615.0
765159.0
833651.0
884806.0
916385.0
932345.0
939062.0
941591.0
942489.0
942777.0
942883.0
942930.0
942956.0
942962.0
942963.0
942964.0
942964.0
942964.0
942964.0
942964.0
942964.0
942964.0
942964.0
942964.0
942964.0
942964.0
942964.0
942964.0
942964.0
942964.0
942964.0
942964.0
942964.0
942964.0
942964.0
942964.0
942964.0
942964.0
942964.0
509516.0
682449.0
785590.0
858622.0
912735.0
946268.0
962944.0
969919.0
972324.0
972995.0
973262.0
973353.0
973371.0
973376.0
973377.0
973377.0
973377.0
973377.0
973377.0
973377.0
973377.0
973377.0
973377.0
973377.0
973377.0
973377.0
973377.0
973377.0
973377.0
973377.0
973377.0
973377.0
973377.0
973377.0
973377.0
973377.0
973377.0
973377.0
973377.0
973377.0
512951.0
688067.0
794187.0
869301.0
925946.0
962019.0
980548.0
988332.0
991022.0
992003.0
992330.0
992402.0
992424.0
992431.0
992434.0
992435.0
992435.0
992435.0
992435.0
992435.0
992435.0
992435.0
992435.0
992435.0
992435.0
992435.0
992435.0
992435.0
992435.0
992435.0
992435.0
992435.0
992435.0
992435.0
992435.0
992435.0
992435.0
992435.0
992435.0
992435.0
507666.0
675478.0
776019.0
848436.0
902566.0
935617.0
952393.0
958825.0
961018.0
961738.0
961949.0
962023.0
962048.0
962055.0
962056.0
962057.0
962057.0
962057.0
962057.0
962057.0
962057.0
962057.0
962057.0
962057.0
962057.0
962057.0
962057.0
962057.0
962057.0
962057.0
962057.0
962057.0
962057.0
962057.0
962057.0
962057.0
962057.0
962057.0
962057.0
962057.0
511970.0
690316.0
797937.0
874745.0
932437.0
967887.0
986304.0
993835.0
996499.0
997272.0
997621.0
997713.0
997736.0
997740.0
997742.0
997743.0
997743.0
997743.0
997743.0
997743.0
997743.0
997743.0
997743.0
997743.0
997743.0
997743.0
997743.0
997743.0
997743.0
997743.0
997743.0
997743.0
997743.0
997743.0
997743.0
997743.0
997743.0
997743.0
997743.0
997743.0
511620.0
685497.0
790283.0
864465.0
919502.0
953736.0
971107.0
978041.0
980157.0
980834.0
981104.0
981197.0
981216.0
981220.0
981220.0
981220.0
981220.0
981220.0
981220.0
981220.0
981220.0
981220.0
981220.0
981220.0
981220.0
981220.0
981220.0
981220.0
981220.0
981220.0
981220.0
981220.0
981220.0
981220.0
981220.0
981220.0
981220.0
981220.0
981220.0
981220.0
512298.0
687275.0
791977.0
866062.0
921701.0
956180.0
973586.0
980997.0
983624.0
984546.0
984734.0
984817.0
984845.0
984851.0
984853.0
984853.0
984853.0
984853.0
984853.0
984853.0
984853.0
984853.0
984853.0
984853.0
984853.0
984853.0
984853.0
984853.0
984853.0
984853.0
984853.0
984853.0
984853.0
984853.0
984853.0
984853.0
984853.0
984853.0
984853.0
984853.0
514168.0
695243.0
804945.0
882276.0
940506.0
976006.0
994143.0
1001831.0
1004714.0
1005647.0
1005915.0
1005998.0
1006024.0
1006033.0
1006035.0
1006036.0
1006037.0
1006037.0
1006037.0
1006037.0
1006037.0
1006037.0
1006037.0
1006037.0
1006037.0
1006037.0
1006037.0
1006037.0
1006037.0
1006037.0
1006037.0
1006037.0
1006037.0
1006037.0
1006037.0
1006037.0
1006037.0
1006037.0
1006037.0
1006037.0
515636.0
698492.0
807887.0
885417.0
944198.0
980602.0
999377.0
1007159.0
1009714.0
1010528.0
1010792.0
1010844.0
1010859.0
1010865.0
1010865.0
1010865.0
1010865.0
1010865.0
1010865.0
1010865.0
1010865.0
1010865.0
1010865.0
1010865.0
1010865.0
1010865.0
1010865.0
1010865.0
1010865.0
1010865.0
1010865.0
1010865.0
1010865.0
1010865.0
1010865.0
1010865.0
1010865.0
1010865.0
1010865.0
1010865.0
517004.0
701230.0
812815.0
891370.0
951405.0
989729.0
1009914.0
1017977.0
1020768.0
1021644.0
1021866.0
1021980.0
1022000.0
1022009.0
1022012.0
1022012.0
1022012.0
1022012.0
1022012.0
1022012.0
1022012.0
1022012.0
1022012.0
1022012.0
1022012.0
1022012.0
1022012.0
1022012.0
1022012.0
1022012.0
1022012.0
1022012.0
1022012.0
1022012.0
1022012.0
1022012.0
1022012.0
1022012.0
1022012.0
1022012.0
510897.0
685790.0
791849.0
868578.0
925844.0
962383.0
980811.0
988598.0
991316.0
992172.0
992466.0
992543.0
992568.0
992572.0
992572.0
992572.0
992572.0
992572.0
992572.0
992572.0
992572.0
992572.0
992572.0
992572.0
992572.0
992572.0
992572.0
992572.0
992572.0
992572.0
992572.0
992572.0
992572.0
992572.0
992572.0
992572.0
992572.0
992572.0
992572.0
992572.0
510324.0
680799.0
782599.0
854014.0
906386.0
938990.0
955150.0
961616.0
964200.0
964863.0
965129.0
965215.0
965254.0
965264.0
965268.0
965268.0
965268.0
965268.0
965268.0
965268.0
965268.0
965268.0
965268.0
965268.0
965268.0
965268.0
965268.0
965268.0
965268.0
965268.0
965268.0
965268.0
965268.0
965268.0
965268.0
965268.0
965268.0
965268.0
965268.0
965268.0
511552.0
683577.0
787397.0
860511.0
914637.0
948899.0
966290.0
973352.0
975769.0
976513.0
976756.0
976824.0
976841.0
976849.0
976851.0
976852.0
976852.0
976852.0
976852.0
976852.0
976852.0
976852.0
976852.0
976852.0
976852.0
976852.0
976852.0
976852.0
976852.0
976852.0
976852.0
976852.0
976852.0
976852.0
976852.0
976852.0
976852.0
976852.0
976852.0
976852.0
510985.0
683319.0
785917.0
859103.0
914527.0
949064.0
966620.0
973577.0
975890.0
976542.0
976767.0
976844.0
976869.0
976874.0
976877.0
976878.0
976879.0
976879.0
976879.0
976879.0
976879.0
976879.0
976879.0
976879.0
976879.0
976879.0
976879.0
976879.0
976879.0
976879.0
976879.0
976879.0
976879.0
976879.0
976879.0
976879.0
976879.0
976879.0
976879.0
976879.0
512589.0
688455.0
793688.0
867217.0
922691.0
957438.0
975219.0
982111.0
984309.0
984969.0
985174.0
985246.0
985264.0
985271.0
985272.0
985273.0
985273.0
985273.0
985273.0
985273.0
985273.0
985273.0
985273.0
985273.0
985273.0
985273.0
985273.0
985273.0
985273.0
985273.0
985273.0
985273.0
985273.0
985273.0
985273.0
985273.0
985273.0
985273.0
985273.0
985273.0
512657.0
689667.0
796449.0
871888.0
927726.0
961824.0
978483.0
984787.0
987177.0
988064.0
988294.0
988361.0
988381.0
988386.0
988387.0
988388.0
988388.0
988388.0
988388.0
988388.0
988388.0
988388.0
988388.0
988388.0
988388.0
988388.0
988388.0
988388.0
988388.0
988388.0
988388.0
988388.0
988388.0
988388.0
988388.0
988388.0
988388.0
988388.0
988388.0
988388.0
511233.0
683564.0
785885.0
858566.0
913370.0
946638.0
963330.0
969807.0
972032.0
972839.0
973118.0
973227.0
973250.0
973254.0
973257.0
973259.0
973259.0
973259.0
973259.0
973259.0
973259.0
973259.0
973259.0
973259.0
973259.0
973259.0
973259.0
973259.0
973259.0
973259.0
973259.0
973259.0
973259.0
973259.0
973259.0
973259.0
973259.0
973259.0
973259.0
973259.0
510131.0
680562.0
783133.0
855802.0
909325.0
942074.0
958379.0
965058.0
967303.0
967878.0
968099.0
968158.0
968187.0
968195.0
968197.0
968198.0
968198.0
968198.0
968198.0
968198.0
968198.0
968198.0
968198.0
968198.0
968198.0
968198.0
968198.0
968198.0
968198.0
968198.0
968198.0
968198.0
968198.0
968198.0
968198.0
968198.0
968198.0
968198.0
968198.0
968198.0
512099.0
686864.0
790820.0
864767.0
919273.0
952018.0
968731.0
975599.0
978123.0
978769.0
978966.0
979028.0
979060.0
979065.0
979066.0
979066.0
979066.0
979066.0
979066.0
979066.0
979066.0
979066.0
979066.0
979066.0
979066.0
979066.0
979066.0
979066.0
979066.0
979066.0
979066.0
979066.0
979066.0
979066.0
979066.0
979066.0
979066.0
979066.0
979066.0
979066.0
513438.0
693308.0
800604.0
877580.0
934999.0
970382.0
988845.0
995945.0
998484.0
999461.0
999807.0
999896.0
999921.0
999929.0
999931.0
999931.0
999931.0
999931.0
999931.0
999931.0
999931.0
999931.0
999931.0
999931.0
999931.0
999931.0
999931.0
999931.0
999931.0
999931.0
999931.0
999931.0
999931.0
999931.0
999931.0
999931.0
999931.0
999931.0
999931.0
999931.0
510546.0
684944.0
789084.0
862247.0
915259.0
946631.0
961413.0
967533.0
969461.0
970112.0
970342.0
970417.0
970435.0
970442.0
970442.0
970442.0
970442.0
970442.0
970442.0
970442.0
970442.0
970442.0
970442.0
970442.0
970442.0
970442.0
970442.0
970442.0
970442.0
970442.0
970442.0
970442.0
970442.0
970442.0
970442.0
970442.0
970442.0
970442.0
970442.0
970442.0
510925.0
686073.0
790420.0
864090.0
919677.0
954192.0
972193.0
979530.0
981857.0
982441.0
982636.0
982704.0
982725.0
982732.0
982735.0
982735.0
982735.0
982735.0
982735.0
982735.0
982735.0
982735.0
982735.0
982735.0
982735.0
982735.0
982735.0
982735.0
982735.0
982735.0
982735.0
982735.0
982735.0
982735.0
982735.0
982735.0
982735.0
982735.0
982735.0
982735.0
510322.0
683115.0
788147.0
863109.0
918353.0
951961.0
968738.0
975571.0
978099.0
978969.0
979160.0
979229.0
979248.0
979255.0
979257.0
979258.0
979258.0
979258.0
979258.0
979258.0
979258.0
979258.0
979258.0
979258.0
979258.0
979258.0
979258.0
979258.0
979258.0
979258.0
979258.0
979258.0
979258.0
979258.0
979258.0
979258.0
979258.0
979258.0
979258.0
979258.0
513052.0
689899.0
798312.0
874667.0
931283.0
967167.0
986281.0
994238.0
997278.0
998261.0
998707.0
998855.0
998897.0
998905.0
998907.0
998908.0
998908.0
998908.0
998908.0
998908.0
998908.0
998908.0
998908.0
998908.0
998908.0
998908.0
998908.0
998908.0
998908.0
998908.0
998908.0
998908.0
998908.0
998908.0
998908.0
998908.0
998908.0
998908.0
998908.0
998908.0
508814.0
678784.0
779461.0
849690.0
901448.0
933241.0
949549.0
956413.0
958767.0
959581.0
959828.0
959885.0
959904.0
959910.0
959913.0
959913.0
959913.0
959913.0
959913.0
959913.0
959913.0
959913.0
959913.0
959913.0
959913.0
959913.0
959913.0
959913.0
959913.0
959913.0
959913.0
959913.0
959913.0
959913.0
959913.0
959913.0
959913.0
959913.0
959913.0
959913.0
510350.0
682666.0
785607.0
859192.0
913047.0
946566.0
962975.0
969724.0
972023.0
972771.0
973023.0
973085.0
973106.0
973115.0
973118.0
973119.0
973120.0
973120.0
973120.0
973120.0
973120.0
973120.0
973120.0
973120.0
973120.0
973120.0
973120.0
973120.0
973120.0
973120.0
973120.0
973120.0
973120.0
973120.0
973120.0
973120.0
973120.0
973120.0
973120.0
973120.0
510177.0
680235.0
781943.0
854798.0
908940.0
942479.0
959251.0
966353.0
968874.0
969735.0
969986.0
970064.0
970087.0
970100.0
970104.0
970105.0
970105.0
970105.0
970105.0
970105.0
970105.0
970105.0
970105.0
970105.0
970105.0
970105.0
970105.0
970105.0
970105.0
970105.0
970105.0
970105.0
970105.0
970105.0
970105.0
970105.0
970105.0
970105.0
970105.0
970105.0
507286.0
673649.0
773691.0
843576.0
895049.0
925969.0
940906.0
947343.0
949437.0
949902.0
950081.0
950149.0
950164.0
950169.0
950170.0
950170.0
950170.0
950170.0
950170.0
950170.0
950170.0
950170.0
950170.0
950170.0
950170.0
950170.0
950170.0
950170.0
950170.0
950170.0
950170.0
950170.0
950170.0
950170.0
950170.0
950170.0
950170.0
950170.0
950170.0
950170.0
509848.0
679986.0
782825.0
855489.0
909998.0
944182.0
960587.0
967515.0
969915.0
970681.0
970899.0
970948.0
970969.0
970976.0
970979.0
970980.0
970980.0
970980.0
970980.0
970980.0
970980.0
970980.0
970980.0
970980.0
970980.0
970980.0
970980.0
970980.0
970980.0
970980.0
970980.0
970980.0
970980.0
970980.0
970980.0
970980.0
970980.0
970980.0
970980.0
970980.0
508834.0
677045.0
778010.0
849671.0
902733.0
936349.0
952877.0
959942.0
962382.0
963129.0
963450.0
963577.0
963610.0
963616.0
963620.0
963622.0
963622.0
963622.0
963622.0
963622.0
963622.0
963622.0
963622.0
963622.0
963622.0
963622.0
963622.0
963622.0
963622.0
963622.0
963622.0
963622.0
963622.0
963622.0
963622.0
963622.0
963622.0
963622.0
963622.0
963622.0
511630.0
685966.0
789402.0
863656.0
919255.0
952592.0
969760.0
976199.0
978428.0
979091.0
979288.0
979363.0
979381.0
979387.0
979390.0
979392.0
979392.0
979392.0
979392.0
979392.0
979392.0
979392.0
979392.0
979392.0
979392.0
979392.0
979392.0
979392.0
979392.0
979392.0
979392.0
979392.0
979392.0
979392.0
979392.0
979392.0
979392.0
979392.0
979392.0
979392.0
509525.0
678317.0
780111.0
851893.0
905691.0
938958.0
955740.0
962310.0
964424.0
965055.0
965284.0
965349.0
965367.0
965383.0
965384.0
965384.0
965384.0
965384.0
965384.0
965384.0
965384.0
965384.0
965384.0
965384.0
965384.0
965384.0
965384.0
965384.0
965384.0
965384.0
965384.0
965384.0
965384.0
965384.0
965384.0
965384.0
965384.0
965384.0
965384.0
965384.0
506649.0
671178.0
769426.0
839691.0
891820.0
923984.0
939711.0
946031.0
948222.0
948994.0
949223.0
949268.0
949282.0
949286.0
949287.0
949287.0
949287.0
949287.0
949287.0
949287.0
949287.0
949287.0
949287.0
949287.0
949287.0
949287.0
949287.0
949287.0
949287.0
949287.0
949287.0
949287.0
949287.0
949287.0
949287.0
949287.0
949287.0
949287.0
949287.0
949287.0
505960.0
667623.0
763002.0
830033.0
879671.0
910655.0
925769.0
932124.0
934372.0
934992.0
935226.0
935287.0
935309.0
935314.0
935315.0
935316.0
935317.0
935317.0
935317.0
935317.0
935317.0
935317.0
935317.0
935317.0
935317.0
935317.0
935317.0
935317.0
935317.0
935317.0
935317.0
935317.0
935317.0
935317.0
935317.0
935317.0
935317.0
935317.0
935317.0
935317.0
512553.0
687582.0
793147.0
867648.0
923889.0
958657.0
976075.0
983543.0
985752.0
986492.0
986791.0
986874.0
986899.0
986910.0
986920.0
986923.0
986924.0
986924.0
986924.0
986924.0
986924.0
986924.0
986924.0
986924.0
986924.0
986924.0
986924.0
986924.0
986924.0
986924.0
986924.0
986924.0
986924.0
986924.0
986924.0
986924.0
986924.0
986924.0
986924.0
986924.0
514826.0
692905.0
799323.0
874570.0
931408.0
966467.0
984397.0
991865.0
994563.0
995324.0
995586.0
995666.0
995703.0
995722.0
995742.0
995755.0
995757.0
995758.0
995759.0
995759.0
995759.0
995759.0
995759.0
995759.0
995759.0
995759.0
995759.0
995759.0
995759.0
995759.0
995759.0
995759.0
995759.0
995759.0
995759.0
995759.0
995759.0
995759.0
995759.0
995759.0
510248.0
683584.0
787299.0
860653.0
915190.0
949274.0
966398.0
973639.0
975893.0
976724.0
976974.0
977120.0
977140.0
977143.0
977143.0
977143.0
977143.0
977143.0
977143.0
977143.0
977143.0
977143.0
977143.0
977143.0
977143.0
977143.0
977143.0
977143.0
977143.0
977143.0
977143.0
977143.0
977143.0
977143.0
977143.0
977143.0
977143.0
977143.0
977143.0
977143.0
508149.0
678944.0
779854.0
850386.0
902237.0
934133.0
950310.0
957087.0
959389.0
960191.0
960441.0
960516.0
960538.0
960545.0
960548.0
960548.0
960548.0
960548.0
960548.0
960548.0
960548.0
960548.0
960548.0
960548.0
960548.0
960548.0
960548.0
960548.0
960548.0
960548.0
960548.0
960548.0
960548.0
960548.0
960548.0
960548.0
960548.0
960548.0
960548.0
960548.0
514459.0
695466.0
804965.0
881915.0
939841.0
976277.0
994883.0
1002195.0
1004646.0
1005416.0
1005637.0
1005717.0
1005740.0
1005747.0
1005749.0
1005750.0
1005750.0
1005750.0
1005750.0
1005750.0
1005750.0
1005750.0
1005750.0
1005750.0
1005750.0
1005750.0
1005750.0
1005750.0
1005750.0
1005750.0
1005750.0
1005750.0
1005750.0
1005750.0
1005750.0
1005750.0
1005750.0
1005750.0
1005750.0
1005750.0
514309.0
692249.0
799549.0
876448.0
934455.0
970630.0
988485.0
995895.0
998470.0
999303.0
999530.0
999601.0
999631.0
999636.0
999637.0
999638.0
999639.0
999639.0
999639.0
999639.0
999639.0
999639.0
999639.0
999639.0
999639.0
999639.0
999639.0
999639.0
999639.0
999639.0
999639.0
999639.0
999639.0
999639.0
999639.0
999639.0
999639.0
999639.0
999639.0
999639.0
508329.0
676242.0
776432.0
847210.0
898792.0
930968.0
947340.0
954046.0
956093.0
956742.0
956921.0
956980.0
956998.0
957003.0
957004.0
957004.0
957004.0
957004.0
957004.0
957004.0
957004.0
957004.0
957004.0
957004.0
957004.0
957004.0
957004.0
957004.0
957004.0
957004.0
957004.0
957004.0
957004.0
957004.0
957004.0
957004.0
957004.0
957004.0
957004.0
957004.0
507224.0
673009.0
772692.0
843887.0
896851.0
928872.0
944972.0
951301.0
953496.0
954269.0
954480.0
954576.0
954627.0
954635.0
954637.0
954637.0
954637.0
954637.0
954637.0
954637.0
954637.0
954637.0
954637.0
954637.0
954637.0
954637.0
954637.0
954637.0
954637.0
954637.0
954637.0
954637.0
954637.0
954637.0
954637.0
954637.0
954637.0
954637.0
954637.0
954637.0
509421.0
677971.0
779813.0
851710.0
904449.0
936754.0
953053.0
959396.0
961411.0
962125.0
962342.0
962439.0
962464.0
962470.0
962473.0
962474.0
962475.0
962475.0
962475.0
962475.0
962475.0
962475.0
962475.0
962475.0
962475.0
962475.0
962475.0
962475.0
962475.0
962475.0
962475.0
962475.0
962475.0
962475.0
962475.0
962475.0
962475.0
962475.0
962475.0
962475.0
511488.0
685309.0
790290.0
864536.0
919170.0
952818.0
969728.0
975270.0
977435.0
978119.0
978311.0
978375.0
978406.0
978424.0
978426.0
978427.0
978427.0
978427.0
978427.0
978427.0
978427.0
978427.0
978427.0
978427.0
978427.0
978427.0
978427.0
978427.0
978427.0
978427.0
978427.0
978427.0
978427.0
978427.0
978427.0
978427.0
978427.0
978427.0
978427.0
978427.0
510108.0
682603.0
786632.0
862160.0
918232.0
953066.0
970913.0
978128.0
980563.0
981497.0
981772.0
981890.0
981926.0
981941.0
981952.0
981957.0
981958.0
981958.0
981958.0
981958.0
981958.0
981958.0
981958.0
981958.0
981958.0
981958.0
981958.0
981958.0
981958.0
981958.0
981958.0
981958.0
981958.0
981958.0
981958.0
981958.0
981958.0
981958.0
981958.0
981958.0
511379.0
684866.0
789637.0
864317.0
919267.0
952586.0
969907.0
976752.0
979169.0
979890.0
980107.0
980188.0
980213.0
980220.0
980222.0
980222.0
980222.0
980222.0
980222.0
980222.0
980222.0
980222.0
980222.0
980222.0
980222.0
980222.0
980222.0
980222.0
980222.0
980222.0
980222.0
980222.0
980222.0
980222.0
980222.0
980222.0
980222.0
980222.0
980222.0
980222.0
509991.0
682325.0
785695.0
858370.0
912654.0
946076.0
962764.0
969361.0
971549.0
972333.0
972692.0
972811.0
972851.0
972867.0
972870.0
972870.0
972870.0
972870.0
972870.0
972870.0
972870.0
972870.0
972870.0
972870.0
972870.0
972870.0
972870.0
972870.0
972870.0
972870.0
972870.0
972870.0
972870.0
972870.0
972870.0
972870.0
972870.0
972870.0
972870.0
972870.0
508662.0
677538.0
779291.0
851421.0
905711.0
939625.0
957068.0
963985.0
966582.0
967446.0
967672.0
967753.0
967782.0
967787.0
967788.0
967788.0
967788.0
967788.0
967788.0
967788.0
967788.0
967788.0
967788.0
967788.0
967788.0
967788.0
967788.0
967788.0
967788.0
967788.0
967788.0
967788.0
967788.0
967788.0
967788.0
967788.0
967788.0
967788.0
967788.0
967788.0
509963.0
681248.0
783991.0
857874.0
911920.0
945383.0
962210.0
969045.0
971268.0
972038.0
972272.0
972324.0
972336.0
972339.0
972340.0
972341.0
972342.0
972342.0
972342.0
972342.0
972342.0
972342.0
972342.0
972342.0
972342.0
972342.0
972342.0
972342.0
972342.0
972342.0
972342.0
972342.0
972342.0
972342.0
972342.0
972342.0
972342.0
972342.0
972342.0
972342.0
512597.0
688267.0
794858.0
869615.0
926057.0
960927.0
978726.0
985859.0
988352.0
989138.0
989483.0
989648.0
989673.0
989684.0
989689.0
989692.0
989694.0
989694.0
989694.0
989694.0
989694.0
989694.0
989694.0
989694.0
989694.0
989694.0
989694.0
989694.0
989694.0
989694.0
989694.0
989694.0
989694.0
989694.0
989694.0
989694.0
989694.0
989694.0
989694.0
989694.0
510387.0
681104.0
782401.0
856381.0
910390.0
943826.0
960148.0
967285.0
969603.0
970266.0
970465.0
970544.0
970588.0
970591.0
970591.0
970591.0
970591.0
970591.0
970591.0
970591.0
970591.0
970591.0
970591.0
970591.0
970591.0
970591.0
970591.0
970591.0
970591.0
970591.0
970591.0
970591.0
970591.0
970591.0
970591.0
970591.0
970591.0
970591.0
970591.0
970591.0
508348.0
678064.0
780438.0
853580.0
908062.0
941845.0
958872.0
965088.0
967369.0
968210.0
968436.0
968585.0
968631.0
968643.0
968648.0
968648.0
968648.0
968648.0
968648.0
968648.0
968648.0
968648.0
968648.0
968648.0
968648.0
968648.0
968648.0
968648.0
968648.0
968648.0
968648.0
968648.0
968648.0
968648.0
968648.0
968648.0
968648.0
968648.0
968648.0
968648.0
506258.0
671556.0
769383.0
839425.0
891136.0
923830.0
939999.0
946337.0
948447.0
949179.0
949410.0
949467.0
949481.0
949487.0
949489.0
949490.0
949490.0
949490.0
949490.0
949490.0
949490.0
949490.0
949490.0
949490.0
949490.0
949490.0
949490.0
949490.0
949490.0
949490.0
949490.0
949490.0
949490.0
949490.0
949490.0
949490.0
949490.0
949490.0
949490.0
949490.0
511851.0
688597.0
794300.0
868643.0
924673.0
960343.0
978935.0
986807.0
989491.0
990378.0
990730.0
990830.0
990853.0
990861.0
990866.0
990866.0
990866.0
990866.0
990866.0
990866.0
990866.0
990866.0
990866.0
990866.0
990866.0
990866.0
990866.0
990866.0
990866.0
990866.0
990866.0
990866.0
990866.0
990866.0
990866.0
990866.0
990866.0
990866.0
990866.0
990866.0
510373.0
684001.0
787710.0
861691.0
916279.0
950400.0
967517.0
974490.0
976927.0
977796.0
978140.0
978198.0
978224.0
978234.0
978238.0
978239.0
978240.0
978241.0
978241.0
978241.0
978241.0
978241.0
978241.0
978241.0
978241.0
978241.0
978241.0
978241.0
978241.0
978241.0
978241.0
978241.0
978241.0
978241.0
978241.0
978241.0
978241.0
978241.0
978241.0
978241.0
515708.0
697623.0
808061.0
885728.0
945121.0
982300.0
1002460.0
1011291.0
1013976.0
1014805.0
1014994.0
1015056.0
1015074.0
1015084.0
1015088.0
1015089.0
1015089.0
1015089.0
1015089.0
1015089.0
1015089.0
1015089.0
1015089.0
1015089.0
1015089.0
1015089.0
1015089.0
1015089.0
1015089.0
1015089.0
1015089.0
1015089.0
1015089.0
1015089.0
1015089.0
1015089.0
1015089.0
1015089.0
1015089.0
1015089.0
511971.0
686890.0
793001.0
867322.0
924645.0
959002.0
976236.0
982887.0
984977.0
985603.0
985804.0
985849.0
985864.0
985869.0
985869.0
985869.0
985869.0
985869.0
985869.0
985869.0
985869.0
985869.0
985869.0
985869.0
985869.0
985869.0
985869.0
985869.0
985869.0
985869.0
985869.0
985869.0
985869.0
985869.0
985869.0
985869.0
985869.0
985869.0
985869.0
985869.0
512430.0
687727.0
792102.0
865673.0
920969.0
954296.0
969979.0
976287.0
978343.0
978849.0
979061.0
979137.0
979158.0
979167.0
979171.0
979171.0
979171.0
979171.0
979171.0
979171.0
979171.0
979171.0
979171.0
979171.0
979171.0
979171.0
979171.0
979171.0
979171.0
979171.0
979171.0
979171.0
979171.0
979171.0
979171.0
979171.0
979171.0
979171.0
979171.0
979171.0
514924.0
696201.0
805760.0
883807.0
942025.0
978739.0
997364.0
1005564.0
1008376.0
1009359.0
1009675.0
1009784.0
1009817.0
1009822.0
1009823.0
1009823.0
1009823.0
1009823.0
1009823.0
1009823.0
1009823.0
1009823.0
1009823.0
1009823.0
1009823.0
1009823.0
1009823.0
1009823.0
1009823.0
1009823.0
1009823.0
1009823.0
1009823.0
1009823.0
1009823.0
1009823.0
1009823.0
1009823.0
1009823.0
1009823.0
511089.0
682796.0
786601.0
859273.0
914580.0
947833.0
964322.0
970904.0
973130.0
973799.0
973970.0
974080.0
974096.0
974102.0
974105.0
974105.0
974105.0
974105.0
974105.0
974105.0
974105.0
974105.0
974105.0
974105.0
974105.0
974105.0
974105.0
974105.0
974105.0
974105.0
974105.0
974105.0
974105.0
974105.0
974105.0
974105.0
974105.0
974105.0
974105.0
974105.0
510646.0
681636.0
785319.0
859302.0
914198.0
948612.0
965320.0
971829.0
974154.0
974896.0
975122.0
975178.0
975197.0
975203.0
975205.0
975205.0
975205.0
975205.0
975205.0
975205.0
975205.0
975205.0
975205.0
975205.0
975205.0
975205.0
975205.0
975205.0
975205.0
975205.0
975205.0
975205.0
975205.0
975205.0
975205.0
975205.0
975205.0
975205.0
975205.0
975205.0
509132.0
678075.0
778505.0
850219.0
902507.0
934877.0
951406.0
957987.0
960056.0
960678.0
960900.0
960963.0
960973.0
960973.0
960974.0
960974.0
960974.0
960974.0
960974.0
960974.0
960974.0
960974.0
960974.0
960974.0
960974.0
960974.0
960974.0
960974.0
960974.0
960974.0
960974.0
960974.0
960974.0
960974.0
960974.0
960974.0
960974.0
960974.0
960974.0
960974.0
505994.0
669302.0
766728.0
836097.0
887294.0
918754.0
933932.0
940203.0
942119.0
942863.0
943039.0
943117.0
943136.0
943140.0
943140.0
943140.0
943140.0
943140.0
943140.0
943140.0
943140.0
943140.0
943140.0
943140.0
943140.0
943140.0
943140.0
943140.0
943140.0
943140.0
943140.0
943140.0
943140.0
943140.0
943140.0
943140.0
943140.0
943140.0
943140.0
943140.0
509996.0
681013.0
782432.0
855160.0
907856.0
939865.0
956221.0
962705.0
965104.0
965763.0
965920.0
965959.0
965974.0
965978.0
965981.0
965983.0
965985.0
965985.0
965985.0
965985.0
965985.0
965985.0
965985.0
965985.0
965985.0
965985.0
965985.0
965985.0
965985.0
965985.0
965985.0
965985.0
965985.0
965985.0
965985.0
965985.0
965985.0
965985.0
965985.0
965985.0
509099.0
677487.0
777243.0
848477.0
901034.0
931655.0
946524.0
952230.0
954176.0
954820.0
954973.0
955030.0
955049.0
955054.0
955055.0
955055.0
955055.0
955055.0
955055.0
955055.0
955055.0
955055.0
955055.0
955055.0
955055.0
955055.0
955055.0
955055.0
955055.0
955055.0
955055.0
955055.0
955055.0
955055.0
955055.0
955055.0
955055.0
955055.0
955055.0
955055.0
511330.0
685369.0
789947.0
864517.0
919984.0
954131.0
971232.0
978213.0
980248.0
980933.0
981186.0
981233.0
981247.0
981252.0
981253.0
981253.0
981253.0
981253.0
981253.0
981253.0
981253.0
981253.0
981253.0
981253.0
981253.0
981253.0
981253.0
981253.0
981253.0
981253.0
981253.0
981253.0
981253.0
981253.0
981253.0
981253.0
981253.0
981253.0
981253.0
981253.0
514459.0
692740.0
799105.0
876103.0
932937.0
969016.0
987208.0
994491.0
997021.0
997840.0
998139.0
998208.0
998233.0
998243.0
998248.0
998249.0
998249.0
998249.0
998249.0
998249.0
998249.0
998249.0
998249.0
998249.0
998249.0
998249.0
998249.0
998249.0
998249.0
998249.0
998249.0
998249.0
998249.0
998249.0
998249.0
998249.0
998249.0
998249.0
998249.0
998249.0
509918.0
679772.0
781854.0
854479.0
908392.0
942068.0
959479.0
966662.0
968956.0
969832.0
970225.0
970320.0
970339.0
970344.0
970348.0
970350.0
970351.0
970351.0
970351.0
970351.0
970351.0
970351.0
970351.0
970351.0
970351.0
970351.0
970351.0
970351.0
970351.0
970351.0
970351.0
970351.0
970351.0
970351.0
970351.0
970351.0
970351.0
970351.0
970351.0
970351.0
510403.0
682610.0
787141.0
861398.0
915872.0
949837.0
966628.0
973826.0
976019.0
976760.0
976979.0
977056.0
977086.0
977093.0
977095.0
977095.0
977095.0
977095.0
977095.0
977095.0
977095.0
977095.0
977095.0
977095.0
977095.0
977095.0
977095.0
977095.0
977095.0
977095.0
977095.0
977095.0
977095.0
977095.0
977095.0
977095.0
977095.0
977095.0
977095.0
977095.0
514177.0
691737.0
799613.0
876209.0
934696.0
970727.0
989577.0
997032.0
999777.0
1000553.0
1000789.0
1000905.0
1000923.0
1000931.0
1000934.0
1000935.0
1000935.0
1000935.0
1000935.0
1000935.0
1000935.0
1000935.0
1000935.0
1000935.0
1000935.0
1000935.0
1000935.0
1000935.0
1000935.0
1000935.0
1000935.0
1000935.0
1000935.0
1000935.0
1000935.0
1000935.0
1000935.0
1000935.0
1000935.0
1000935.0
511192.0
686037.0
790713.0
866411.0
923226.0
958105.0
976574.0
984077.0
986636.0
987544.0
987798.0
987936.0
987979.0
987986.0
987988.0
987990.0
987991.0
987992.0
987992.0
987992.0
987992.0
987992.0
987992.0
987992.0
987992.0
987992.0
987992.0
987992.0
987992.0
987992.0
987992.0
987992.0
987992.0
987992.0
987992.0
987992.0
987992.0
987992.0
987992.0
987992.0
509454.0
677810.0
778307.0
849301.0
901830.0
933981.0
950113.0
956480.0
958900.0
959678.0
959954.0
960006.0
960019.0
960025.0
960026.0
960026.0
960026.0
960026.0
960026.0
960026.0
960026.0
960026.0
960026.0
960026.0
960026.0
960026.0
960026.0
960026.0
960026.0
960026.0
960026.0
960026.0
960026.0
960026.0
960026.0
960026.0
960026.0
960026.0
960026.0
960026.0
513373.0
690336.0
795798.0
870141.0
924939.0
959072.0
975680.0
982667.0
985045.0
985762.0
986054.0
986130.0
986140.0
986144.0
986145.0
986145.0
986145.0
986145.0
986145.0
986145.0
986145.0
986145.0
986145.0
986145.0
986145.0
986145.0
986145.0
986145.0
986145.0
986145.0
986145.0
986145.0
986145.0
986145.0
986145.0
986145.0
986145.0
986145.0
986145.0
986145.0
510191.0
680215.0
781781.0
854233.0
907786.0
940316.0
956522.0
963053.0
965356.0
965993.0
966187.0
966290.0
966311.0
966314.0
966315.0
966315.0
966315.0
966315.0
966315.0
966315.0
966315.0
966315.0
966315.0
966315.0
966315.0
966315.0
966315.0
966315.0
966315.0
966315.0
966315.0
966315.0
966315.0
966315.0
966315.0
966315.0
966315.0
966315.0
966315.0
966315.0
510054.0
679734.0
781089.0
852755.0
907286.0
940905.0
958147.0
965262.0
967591.0
968267.0
968482.0
968547.0
968560.0
968563.0
968564.0
968564.0
968564.0
968564.0
968564.0
968564.0
968564.0
968564.0
968564.0
968564.0
968564.0
968564.0
968564.0
968564.0
968564.0
968564.0
968564.0
968564.0
968564.0
968564.0
968564.0
968564.0
968564.0
968564.0
968564.0
968564.0
511047.0
684559.0
788963.0
863949.0
918185.0
952023.0
969291.0
976328.0
978665.0
979576.0
979848.0
979920.0
979948.0
979961.0
979966.0
979967.0
979968.0
979969.0
979969.0
979969.0
979969.0
979969.0
979969.0
979969.0
979969.0
979969.0
979969.0
979969.0
979969.0
979969.0
979969.0
979969.0
979969.0
979969.0
979969.0
979969.0
979969.0
979969.0
979969.0
979969.0
513011.0
687992.0
792639.0
866724.0
921133.0
954986.0
972487.0
980113.0
982673.0
983551.0
983859.0
983922.0
983944.0
983962.0
983963.0
983963.0
983963.0
983963.0
983963.0
983963.0
983963.0
983963.0
983963.0
983963.0
983963.0
983963.0
983963.0
983963.0
983963.0
983963.0
983963.0
983963.0
983963.0
983963.0
983963.0
983963.0
983963.0
983963.0
983963.0
983963.0
510418.0
682476.0
785735.0
858876.0
913763.0
947363.0
964181.0
971227.0
973596.0
974386.0
974666.0
974741.0
974780.0
974817.0
974822.0
974824.0
974824.0
974824.0
974824.0
974824.0
974824.0
974824.0
974824.0
974824.0
974824.0
974824.0
974824.0
974824.0
974824.0
974824.0
974824.0
974824.0
974824.0
974824.0
974824.0
974824.0
974824.0
974824.0
974824.0
974824.0
510161.0
682378.0
784516.0
857152.0
910212.0
943003.0
959645.0
966149.0
968396.0
969067.0
969302.0
969401.0
969428.0
969430.0
969431.0
969432.0
969432.0
969432.0
969432.0
969432.0
969432.0
969432.0
969432.0
969432.0
969432.0
969432.0
969432.0
969432.0
969432.0
969432.0
969432.0
969432.0
969432.0
969432.0
969432.0
969432.0
969432.0
969432.0
969432.0
969432.0
511517.0
683007.0
785113.0
856331.0
910031.0
942894.0
958894.0
965834.0
968036.0
968658.0
968864.0
968927.0
968942.0
968949.0
968953.0
968954.0
968955.0
968955.0
968955.0
968955.0
968955.0
968955.0
968955.0
968955.0
968955.0
968955.0
968955.0
968955.0
968955.0
968955.0
968955.0
968955.0
968955.0
968955.0
968955.0
968955.0
968955.0
968955.0
968955.0
968955.0
511405.0
685090.0
789232.0
863340.0
919027.0
953408.0
970508.0
977558.0
980033.0
980923.0
981224.0
981317.0
981339.0
981348.0
981351.0
981352.0
981352.0
981352.0
981352.0
981352.0
981352.0
981352.0
981352.0
981352.0
981352.0
981352.0
981352.0
981352.0
981352.0
981352.0
981352.0
981352.0
981352.0
981352.0
981352.0
981352.0
981352.0
981352.0
981352.0
981352.0
511679.0
684858.0
788657.0
863195.0
918506.0
952136.0
968752.0
975513.0
977683.0
978353.0
978597.0
978700.0
978721.0
978727.0
978728.0
978729.0
978729.0
978729.0
978729.0
978729.0
978729.0
978729.0
978729.0
978729.0
978729.0
978729.0
978729.0
978729.0
978729.0
978729.0
978729.0
978729.0
978729.0
978729.0
978729.0
978729.0
978729.0
978729.0
978729.0
978729.0
511227.0
683870.0
788468.0
862405.0
917310.0
952358.0
970371.0
977571.0
980230.0
981087.0
981336.0
981453.0
981487.0
981511.0
981515.0
981515.0
981515.0
981515.0
981515.0
981515.0
981515.0
981515.0
981515.0
981515.0
981515.0
981515.0
981515.0
981515.0
981515.0
981515.0
981515.0
981515.0
981515.0
981515.0
981515.0
981515.0
981515.0
981515.0
981515.0
981515.0
511414.0
686513.0
790407.0
863796.0
919160.0
953629.0
970790.0
977961.0
980205.0
980939.0
981136.0
981202.0
981224.0
981228.0
981229.0
981229.0
981229.0
981229.0
981229.0
981229.0
981229.0
981229.0
981229.0
981229.0
981229.0
981229.0
981229.0
981229.0
981229.0
981229.0
981229.0
981229.0
981229.0
981229.0
981229.0
981229.0
981229.0
981229.0
981229.0
981229.0
511076.0
683617.0
786555.0
859426.0
913628.0
947741.0
963658.0
969819.0
971878.0
972472.0
972644.0
972705.0
972718.0
972724.0
972724.0
972724.0
972724.0
972724.0
972724.0
972724.0
972724.0
972724.0
972724.0
972724.0
972724.0
972724.0
972724.0
972724.0
972724.0
972724.0
972724.0
972724.0
972724.0
972724.0
972724.0
972724.0
972724.0
972724.0
972724.0
972724.0
505745.0
668467.0
765995.0
833525.0
882763.0
912350.0
926676.0
932305.0
934185.0
934786.0
935040.0
935120.0
935138.0
935144.0
935147.0
935147.0
935147.0
935147.0
935147.0
935147.0
935147.0
935147.0
935147.0
935147.0
935147.0
935147.0
935147.0
935147.0
935147.0
935147.0
935147.0
935147.0
935147.0
935147.0
935147.0
935147.0
935147.0
935147.0
935147.0
935147.0
508394.0
678178.0
780467.0
853274.0
906534.0
940266.0
957515.0
964241.0
966629.0
967462.0
967732.0
967797.0
967795.0
967810.0
967811.0
967811.0
967811.0
967811.0
967811.0
967811.0
967811.0
967811.0
967811.0
967811.0
967811.0
967811.0
967811.0
967811.0
967811.0
967811.0
967811.0
967811.0
967811.0
967811.0
967811.0
967811.0
967811.0
967811.0
967811.0
967811.0
507291.0
671662.0
769158.0
838440.0
888978.0
919707.0
935125.0
940918.0
943024.0
943561.0
943740.0
943780.0
943797.0
943804.0
943806.0
943806.0
943806.0
943806.0
943806.0
943806.0
943806.0
943806.0
943806.0
943806.0
943806.0
943806.0
943806.0
943806.0
943806.0
943806.0
943806.0
943806.0
943806.0
943806.0
943806.0
943806.0
943806.0
943806.0
943806.0
943806.0
515237.0
697577.0
808119.0
885700.0
943802.0
980120.0
998157.0
1006160.0
1008723.0
1009799.0
1010095.0
1010240.0
1010264.0
1010270.0
1010271.0
1010271.0
1010271.0
1010271.0
1010271.0
1010271.0
1010271.0
1010271.0
1010271.0
1010271.0
1010271.0
1010271.0
1010271.0
1010271.0
1010271.0
1010271.0
1010271.0
1010271.0
1010271.0
1010271.0
1010271.0
1010271.0
1010271.0
1010271.0
1010271.0
1010271.0
511061.0
683386.0
787186.0
861198.0
916375.0
950530.0
966444.0
973111.0
975488.0
976298.0
976514.0
976573.0
976589.0
976593.0
976593.0
976593.0
976593.0
976593.0
976593.0
976593.0
976593.0
976593.0
976593.0
976593.0
976593.0
976593.0
976593.0
976593.0
976593.0
976593.0
976593.0
976593.0
976593.0
976593.0
976593.0
976593.0
976593.0
976593.0
976593.0
976593.0
511387.0
685160.0
789757.0
863545.0
919029.0
953168.0
971105.0
978346.0
980993.0
982030.0
982405.0
982496.0
982540.0
982548.0
982550.0
982551.0
982552.0
982552.0
982552.0
982552.0
982552.0
982552.0
982552.0
982552.0
982552.0
982552.0
982552.0
982552.0
982552.0
982552.0
982552.0
982552.0
982552.0
982552.0
982552.0
982552.0
982552.0
982552.0
982552.0
982552.0
509482.0
681966.0
784473.0
856940.0
910555.0
944366.0
960980.0
967853.0
970208.0
970878.0
971111.0
971155.0
971172.0
971181.0
971181.0
971181.0
971181.0
971181.0
971181.0
971181.0
971181.0
971181.0
971181.0
971181.0
971181.0
971181.0
971181.0
971181.0
971181.0
971181.0
971181.0
971181.0
971181.0
971181.0
971181.0
971181.0
971181.0
971181.0
971181.0
971181.0
507642.0
674587.0
774250.0
844889.0
895880.0
927253.0
942646.0
948464.0
950457.0
951152.0
951388.0
951463.0
951482.0
951489.0
951491.0
951492.0
951492.0
951492.0
951492.0
951492.0
951492.0
951492.0
951492.0
951492.0
951492.0
951492.0
951492.0
951492.0
951492.0
951492.0
951492.0
951492.0
951492.0
951492.0
951492.0
951492.0
951492.0
951492.0
951492.0
951492.0
512852.0
688999.0
795123.0
871021.0
928259.0
963666.0
982295.0
990451.0
993200.0
994151.0
994469.0
994567.0
994619.0
994632.0
994638.0
994641.0
994641.0
994641.0
994641.0
994641.0
994641.0
994641.0
994641.0
994641.0
994641.0
994641.0
994641.0
994641.0
994641.0
994641.0
994641.0
994641.0
994641.0
994641.0
994641.0
994641.0
994641.0
994641.0
994641.0
994641.0
510720.0
682979.0
785055.0
856204.0
909441.0
943072.0
959863.0
966489.0
968918.0
969714.0
969930.0
969987.0
970014.0
970022.0
970023.0
970023.0
970023.0
970023.0
970023.0
970023.0
970023.0
970023.0
970023.0
970023.0
970023.0
970023.0
970023.0
970023.0
970023.0
970023.0
970023.0
970023.0
970023.0
970023.0
970023.0
970023.0
970023.0
970023.0
970023.0
970023.0
512778.0
690119.0
797889.0
875002.0
932408.0
967731.0
985272.0
992672.0
994932.0
995602.0
995877.0
995981.0
996000.0
996009.0
996011.0
996012.0
996013.0
996013.0
996013.0
996013.0
996013.0
996013.0
996013.0
996013.0
996013.0
996013.0
996013.0
996013.0
996013.0
996013.0
996013.0
996013.0
996013.0
996013.0
996013.0
996013.0
996013.0
996013.0
996013.0
996013.0
509967.0
683147.0
786065.0
858946.0
912323.0
944994.0
961558.0
968607.0
971119.0
971938.0
972248.0
972329.0
972361.0
972387.0
972402.0
972403.0
972403.0
972403.0
972403.0
972403.0
972403.0
972403.0
972403.0
972403.0
972403.0
972403.0
972403.0
972403.0
972403.0
972403.0
972403.0
972403.0
972403.0
972403.0
972403.0
972403.0
972403.0
972403.0
972403.0
972403.0
511951.0
685985.0
790322.0
864086.0
919484.0
953762.0
970608.0
977050.0
979311.0
979942.0
980193.0
980272.0
980292.0
980304.0
980306.0
980306.0
980306.0
980306.0
980306.0
980306.0
980306.0
980306.0
980306.0
980306.0
980306.0
980306.0
980306.0
980306.0
980306.0
980306.0
980306.0
980306.0
980306.0
980306.0
980306.0
980306.0
980306.0
980306.0
980306.0
980306.0
512941.0
689971.0
797546.0
873594.0
929902.0
964972.0
982891.0
990251.0
992752.0
993644.0
993933.0
994055.0
994089.0
994096.0
994099.0
994100.0
994100.0
994100.0
994100.0
994100.0
994100.0
994100.0
994100.0
994100.0
994100.0
994100.0
994100.0
994100.0
994100.0
994100.0
994100.0
994100.0
994100.0
994100.0
994100.0
994100.0
994100.0
994100.0
994100.0
994100.0
511646.0
687030.0
792192.0
867641.0
925138.0
961134.0
980168.0
987860.0
990707.0
991478.0
991744.0
991824.0
991860.0
991868.0
991872.0
991874.0
991874.0
991874.0
991874.0
991874.0
991874.0
991874.0
991874.0
991874.0
991874.0
991874.0
991874.0
991874.0
991874.0
991874.0
991874.0
991874.0
991874.0
991874.0
991874.0
991874.0
991874.0
991874.0
991874.0
991874.0
511508.0
687345.0
792035.0
866293.0
921741.0
955895.0
972692.0
979199.0
981507.0
982147.0
982369.0
982446.0
982471.0
982480.0
982483.0
982485.0
982486.0
982487.0
982487.0
982487.0
982487.0
982487.0
982487.0
982487.0
982487.0
982487.0
982487.0
982487.0
982487.0
982487.0
982487.0
982487.0
982487.0
982487.0
982487.0
982487.0
982487.0
982487.0
982487.0
982487.0
507139.0
671975.0
769477.0
838106.0
888977.0
920024.0
935584.0
941789.0
943867.0
944579.0
944741.0
944799.0
944811.0
944816.0
944819.0
944821.0
944822.0
944822.0
944822.0
944822.0
944822.0
944822.0
944822.0
944822.0
944822.0
944822.0
944822.0
944822.0
944822.0
944822.0
944822.0
944822.0
944822.0
944822.0
944822.0
944822.0
944822.0
944822.0
944822.0
944822.0
509783.0
678801.0
780921.0
852924.0
906288.0
939405.0
956516.0
963516.0
965744.0
966506.0
966693.0
966750.0
966771.0
966777.0
966781.0
966782.0
966782.0
966782.0
966782.0
966782.0
966782.0
966782.0
966782.0
966782.0
966782.0
966782.0
966782.0
966782.0
966782.0
966782.0
966782.0
966782.0
966782.0
966782.0
966782.0
966782.0
966782.0
966782.0
966782.0
966782.0
512074.0
687189.0
791635.0
865961.0
921229.0
955225.0
972587.0
979748.0
981794.0
982518.0
982745.0
982835.0
982855.0
982862.0
982866.0
982866.0
982866.0
982866.0
982866.0
982866.0
982866.0
982866.0
982866.0
982866.0
982866.0
982866.0
982866.0
982866.0
982866.0
982866.0
982866.0
982866.0
982866.0
982866.0
982866.0
982866.0
982866.0
982866.0
982866.0
982866.0
509482.0
681023.0
783786.0
855377.0
908451.0
940366.0
956322.0
962602.0
964875.0
965574.0
965789.0
965883.0
965915.0
965921.0
965924.0
965925.0
965925.0
965925.0
965925.0
965925.0
965925.0
965925.0
965925.0
965925.0
965925.0
965925.0
965925.0
965925.0
965925.0
965925.0
965925.0
965925.0
965925.0
965925.0
965925.0
965925.0
965925.0
965925.0
965925.0
965925.0
510033.0
679873.0
782698.0
855764.0
910304.0
944197.0
961333.0
968210.0
970703.0
971450.0
971686.0
971766.0
971803.0
971813.0
971813.0
971813.0
971813.0
971813.0
971813.0
971813.0
971813.0
971813.0
971813.0
971813.0
971813.0
971813.0
971813.0
971813.0
971813.0
971813.0
971813.0
971813.0
971813.0
971813.0
971813.0
971813.0
971813.0
971813.0
971813.0
971813.0
508269.0
674465.0
772660.0
841915.0
893875.0
924652.0
940531.0
946931.0
948938.0
949476.0
949696.0
949737.0
949754.0
949760.0
949764.0
949765.0
949765.0
949765.0
949765.0
949765.0
949765.0
949765.0
949765.0
949765.0
949765.0
949765.0
949765.0
949765.0
949765.0
949765.0
949765.0
949765.0
949765.0
949765.0
949765.0
949765.0
949765.0
949765.0
949765.0
949765.0
511544.0
684899.0
787696.0
860905.0
915202.0
948619.0
965242.0
972040.0
974739.0
975470.0
975705.0
975766.0
975792.0
975798.0
975801.0
975801.0
975801.0
975801.0
975801.0
975801.0
975801.0
975801.0
975801.0
975801.0
975801.0
975801.0
975801.0
975801.0
975801.0
975801.0
975801.0
975801.0
975801.0
975801.0
975801.0
975801.0
975801.0
975801.0
975801.0
975801.0
506688.0
672449.0
772304.0
843131.0
895065.0
927571.0
944150.0
950715.0
952947.0
953777.0
954081.0
954202.0
954230.0
954236.0
954236.0
954236.0
954236.0
954236.0
954236.0
954236.0
954236.0
954236.0
954236.0
954236.0
954236.0
954236.0
954236.0
954236.0
954236.0
954236.0
954236.0
954236.0
954236.0
954236.0
954236.0
954236.0
954236.0
954236.0
954236.0
954236.0
511436.0
684976.0
790363.0
866000.0
922859.0
959328.0
977930.0
985473.0
988217.0
988958.0
989229.0
989321.0
989352.0
989358.0
989358.0
989358.0
989358.0
989358.0
989358.0
989358.0
989358.0
989358.0
989358.0
989358.0
989358.0
989358.0
989358.0
989358.0
989358.0
989358.0
989358.0
989358.0
989358.0
989358.0
989358.0
989358.0
989358.0
989358.0
989358.0
989358.0
510464.0
683714.0
787027.0
860564.0
915152.0
949669.0
967379.0
974973.0
977306.0
978056.0
978332.0
978416.0
978446.0
978455.0
978458.0
978460.0
978460.0
978460.0
978460.0
978460.0
978460.0
978460.0
978460.0
978460.0
978460.0
978460.0
978460.0
978460.0
978460.0
978460.0
978460.0
978460.0
978460.0
978460.0
978460.0
978460.0
978460.0
978460.0
978460.0
978460.0
509537.0
681262.0
783706.0
856542.0
908806.0
940829.0
956272.0
962065.0
964195.0
964855.0
965060.0
965118.0
965133.0
965137.0
965140.0
965142.0
965143.0
965144.0
965144.0
965144.0
965144.0
965144.0
965144.0
965144.0
965144.0
965144.0
965144.0
965144.0
965144.0
965144.0
965144.0
965144.0
965144.0
965144.0
965144.0
965144.0
965144.0
965144.0
965144.0
965144.0
510708.0
687076.0
793137.0
869278.0
925279.0
960332.0
977143.0
983958.0
986428.0
987127.0
987427.0
987550.0
987571.0
987577.0
987579.0
987581.0
987581.0
987581.0
987581.0
987581.0
987581.0
987581.0
987581.0
987581.0
987581.0
987581.0
987581.0
987581.0
987581.0
987581.0
987581.0
987581.0
987581.0
987581.0
987581.0
987581.0
987581.0
987581.0
987581.0
987581.0
508949.0
676266.0
775845.0
846712.0
899228.0
931270.0
947473.0
953367.0
955367.0
956038.0
956237.0
956311.0
956340.0
956352.0
956355.0
956356.0
956356.0
956356.0
956356.0
956356.0
956356.0
956356.0
956356.0
956356.0
956356.0
956356.0
956356.0
956356.0
956356.0
956356.0
956356.0
956356.0
956356.0
956356.0
956356.0
956356.0
956356.0
956356.0
956356.0
956356.0
513325.0
687806.0
792320.0
865458.0
920063.0
954280.0
970956.0
977878.0
980165.0
980998.0
981271.0
981380.0
981420.0
981428.0
981431.0
981432.0
981432.0
981432.0
981432.0
981432.0
981432.0
981432.0
981432.0
981432.0
981432.0
981432.0
981432.0
981432.0
981432.0
981432.0
981432.0
981432.0
981432.0
981432.0
981432.0
981432.0
981432.0
981432.0
981432.0
981432.0
510033.0
682712.0
786336.0
859227.0
912523.0
945572.0
961698.0
968475.0
970725.0
971429.0
971678.0
971738.0
971779.0
971783.0
971784.0
971785.0
971785.0
971785.0
971785.0
971785.0
971785.0
971785.0
971785.0
971785.0
971785.0
971785.0
971785.0
971785.0
971785.0
971785.0
971785.0
971785.0
971785.0
971785.0
971785.0
971785.0
971785.0
971785.0
971785.0
971785.0
511223.0
687403.0
793286.0
868380.0
923866.0
958014.0
974852.0
981997.0
984123.0
984843.0
985070.0
985169.0
985193.0
985200.0
985204.0
985205.0
985205.0
985205.0
985205.0
985205.0
985205.0
985205.0
985205.0
985205.0
985205.0
985205.0
985205.0
985205.0
985205.0
985205.0
985205.0
985205.0
985205.0
985205.0
985205.0
985205.0
985205.0
985205.0
985205.0
985205.0
512066.0
687067.0
792796.0
868053.0
923493.0
957913.0
975107.0
982413.0
984738.0
985472.0
985683.0
985795.0
985821.0
985829.0
985832.0
985833.0
985833.0
985833.0
985833.0
985833.0
985833.0
985833.0
985833.0
985833.0
985833.0
985833.0
985833.0
985833.0
985833.0
985833.0
985833.0
985833.0
985833.0
985833.0
985833.0
985833.0
985833.0
985833.0
985833.0
985833.0
511193.0
685430.0
790188.0
865974.0
922327.0
957040.0
974391.0
981448.0
983932.0
984675.0
984920.0
984993.0
985007.0
985009.0
985009.0
985009.0
985009.0
985009.0
985009.0
985009.0
985009.0
985009.0
985009.0
985009.0
985009.0
985009.0
985009.0
985009.0
985009.0
985009.0
985009.0
985009.0
985009.0
985009.0
985009.0
985009.0
985009.0
985009.0
985009.0
985009.0
518634.0
707268.0
822007.0
903323.0
964494.0
1002493.0
1021260.0
1029095.0
1031854.0
1032790.0
1033084.0
1033197.0
1033217.0
1033224.0
1033227.0
1033228.0
1033229.0
1033230.0
1033230.0
1033230.0
1033230.0
1033230.0
1033230.0
1033230.0
1033230.0
1033230.0
1033230.0
1033230.0
1033230.0
1033230.0
1033230.0
1033230.0
1033230.0
1033230.0
1033230.0
1033230.0
1033230.0
1033230.0
1033230.0
1033230.0
508476.0
677512.0
777745.0
849461.0
902134.0
934352.0
950300.0
957013.0
959250.0
959873.0
960120.0
960184.0
960210.0
960217.0
960219.0
960221.0
960221.0
960221.0
960221.0
960221.0
960221.0
960221.0
960221.0
960221.0
960221.0
960221.0
960221.0
960221.0
960221.0
960221.0
960221.0
960221.0
960221.0
960221.0
960221.0
960221.0
960221.0
960221.0
960221.0
960221.0
516556.0
700399.0
811100.0
890440.0
950204.0
987651.0
1006889.0
1015086.0
1017598.0
1018465.0
1018658.0
1018723.0
1018745.0
1018750.0
1018752.0
1018752.0
1018752.0
1018752.0
1018752.0
1018752.0
1018752.0
1018752.0
1018752.0
1018752.0
1018752.0
1018752.0
1018752.0
1018752.0
1018752.0
1018752.0
1018752.0
1018752.0
1018752.0
1018752.0
1018752.0
1018752.0
1018752.0
1018752.0
1018752.0
1018752.0
513591.0
691993.0
799268.0
875706.0
933062.0
967889.0
985540.0
992619.0
995247.0
996046.0
996266.0
996346.0
996368.0
996377.0
996378.0
996379.0
996379.0
996379.0
996379.0
996379.0
996379.0
996379.0
996379.0
996379.0
996379.0
996379.0
996379.0
996379.0
996379.0
996379.0
996379.0
996379.0
996379.0
996379.0
996379.0
996379.0
996379.0
996379.0
996379.0
996379.0
510500.0
684111.0
787537.0
859786.0
912953.0
946320.0
962838.0
969499.0
972358.0
973219.0
973462.0
973516.0
973540.0
973558.0
973576.0
973577.0
973578.0
973578.0
973578.0
973578.0
973578.0
973578.0
973578.0
973578.0
973578.0
973578.0
973578.0
973578.0
973578.0
973578.0
973578.0
973578.0
973578.0
973578.0
973578.0
973578.0
973578.0
973578.0
973578.0
973578.0
513839.0
692879.0
799848.0
877097.0
933803.0
968766.0
986632.0
994234.0
996862.0
997814.0
998182.0
998318.0
998338.0
998342.0
998343.0
998344.0
998344.0
998344.0
998344.0
998344.0
998344.0
998344.0
998344.0
998344.0
998344.0
998344.0
998344.0
998344.0
998344.0
998344.0
998344.0
998344.0
998344.0
998344.0
998344.0
998344.0
998344.0
998344.0
998344.0
998344.0
508379.0
677486.0
778159.0
849042.0
901635.0
933705.0
950071.0
957144.0
959638.0
960292.0
960516.0
960620.0
960653.0
960666.0
960670.0
960673.0
960674.0
960674.0
960674.0
960674.0
960674.0
960674.0
960674.0
960674.0
960674.0
960674.0
960674.0
960674.0
960674.0
960674.0
960674.0
960674.0
960674.0
960674.0
960674.0
960674.0
960674.0
960674.0
960674.0
960674.0
509932.0
681310.0
783328.0
855294.0
908335.0
939902.0
955737.0
961663.0
963454.0
964028.0
964221.0
964277.0
964286.0
964291.0
964292.0
964293.0
964293.0
964293.0
964293.0
964293.0
964293.0
964293.0
964293.0
964293.0
964293.0
964293.0
964293.0
964293.0
964293.0
964293.0
964293.0
964293.0
964293.0
964293.0
964293.0
964293.0
964293.0
964293.0
964293.0
964293.0
508087.0
675433.0
776079.0
848261.0
902593.0
936373.0
953176.0
960275.0
962868.0
963670.0
963917.0
964010.0
964028.0
964035.0
964036.0
964036.0
964036.0
964036.0
964036.0
964036.0
964036.0
964036.0
964036.0
964036.0
964036.0
964036.0
964036.0
964036.0
964036.0
964036.0
964036.0
964036.0
964036.0
964036.0
964036.0
964036.0
964036.0
964036.0
964036.0
964036.0
510313.0
683093.0
784550.0
856118.0
909408.0
941932.0
958730.0
965503.0
967966.0
968578.0
968830.0
968894.0
968909.0
968910.0
968910.0
968910.0
968910.0
968910.0
968910.0
968910.0
968910.0
968910.0
968910.0
968910.0
968910.0
968910.0
968910.0
968910.0
968910.0
968910.0
968910.0
968910.0
968910.0
968910.0
968910.0
968910.0
968910.0
968910.0
968910.0
968910.0
513876.0
691606.0
798162.0
873747.0
929772.0
964516.0
982373.0
989686.0
992123.0
993003.0
993259.0
993323.0
993349.0
993356.0
993359.0
993360.0
993360.0
993360.0
993360.0
993360.0
993360.0
993360.0
993360.0
993360.0
993360.0
993360.0
993360.0
993360.0
993360.0
993360.0
993360.0
993360.0
993360.0
993360.0
993360.0
993360.0
993360.0
993360.0
993360.0
993360.0
513271.0
690414.0
796925.0
873750.0
929965.0
964776.0
981871.0
988695.0
991069.0
991749.0
991943.0
991990.0
992008.0
992017.0
992019.0
992020.0
992021.0
992021.0
992021.0
992021.0
992021.0
992021.0
992021.0
992021.0
992021.0
992021.0
992021.0
992021.0
992021.0
992021.0
992021.0
992021.0
992021.0
992021.0
992021.0
992021.0
992021.0
992021.0
992021.0
992021.0
509379.0
679228.0
780897.0
852723.0
906166.0
938335.0
954022.0
961047.0
963256.0
964108.0
964359.0
964441.0
964464.0
964474.0
964477.0
964480.0
964481.0
964481.0
964481.0
964481.0
964481.0
964481.0
964481.0
964481.0
964481.0
964481.0
964481.0
964481.0
964481.0
964481.0
964481.0
964481.0
964481.0
964481.0
964481.0
964481.0
964481.0
964481.0
964481.0
964481.0
512143.0
689630.0
797090.0
873528.0
930304.0
966281.0
984619.0
992490.0
995293.0
996311.0
996599.0
996687.0
996716.0
996726.0
996731.0
996734.0
996735.0
996735.0
996735.0
996735.0
996735.0
996735.0
996735.0
996735.0
996735.0
996735.0
996735.0
996735.0
996735.0
996735.0
996735.0
996735.0
996735.0
996735.0
996735.0
996735.0
996735.0
996735.0
996735.0
996735.0
510431.0
682390.0
784588.0
856743.0
910794.0
943600.0
959347.0
965794.0
967834.0
968414.0
968633.0
968726.0
968788.0
968795.0
968796.0
968796.0
968796.0
968796.0
968796.0
968796.0
968796.0
968796.0
968796.0
968796.0
968796.0
968796.0
968796.0
968796.0
968796.0
968796.0
968796.0
968796.0
968796.0
968796.0
968796.0
968796.0
968796.0
968796.0
968796.0
968796.0
511758.0
686623.0
791505.0
866016.0
921181.0
955544.0
972898.0
980082.0
982134.0
982795.0
983026.0
983083.0
983101.0
983104.0
983105.0
983106.0
983106.0
983106.0
983106.0
983106.0
983106.0
983106.0
983106.0
983106.0
983106.0
983106.0
983106.0
983106.0
983106.0
983106.0
983106.0
983106.0
983106.0
983106.0
983106.0
983106.0
983106.0
983106.0
983106.0
983106.0
512739.0
687412.0
791981.0
865618.0
920314.0
953693.0
970522.0
976885.0
979083.0
979862.0
980072.0
980157.0
980177.0
980181.0
980182.0
980182.0
980182.0
980182.0
980182.0
980182.0
980182.0
980182.0
980182.0
980182.0
980182.0
980182.0
980182.0
980182.0
980182.0
980182.0
980182.0
980182.0
980182.0
980182.0
980182.0
980182.0
980182.0
980182.0
980182.0
980182.0
509921.0
681876.0
785672.0
858276.0
912477.0
945000.0
960959.0
967385.0
969627.0
970441.0
970606.0
970652.0
970669.0
970672.0
970673.0
970673.0
970673.0
970673.0
970673.0
970673.0
970673.0
970673.0
970673.0
970673.0
970673.0
970673.0
970673.0
970673.0
970673.0
970673.0
970673.0
970673.0
970673.0
970673.0
970673.0
970673.0
970673.0
970673.0
970673.0
970673.0
511732.0
688907.0
795198.0
871073.0
927343.0
962004.0
979357.0
986086.0
988312.0
989093.0
989311.0
989452.0
989469.0
989475.0
989476.0
989476.0
989476.0
989476.0
989476.0
989476.0
989476.0
989476.0
989476.0
989476.0
989476.0
989476.0
989476.0
989476.0
989476.0
989476.0
989476.0
989476.0
989476.0
989476.0
989476.0
989476.0
989476.0
989476.0
989476.0
989476.0
510927.0
684853.0
790654.0
864968.0
920125.0
953724.0
970203.0
976653.0
978847.0
979482.0
979662.0
979736.0
979774.0
979780.0
979783.0
979785.0
979786.0
979786.0
979786.0
979786.0
979786.0
979786.0
979786.0
979786.0
979786.0
979786.0
979786.0
979786.0
979786.0
979786.0
979786.0
979786.0
979786.0
979786.0
979786.0
979786.0
979786.0
979786.0
979786.0
979786.0
515103.0
695573.0
804426.0
880579.0
937819.0
973460.0
992035.0
999684.0
1002347.0
1003194.0
1003467.0
1003571.0
1003610.0
1003619.0
1003625.0
1003627.0
1003628.0
1003629.0
1003629.0
1003629.0
1003629.0
1003629.0
1003629.0
1003629.0
1003629.0
1003629.0
1003629.0
1003629.0
1003629.0
1003629.0
1003629.0
1003629.0
1003629.0
1003629.0
1003629.0
1003629.0
1003629.0
1003629.0
1003629.0
1003629.0
507605.0
674787.0
774320.0
844319.0
898243.0
930768.0
947287.0
953661.0
956001.0
956622.0
956828.0
956884.0
956903.0
956907.0
956908.0
956908.0
956908.0
956908.0
956908.0
956908.0
956908.0
956908.0
956908.0
956908.0
956908.0
956908.0
956908.0
956908.0
956908.0
956908.0
956908.0
956908.0
956908.0
956908.0
956908.0
956908.0
956908.0
956908.0
956908.0
956908.0
509869.0
681789.0
783253.0
855141.0
908012.0
940307.0
956959.0
963268.0
965364.0
966019.0
966211.0
966280.0
966306.0
966338.0
966340.0
966341.0
966341.0
966341.0
966341.0
966341.0
966341.0
966341.0
966341.0
966341.0
966341.0
966341.0
966341.0
966341.0
966341.0
966341.0
966341.0
966341.0
966341.0
966341.0
966341.0
966341.0
966341.0
966341.0
966341.0
966341.0
511499.0
685453.0
790687.0
866114.0
923914.0
959705.0
978360.0
986428.0
989041.0
989826.0
990085.0
990185.0
990220.0
990238.0
990239.0
990239.0
990239.0
990239.0
990239.0
990239.0
990239.0
990239.0
990239.0
990239.0
990239.0
990239.0
990239.0
990239.0
990239.0
990239.0
990239.0
990239.0
990239.0
990239.0
990239.0
990239.0
990239.0
990239.0
990239.0
990239.0
509358.0
679484.0
780895.0
852127.0
905567.0
937513.0
953692.0
960350.0
962543.0
963284.0
963486.0
963563.0
963574.0
963577.0
963577.0
963577.0
963577.0
963577.0
963577.0
963577.0
963577.0
963577.0
963577.0
963577.0
963577.0
963577.0
963577.0
963577.0
963577.0
963577.0
963577.0
963577.0
963577.0
963577.0
963577.0
963577.0
963577.0
963577.0
963577.0
963577.0
509571.0
680787.0
783893.0
857696.0
912367.0
945923.0
962755.0
969545.0
971835.0
972595.0
972833.0
972923.0
972943.0
972952.0
972956.0
972957.0
972958.0
972958.0
972958.0
972958.0
972958.0
972958.0
972958.0
972958.0
972958.0
972958.0
972958.0
972958.0
972958.0
972958.0
972958.0
972958.0
972958.0
972958.0
972958.0
972958.0
972958.0
972958.0
972958.0
972958.0
510910.0
682592.0
786440.0
858535.0
912054.0
944243.0
960043.0
966222.0
968391.0
968988.0
969194.0
969283.0
969320.0
969324.0
969324.0
969324.0
969324.0
969324.0
969324.0
969324.0
969324.0
969324.0
969324.0
969324.0
969324.0
969324.0
969324.0
969324.0
969324.0
969324.0
969324.0
969324.0
969324.0
969324.0
969324.0
969324.0
969324.0
969324.0
969324.0
969324.0
511115.0
684901.0
789261.0
863899.0
918469.0
951726.0
968787.0
975574.0
978262.0
979111.0
979406.0
979473.0
979488.0
979492.0
979492.0
979492.0
979492.0
979492.0
979492.0
979492.0
979492.0
979492.0
979492.0
979492.0
979492.0
979492.0
979492.0
979492.0
979492.0
979492.0
979492.0
979492.0
979492.0
979492.0
979492.0
979492.0
979492.0
979492.0
979492.0
979492.0
512588.0
687853.0
792470.0
868375.0
923948.0
958203.0
975334.0
982740.0
985327.0
986102.0
986345.0
986467.0
986486.0
986494.0
986496.0
986497.0
986497.0
986497.0
986497.0
986497.0
986497.0
986497.0
986497.0
986497.0
986497.0
986497.0
986497.0
986497.0
986497.0
986497.0
986497.0
986497.0
986497.0
986497.0
986497.0
986497.0
986497.0
986497.0
986497.0
986497.0
510237.0
683737.0
787828.0
861308.0
915522.0
948777.0
964808.0
971008.0
973199.0
973915.0
974173.0
974274.0
974294.0
974300.0
974302.0
974302.0
974302.0
974302.0
974302.0
974302.0
974302.0
974302.0
974302.0
974302.0
974302.0
974302.0
974302.0
974302.0
974302.0
974302.0
974302.0
974302.0
974302.0
974302.0
974302.0
974302.0
974302.0
974302.0
974302.0
974302.0
511976.0
686934.0
791185.0
864316.0
919847.0
954017.0
971784.0
979005.0
981645.0
982658.0
982949.0
983011.0
983033.0
983040.0
983043.0
983043.0
983043.0
983043.0
983043.0
983043.0
983043.0
983043.0
983043.0
983043.0
983043.0
983043.0
983043.0
983043.0
983043.0
983043.0
983043.0
983043.0
983043.0
983043.0
983043.0
983043.0
983043.0
983043.0
983043.0
983043.0
510247.0
681298.0
782713.0
854364.0
906611.0
937543.0
953271.0
959729.0
961771.0
962466.0
962624.0
962686.0
962732.0
962739.0
962740.0
962740.0
962740.0
962740.0
962740.0
962740.0
962740.0
962740.0
962740.0
962740.0
962740.0
962740.0
962740.0
962740.0
962740.0
962740.0
962740.0
962740.0
962740.0
962740.0
962740.0
962740.0
962740.0
962740.0
962740.0
962740.0
513403.0
690373.0
797051.0
873506.0
930835.0
966660.0
984825.0
992605.0
995232.0
995954.0
996331.0
996410.0
996434.0
996440.0
996442.0
996443.0
996444.0
996445.0
996446.0
996447.0
996447.0
996447.0
996447.0
996447.0
996447.0
996447.0
996447.0
996447.0
996447.0
996447.0
996447.0
996447.0
996447.0
996447.0
996447.0
996447.0
996447.0
996447.0
996447.0
996447.0
508206.0
676126.0
776702.0
846813.0
897650.0
928345.0
943963.0
949644.0
951394.0
952011.0
952164.0
952222.0
952238.0
952242.0
952244.0
952244.0
952244.0
952244.0
952244.0
952244.0
952244.0
952244.0
952244.0
952244.0
952244.0
952244.0
952244.0
952244.0
952244.0
952244.0
952244.0
952244.0
952244.0
952244.0
952244.0
952244.0
952244.0
952244.0
952244.0
952244.0
509325.0
681984.0
784820.0
857350.0
911035.0
943693.0
960072.0
966925.0
969292.0
969997.0
970244.0
970313.0
970328.0
970334.0
970337.0
970337.0
970337.0
970337.0
970337.0
970337.0
970337.0
970337.0
970337.0
970337.0
970337.0
970337.0
970337.0
970337.0
970337.0
970337.0
970337.0
970337.0
970337.0
970337.0
970337.0
970337.0
970337.0
970337.0
970337.0
970337.0
508610.0
673907.0
772710.0
843257.0
895277.0
927424.0
943236.0
949630.0
951825.0
952472.0
952640.0
952693.0
952708.0
952715.0
952715.0
952715.0
952715.0
952715.0
952715.0
952715.0
952715.0
952715.0
952715.0
952715.0
952715.0
952715.0
952715.0
952715.0
952715.0
952715.0
952715.0
952715.0
952715.0
952715.0
952715.0
952715.0
952715.0
952715.0
952715.0
952715.0
512804.0
688366.0
793514.0
867639.0
923800.0
958668.0
976644.0
983790.0
986591.0
987415.0
987697.0
987792.0
987814.0
987825.0
987829.0
987830.0
987830.0
987830.0
987830.0
987830.0
987830.0
987830.0
987830.0
987830.0
987830.0
987830.0
987830.0
987830.0
987830.0
987830.0
987830.0
987830.0
987830.0
987830.0
987830.0
987830.0
987830.0
987830.0
987830.0
987830.0
514673.0
695761.0
804503.0
882573.0
941815.0
978431.0
997460.0
1004811.0
1007324.0
1008170.0
1008419.0
1008497.0
1008518.0
1008523.0
1008523.0
1008523.0
1008523.0
1008523.0
1008523.0
1008523.0
1008523.0
1008523.0
1008523.0
1008523.0
1008523.0
1008523.0
1008523.0
1008523.0
1008523.0
1008523.0
1008523.0
1008523.0
1008523.0
1008523.0
1008523.0
1008523.0
1008523.0
1008523.0
1008523.0
1008523.0
510686.0
683342.0
787625.0
862488.0
917649.0
952512.0
970305.0
977544.0
980059.0
980981.0
981312.0
981444.0
981465.0
981471.0
981471.0
981471.0
981471.0
981471.0
981471.0
981471.0
981471.0
981471.0
981471.0
981471.0
981471.0
981471.0
981471.0
981471.0
981471.0
981471.0
981471.0
981471.0
981471.0
981471.0
981471.0
981471.0
981471.0
981471.0
981471.0
981471.0
511329.0
684050.0
787564.0
861051.0
915087.0
947721.0
963925.0
970547.0
972658.0
973370.0
973566.0
973616.0
973635.0
973640.0
973642.0
973642.0
973642.0
973642.0
973642.0
973642.0
973642.0
973642.0
973642.0
973642.0
973642.0
973642.0
973642.0
973642.0
973642.0
973642.0
973642.0
973642.0
973642.0
973642.0
973642.0
973642.0
973642.0
973642.0
973642.0
973642.0
516357.0
701402.0
812392.0
892184.0
951661.0
988374.0
1006925.0
1014819.0
1017585.0
1018462.0
1018714.0
1018773.0
1018820.0
1018828.0
1018830.0
1018830.0
1018830.0
1018830.0
1018830.0
1018830.0
1018830.0
1018830.0
1018830.0
1018830.0
1018830.0
1018830.0
1018830.0
1018830.0
1018830.0
1018830.0
1018830.0
1018830.0
1018830.0
1018830.0
1018830.0
1018830.0
1018830.0
1018830.0
1018830.0
1018830.0
515169.0
696232.0
805534.0
881668.0
939128.0
974896.0
993576.0
1001457.0
1004336.0
1005275.0
1005603.0
1005707.0
1005738.0
1005749.0
1005753.0
1005754.0
1005754.0
1005754.0
1005754.0
1005754.0
1005754.0
1005754.0
1005754.0
1005754.0
1005754.0
1005754.0
1005754.0
1005754.0
1005754.0
1005754.0
1005754.0
1005754.0
1005754.0
1005754.0
1005754.0
1005754.0
1005754.0
1005754.0
1005754.0
1005754.0
512711.0
686776.0
792023.0
867641.0
923071.0
957844.0
975661.0
983202.0
985673.0
986540.0
986772.0
986873.0
986909.0
986912.0
986913.0
986913.0
986913.0
986913.0
986913.0
986913.0
986913.0
986913.0
986913.0
986913.0
986913.0
986913.0
986913.0
986913.0
986913.0
986913.0
986913.0
986913.0
986913.0
986913.0
986913.0
986913.0
986913.0
986913.0
986913.0
986913.0
511061.0
682281.0
784367.0
857051.0
911053.0
944198.0
961301.0
967908.0
970325.0
970963.0
971198.0
971277.0
971290.0
971293.0
971294.0
971294.0
971294.0
971294.0
971294.0
971294.0
971294.0
971294.0
971294.0
971294.0
971294.0
971294.0
971294.0
971294.0
971294.0
971294.0
971294.0
971294.0
971294.0
971294.0
971294.0
971294.0
971294.0
971294.0
971294.0
971294.0
510715.0
684948.0
789428.0
864144.0
920187.0
954385.0
970676.0
977740.0
979991.0
980785.0
981057.0
981121.0
981156.0
981167.0
981171.0
981173.0
981173.0
981173.0
981173.0
981173.0
981173.0
981173.0
981173.0
981173.0
981173.0
981173.0
981173.0
981173.0
981173.0
981173.0
981173.0
981173.0
981173.0
981173.0
981173.0
981173.0
981173.0
981173.0
981173.0
981173.0
508308.0
676761.0
777004.0
847525.0
899502.0
931988.0
949049.0
955406.0
957506.0
958079.0
958275.0
958357.0
958384.0
958393.0
958395.0
958397.0
958398.0
958398.0
958398.0
958398.0
958398.0
958398.0
958398.0
958398.0
958398.0
958398.0
958398.0
958398.0
958398.0
958398.0
958398.0
958398.0
958398.0
958398.0
958398.0
958398.0
958398.0
958398.0
958398.0
958398.0
511167.0
685161.0
789681.0
865045.0
921054.0
955620.0
973265.0
980653.0
983246.0
984060.0
984310.0
984399.0
984447.0
984455.0
984458.0
984461.0
984462.0
984462.0
984462.0
984462.0
984462.0
984462.0
984462.0
984462.0
984462.0
984462.0
984462.0
984462.0
984462.0
984462.0
984462.0
984462.0
984462.0
984462.0
984462.0
984462.0
984462.0
984462.0
984462.0
984462.0
508349.0
675113.0
775279.0
845750.0
898188.0
930662.0
946924.0
953565.0
955942.0
956695.0
956944.0
957046.0
957084.0
957101.0
957104.0
957104.0
957104.0
957104.0
957104.0
957104.0
957104.0
957104.0
957104.0
957104.0
957104.0
957104.0
957104.0
957104.0
957104.0
957104.0
957104.0
957104.0
957104.0
957104.0
957104.0
957104.0
957104.0
957104.0
957104.0
957104.0
512004.0
687290.0
792487.0
866088.0
921608.0
954318.0
970940.0
977434.0
979539.0
980191.0
980430.0
980527.0
980543.0
980547.0
980548.0
980549.0
980549.0
980549.0
980549.0
980549.0
980549.0
980549.0
980549.0
980549.0
980549.0
980549.0
980549.0
980549.0
980549.0
980549.0
980549.0
980549.0
980549.0
980549.0
980549.0
980549.0
980549.0
980549.0
980549.0
980549.0
508196.0
674450.0
773424.0
843633.0
895641.0
927036.0
942619.0
949463.0
951626.0
952368.0
952574.0
952692.0
952721.0
952743.0
952744.0
952744.0
952744.0
952744.0
952744.0
952744.0
952744.0
952744.0
952744.0
952744.0
952744.0
952744.0
952744.0
952744.0
952744.0
952744.0
952744.0
952744.0
952744.0
952744.0
952744.0
952744.0
952744.0
952744.0
952744.0
952744.0
507147.0
673930.0
774035.0
845766.0
898627.0
930543.0
946650.0
953051.0
955449.0
956251.0
956492.0
956607.0
956655.0
956668.0
956671.0
956672.0
956673.0
956673.0
956673.0
956673.0
956673.0
956673.0
956673.0
956673.0
956673.0
956673.0
956673.0
956673.0
956673.0
956673.0
956673.0
956673.0
956673.0
956673.0
956673.0
956673.0
956673.0
956673.0
956673.0
956673.0
513210.0
690831.0
797465.0
875205.0
933466.0
969172.0
987184.0
994663.0
997145.0
997973.0
998233.0
998387.0
998409.0
998412.0
998415.0
998415.0
998415.0
998415.0
998415.0
998415.0
998415.0
998415.0
998415.0
998415.0
998415.0
998415.0
998415.0
998415.0
998415.0
998415.0
998415.0
998415.0
998415.0
998415.0
998415.0
998415.0
998415.0
998415.0
998415.0
998415.0
511051.0
684903.0
788257.0
861949.0
917020.0
950536.0
967654.0
974874.0
977353.0
978214.0
978489.0
978554.0
978573.0
978579.0
978582.0
978583.0
978583.0
978583.0
978583.0
978583.0
978583.0
978583.0
978583.0
978583.0
978583.0
978583.0
978583.0
978583.0
978583.0
978583.0
978583.0
978583.0
978583.0
978583.0
978583.0
978583.0
978583.0
978583.0
978583.0
978583.0
509407.0
677841.0
777257.0
848371.0
900969.0
933195.0
949745.0
956642.0
959061.0
959844.0
960103.0
960205.0
960222.0
960224.0
960225.0
960226.0
960226.0
960226.0
960226.0
960226.0
960226.0
960226.0
960226.0
960226.0
960226.0
960226.0
960226.0
960226.0
960226.0
960226.0
960226.0
960226.0
960226.0
960226.0
960226.0
960226.0
960226.0
960226.0
960226.0
960226.0
512264.0
687449.0
792350.0
866438.0
922108.0
957298.0
974675.0
981598.0
984061.0
984809.0
985078.0
985149.0
985169.0
985179.0
985183.0
985185.0
985186.0
985187.0
985187.0
985187.0
985187.0
985187.0
985187.0
985187.0
985187.0
985187.0
985187.0
985187.0
985187.0
985187.0
985187.0
985187.0
985187.0
985187.0
985187.0
985187.0
985187.0
985187.0
985187.0
985187.0
510228.0
683080.0
785150.0
856264.0
909433.0
941225.0
957426.0
963654.0
965759.0
966450.0
966691.0
966747.0
966760.0
966764.0
966764.0
966764.0
966764.0
966764.0
966764.0
966764.0
966764.0
966764.0
966764.0
966764.0
966764.0
966764.0
966764.0
966764.0
966764.0
966764.0
966764.0
966764.0
966764.0
966764.0
966764.0
966764.0
966764.0
966764.0
966764.0
966764.0
513491.0
690801.0
798291.0
875123.0
932509.0
968085.0
985829.0
992610.0
994810.0
995539.0
995789.0
995875.0
995893.0
995899.0
995900.0
995900.0
995900.0
995900.0
995900.0
995900.0
995900.0
995900.0
995900.0
995900.0
995900.0
995900.0
995900.0
995900.0
995900.0
995900.0
995900.0
995900.0
995900.0
995900.0
995900.0
995900.0
995900.0
995900.0
995900.0
995900.0
512523.0
688977.0
795243.0
871369.0
928344.0
963202.0
980456.0
987463.0
989635.0
990459.0
990743.0
990842.0
990870.0
990880.0
990883.0
990885.0
990885.0
990885.0
990885.0
990885.0
990885.0
990885.0
990885.0
990885.0
990885.0
990885.0
990885.0
990885.0
990885.0
990885.0
990885.0
990885.0
990885.0
990885.0
990885.0
990885.0
990885.0
990885.0
990885.0
990885.0
508032.0
675327.0
775975.0
848255.0
902287.0
934427.0
950557.0
957184.0
959754.0
960607.0
960898.0
960987.0
961016.0
961021.0
961021.0
961021.0
961021.0
961021.0
961021.0
961021.0
961021.0
961021.0
961021.0
961021.0
961021.0
961021.0
961021.0
961021.0
961021.0
961021.0
961021.0
961021.0
961021.0
961021.0
961021.0
961021.0
961021.0
961021.0
961021.0
961021.0
512204.0
688230.0
793274.0
869085.0
925722.0
961090.0
979095.0
986515.0
989066.0
989941.0
990172.0
990229.0
990250.0
990256.0
990257.0
990257.0
990257.0
990257.0
990257.0
990257.0
990257.0
990257.0
990257.0
990257.0
990257.0
990257.0
990257.0
990257.0
990257.0
990257.0
990257.0
990257.0
990257.0
990257.0
990257.0
990257.0
990257.0
990257.0
990257.0
990257.0
512717.0
687045.0
792562.0
867475.0
924714.0
959467.0
977250.0
985116.0
987725.0
988584.0
988857.0
988930.0
988959.0
988963.0
988963.0
988963.0
988963.0
988963.0
988963.0
988963.0
988963.0
988963.0
988963.0
988963.0
988963.0
988963.0
988963.0
988963.0
988963.0
988963.0
988963.0
988963.0
988963.0
988963.0
988963.0
988963.0
988963.0
988963.0
988963.0
988963.0
507855.0
675999.0
777123.0
849623.0
903907.0
937293.0
953727.0
960997.0
963395.0
964109.0
964289.0
964349.0
964363.0
964371.0
964374.0
964375.0
964376.0
964377.0
964378.0
964379.0
964379.0
964379.0
964379.0
964379.0
964379.0
964379.0
964379.0
964379.0
964379.0
964379.0
964379.0
964379.0
964379.0
964379.0
964379.0
964379.0
964379.0
964379.0
964379.0
964379.0
511850.0
685130.0
788275.0
860614.0
914733.0
946998.0
963083.0
969592.0
971920.0
972503.0
972717.0
972785.0
972826.0
972831.0
972834.0
972836.0
972838.0
972839.0
972840.0
972840.0
972840.0
972840.0
972840.0
972840.0
972840.0
972840.0
972840.0
972840.0
972840.0
972840.0
972840.0
972840.0
972840.0
972840.0
972840.0
972840.0
972840.0
972840.0
972840.0
972840.0
512744.0
688209.0
793031.0
866974.0
921021.0
954032.0
970406.0
976549.0
978694.0
979486.0
979723.0
979761.0
979789.0
979792.0
979792.0
979792.0
979792.0
979792.0
979792.0
979792.0
979792.0
979792.0
979792.0
979792.0
979792.0
979792.0
979792.0
979792.0
979792.0
979792.0
979792.0
979792.0
979792.0
979792.0
979792.0
979792.0
979792.0
979792.0
979792.0
979792.0
511520.0
686272.0
790576.0
863279.0
918763.0
952081.0
968964.0
975620.0
978041.0
978642.0
978834.0
978937.0
978959.0
978964.0
978966.0
978967.0
978968.0
978968.0
978968.0
978968.0
978968.0
978968.0
978968.0
978968.0
978968.0
978968.0
978968.0
978968.0
978968.0
978968.0
978968.0
978968.0
978968.0
978968.0
978968.0
978968.0
978968.0
978968.0
978968.0
978968.0
513479.0
691315.0
799635.0
876823.0
934440.0
970004.0
988647.0
995719.0
997975.0
998632.0
998851.0
998934.0
998963.0
998977.0
998982.0
998985.0
998986.0
998987.0
998988.0
998988.0
998988.0
998988.0
998988.0
998988.0
998988.0
998988.0
998988.0
998988.0
998988.0
998988.0
998988.0
998988.0
998988.0
998988.0
998988.0
998988.0
998988.0
998988.0
998988.0
998988.0
514094.0
693183.0
799365.0
874374.0
930110.0
964581.0
981874.0
989334.0
991781.0
992589.0
992854.0
992936.0
992955.0
992964.0
992967.0
992968.0
992969.0
992970.0
992970.0
992970.0
992970.0
992970.0
992970.0
992970.0
992970.0
992970.0
992970.0
992970.0
992970.0
992970.0
992970.0
992970.0
992970.0
992970.0
992970.0
992970.0
992970.0
992970.0
992970.0
992970.0
510558.0
684024.0
787404.0
859802.0
913533.0
946553.0
962799.0
969193.0
971151.0
971836.0
972065.0
972113.0
972159.0
972164.0
972166.0
972167.0
972167.0
972167.0
972167.0
972167.0
972167.0
972167.0
972167.0
972167.0
972167.0
972167.0
972167.0
972167.0
972167.0
972167.0
972167.0
972167.0
972167.0
972167.0
972167.0
972167.0
972167.0
972167.0
972167.0
972167.0
512858.0
688094.0
793615.0
869277.0
925384.0
960029.0
977923.0
985122.0
987652.0
988504.0
988830.0
988963.0
989004.0
989009.0
989011.0
989012.0
989013.0
989013.0
989013.0
989013.0
989013.0
989013.0
989013.0
989013.0
989013.0
989013.0
989013.0
989013.0
989013.0
989013.0
989013.0
989013.0
989013.0
989013.0
989013.0
989013.0
989013.0
989013.0
989013.0
989013.0
510957.0
683049.0
787081.0
860843.0
915313.0
949159.0
966443.0
972887.0
975113.0
975947.0
976173.0
976239.0
976251.0
976251.0
976251.0
976251.0
976251.0
976251.0
976251.0
976251.0
976251.0
976251.0
976251.0
976251.0
976251.0
976251.0
976251.0
976251.0
976251.0
976251.0
976251.0
976251.0
976251.0
976251.0
976251.0
976251.0
976251.0
976251.0
976251.0
976251.0
515770.0
698530.0
810120.0
889073.0
949826.0
987429.0
1006706.0
1014824.0
1017697.0
1018582.0
1018959.0
1019064.0
1019122.0
1019132.0
1019137.0
1019137.0
1019137.0
1019137.0
1019137.0
1019137.0
1019137.0
1019137.0
1019137.0
1019137.0
1019137.0
1019137.0
1019137.0
1019137.0
1019137.0
1019137.0
1019137.0
1019137.0
1019137.0
1019137.0
1019137.0
1019137.0
1019137.0
1019137.0
1019137.0
1019137.0
511352.0
688079.0
793864.0
868731.0
923872.0
957061.0
973782.0
980674.0
983205.0
983920.0
984157.0
984283.0
984304.0
984326.0
984328.0
984328.0
984328.0
984328.0
984328.0
984328.0
984328.0
984328.0
984328.0
984328.0
984328.0
984328.0
984328.0
984328.0
984328.0
984328.0
984328.0
984328.0
984328.0
984328.0
984328.0
984328.0
984328.0
984328.0
984328.0
984328.0
507233.0
673174.0
772249.0
841222.0
891922.0
922714.0
937811.0
944435.0
946637.0
947365.0
947693.0
947777.0
947794.0
947798.0
947799.0
947799.0
947799.0
947799.0
947799.0
947799.0
947799.0
947799.0
947799.0
947799.0
947799.0
947799.0
947799.0
947799.0
947799.0
947799.0
947799.0
947799.0
947799.0
947799.0
947799.0
947799.0
947799.0
947799.0
947799.0
947799.0
508338.0
676031.0
775686.0
846992.0
897275.0
927666.0
943056.0
949403.0
951438.0
951982.0
952246.0
952324.0
952348.0
952359.0
952364.0
952366.0
952367.0
952367.0
952367.0
952367.0
952367.0
952367.0
952367.0
952367.0
952367.0
952367.0
952367.0
952367.0
952367.0
952367.0
952367.0
952367.0
952367.0
952367.0
952367.0
952367.0
952367.0
952367.0
952367.0
952367.0
