2661510
3334360
3448290
3463690
3464750
3465320
3465320
3465320
3465320
3465320
3465320
3465320
3465320
3465320
3465320
3465320
3465320
3465320
3465320
3465320
3465320
3465320
3465320
3465320
3465320
3465320
3465320
3465320
3465320
3465320
3465320
3465320
3465320
3465320
3465320
3465320
3465320
3465320
3465320
3465320
2617250
3281240
3390290
3407990
3412550
3413150
3413150
3413150
3413150
3413150
3413150
3413150
3413150
3413150
3413150
3413150
3413150
3413150
3413150
3413150
3413150
3413150
3413150
3413150
3413150
3413150
3413150
3413150
3413150
3413150
3413150
3413150
3413150
3413150
3413150
3413150
3413150
3413150
3413150
3413150
2544680
3185510
3279580
3295690
3297730
3297730
3297730
3297730
3297730
3297730
3297730
3297730
3297730
3297730
3297730
3297730
3297730
3297730
3297730
3297730
3297730
3297730
3297730
3297730
3297730
3297730
3297730
3297730
3297730
3297730
3297730
3297730
3297730
3297730
3297730
3297730
3297730
3297730
3297730
3297730
2546490
3174280
3276030
3287410
3287470
3287470
3287470
3287470
3287470
3287470
3287470
3287470
3287470
3287470
3287470
3287470
3287470
3287470
3287470
3287470
3287470
3287470
3287470
3287470
3287470
3287470
3287470
3287470
3287470
3287470
3287470
3287470
3287470
3287470
3287470
3287470
3287470
3287470
3287470
3287470
2598950
3281190
3378340
3389450
3391660
3391670
3391670
3391670
3391670
3391670
3391670
3391670
3391670
3391670
3391670
3391670
3391670
3391670
3391670
3391670
3391670
3391670
3391670
3391670
3391670
3391670
3391670
3391670
3391670
3391670
3391670
3391670
3391670
3391670
3391670
3391670
3391670
3391670
3391670
3391670
2656150
3342600
3464390
3484840
3486530
3486530
3486530
3486530
3486530
3486530
3486530
3486530
3486530
3486530
3486530
3486530
3486530
3486530
3486530
3486530
3486530
3486530
3486530
3486530
3486530
3486530
3486530
3486530
3486530
3486530
3486530
3486530
3486530
3486530
3486530
3486530
3486530
3486530
3486530
3486530
2605200
3279320
3402080
3421680
3426430
3427030
3427040
3427040
3427040
3427040
3427040
3427040
3427040
3427040
3427040
3427040
3427040
3427040
3427040
3427040
3427040
3427040
3427040
3427040
3427040
3427040
3427040
3427040
3427040
3427040
3427040
3427040
3427040
3427040
3427040
3427040
3427040
3427040
3427040
3427040
2634910
3389740
3525780
3547360
3550760
3551660
3551660
3551660
3551660
3551660
3551660
3551660
3551660
3551660
3551660
3551660
3551660
3551660
3551660
3551660
3551660
3551660
3551660
3551660
3551660
3551660
3551660
3551660
3551660
3551660
3551660
3551660
3551660
3551660
3551660
3551660
3551660
3551660
3551660
3551660
2676490
3432860
3563680
3576310
3578830
3578830
3578830
3578830
3578830
3578830
3578830
3578830
3578830
3578830
3578830
3578830
3578830
3578830
3578830
3578830
3578830
3578830
3578830
3578830
3578830
3578830
3578830
3578830
3578830
3578830
3578830
3578830
3578830
3578830
3578830
3578830
3578830
3578830
3578830
3578830
2587860
3296400
3436210
3458260
3461320
3461860
3462360
3462360
3462360
3462360
3462360
3462360
3462360
3462360
3462360
3462360
3462360
3462360
3462360
3462360
3462360
3462360
3462360
3462360
3462360
3462360
3462360
3462360
3462360
3462360
3462360
3462360
3462360
3462360
3462360
3462360
3462360
3462360
3462360
3462360
2610690
3335960
3461320
3479460
3481620
3481620
3481620
3481620
3481620
3481620
3481620
3481620
3481620
3481620
3481620
3481620
3481620
3481620
3481620
3481620
3481620
3481620
3481620
3481620
3481620
3481620
3481620
3481620
3481620
3481620
3481620
3481620
3481620
3481620
3481620
3481620
3481620
3481620
3481620
3481620
2644730
3269300
3350010
3355210
3355290
3355300
3355300
3355300
3355300
3355300
3355300
3355300
3355300
3355300
3355300
3355300
3355300
3355300
3355300
3355300
3355300
3355300
3355300
3355300
3355300
3355300
3355300
3355300
3355300
3355300
3355300
3355300
3355300
3355300
3355300
3355300
3355300
3355300
3355300
3355300
2611520
3277880
3398650
3416990
3419560
3419580
3419580
3419580
3419580
3419580
3419580
3419580
3419580
3419580
3419580
3419580
3419580
3419580
3419580
3419580
3419580
3419580
3419580
3419580
3419580
3419580
3419580
3419580
3419580
3419580
3419580
3419580
3419580
3419580
3419580
3419580
3419580
3419580
3419580
3419580
2699930
3405500
3516520
3527440
3527560
3527560
3527560
3527560
3527560
3527560
3527560
3527560
3527560
3527560
3527560
3527560
3527560
3527560
3527560
3527560
3527560
3527560
3527560
3527560
3527560
3527560
3527560
3527560
3527560
3527560
3527560
3527560
3527560
3527560
3527560
3527560
3527560
3527560
3527560
3527560
2680160
3347720
3466390
3486570
3490400
3490980
3490990
3490990
3490990
3490990
3490990
3490990
3490990
3490990
3490990
3490990
3490990
3490990
3490990
3490990
3490990
3490990
3490990
3490990
3490990
3490990
3490990
3490990
3490990
3490990
3490990
3490990
3490990
3490990
3490990
3490990
3490990
3490990
3490990
3490990
2602670
3307480
3419990
3434290
3437980
3437990
3437990
3437990
3437990
3437990
3437990
3437990
3437990
3437990
3437990
3437990
3437990
3437990
3437990
3437990
3437990
3437990
3437990
3437990
3437990
3437990
3437990
3437990
3437990
3437990
3437990
3437990
3437990
3437990
3437990
3437990
3437990
3437990
3437990
3437990
2560550
3210360
3312920
3324390
3326160
3326160
3326160
3326160
3326160
3326160
3326160
3326160
3326160
3326160
3326160
3326160
3326160
3326160
3326160
3326160
3326160
3326160
3326160
3326160
3326160
3326160
3326160
3326160
3326160
3326160
3326160
3326160
3326160
3326160
3326160
3326160
3326160
3326160
3326160
3326160
2606640
3253590
3355970
3369320
3371040
3371630
3371640
3371640
3371640
3371640
3371640
3371640
3371640
3371640
3371640
3371640
3371640
3371640
3371640
3371640
3371640
3371640
3371640
3371640
3371640
3371640
3371640
3371640
3371640
3371640
3371640
3371640
3371640
3371640
3371640
3371640
3371640
3371640
3371640
3371640
2627720
3317190
3430220
3444310
3445530
3445560
3445560
3445560
3445560
3445560
3445560
3445560
3445560
3445560
3445560
3445560
3445560
3445560
3445560
3445560
3445560
3445560
3445560
3445560
3445560
3445560
3445560
3445560
3445560
3445560
3445560
3445560
3445560
3445560
3445560
3445560
3445560
3445560
3445560
3445560
2610540
3311870
3448470
3469600
3472330
3472350
3472350
3472350
3472350
3472350
3472350
3472350
3472350
3472350
3472350
3472350
3472350
3472350
3472350
3472350
3472350
3472350
3472350
3472350
3472350
3472350
3472350
3472350
3472350
3472350
3472350
3472350
3472350
3472350
3472350
3472350
3472350
3472350
3472350
3472350
2661280
3338590
3441990
3454430
3455630
3455670
3455670
3455670
3455670
3455670
3455670
3455670
3455670
3455670
3455670
3455670
3455670
3455670
3455670
3455670
3455670
3455670
3455670
3455670
3455670
3455670
3455670
3455670
3455670
3455670
3455670
3455670
3455670
3455670
3455670
3455670
3455670
3455670
3455670
3455670
2551610
3206920
3330550
3347070
3349210
3349240
3349240
3349240
3349240
3349240
3349240
3349240
3349240
3349240
3349240
3349240
3349240
3349240
3349240
3349240
3349240
3349240
3349240
3349240
3349240
3349240
3349240
3349240
3349240
3349240
3349240
3349240
3349240
3349240
3349240
3349240
3349240
3349240
3349240
3349240
2671760
3369190
3496570
3515250
3518610
3518690
3518690
3518690
3518690
3518690
3518690
3518690
3518690
3518690
3518690
3518690
3518690
3518690
3518690
3518690
3518690
3518690
3518690
3518690
3518690
3518690
3518690
3518690
3518690
3518690
3518690
3518690
3518690
3518690
3518690
3518690
3518690
3518690
3518690
3518690
2591920
3199540
3294770
3304120
3305760
3305780
3305780
3305780
3305780
3305780
3305780
3305780
3305780
3305780
3305780
3305780
3305780
3305780
3305780
3305780
3305780
3305780
3305780
3305780
3305780
3305780
3305780
3305780
3305780
3305780
3305780
3305780
3305780
3305780
3305780
3305780
3305780
3305780
3305780
3305780
2684740
3421750
3554880
3575340
3579520
3580050
3580050
3580050
3580050
3580050
3580050
3580050
3580050
3580050
3580050
3580050
3580050
3580050
3580050
3580050
3580050
3580050
3580050
3580050
3580050
3580050
3580050
3580050
3580050
3580050
3580050
3580050
3580050
3580050
3580050
3580050
3580050
3580050
3580050
3580050
2623510
3322490
3449470
3472270
3477910
3480300
3481820
3482370
3482380
3482380
3482380
3482380
3482380
3482380
3482380
3482380
3482380
3482380
3482380
3482380
3482380
3482380
3482380
3482380
3482380
3482380
3482380
3482380
3482380
3482380
3482380
3482380
3482380
3482380
3482380
3482380
3482380
3482380
3482380
3482380
2582390
3258240
3370650
3380710
3382250
3382740
3382740
3382740
3382740
3382740
3382740
3382740
3382740
3382740
3382740
3382740
3382740
3382740
3382740
3382740
3382740
3382740
3382740
3382740
3382740
3382740
3382740
3382740
3382740
3382740
3382740
3382740
3382740
3382740
3382740
3382740
3382740
3382740
3382740
3382740
2629920
3281940
3381250
3395120
3396110
3396120
3396120
3396120
3396120
3396120
3396120
3396120
3396120
3396120
3396120
3396120
3396120
3396120
3396120
3396120
3396120
3396120
3396120
3396120
3396120
3396120
3396120
3396120
3396120
3396120
3396120
3396120
3396120
3396120
3396120
3396120
3396120
3396120
3396120
3396120
2633730
3265200
3359150
3374100
3375670
3376240
3376790
3376790
3376790
3376790
3376790
3376790
3376790
3376790
3376790
3376790
3376790
3376790
3376790
3376790
3376790
3376790
3376790
3376790
3376790
3376790
3376790
3376790
3376790
3376790
3376790
3376790
3376790
3376790
3376790
3376790
3376790
3376790
3376790
3376790
2656280
3335900
3459840
3474960
3475670
3475680
3475680
3475680
3475680
3475680
3475680
3475680
3475680
3475680
3475680
3475680
3475680
3475680
3475680
3475680
3475680
3475680
3475680
3475680
3475680
3475680
3475680
3475680
3475680
3475680
3475680
3475680
3475680
3475680
3475680
3475680
3475680
3475680
3475680
3475680
2629610
3263060
3368410
3387020
3388110
3388120
3388120
3388120
3388120
3388120
3388120
3388120
3388120
3388120
3388120
3388120
3388120
3388120
3388120
3388120
3388120
3388120
3388120
3388120
3388120
3388120
3388120
3388120
3388120
3388120
3388120
3388120
3388120
3388120
3388120
3388120
3388120
3388120
3388120
3388120
2652670
3366420
3498080
3518760
3520530
3520570
3520580
3520590
3520600
3520600
3520600
3520600
3520600
3520600
3520600
3520600
3520600
3520600
3520600
3520600
3520600
3520600
3520600
3520600
3520600
3520600
3520600
3520600
3520600
3520600
3520600
3520600
3520600
3520600
3520600
3520600
3520600
3520600
3520600
3520600
2564810
3235950
3347610
3363870
3367250
3367310
3367310
3367310
3367310
3367310
3367310
3367310
3367310
3367310
3367310
3367310
3367310
3367310
3367310
3367310
3367310
3367310
3367310
3367310
3367310
3367310
3367310
3367310
3367310
3367310
3367310
3367310
3367310
3367310
3367310
3367310
3367310
3367310
3367310
3367310
2566020
3198400
3291590
3301060
3302140
3302160
3302160
3302160
3302160
3302160
3302160
3302160
3302160
3302160
3302160
3302160
3302160
3302160
3302160
3302160
3302160
3302160
3302160
3302160
3302160
3302160
3302160
3302160
3302160
3302160
3302160
3302160
3302160
3302160
3302160
3302160
3302160
3302160
3302160
3302160
2593410
3193460
3278470
3288300
3289910
3289910
3289910
3289910
3289910
3289910
3289910
3289910
3289910
3289910
3289910
3289910
3289910
3289910
3289910
3289910
3289910
3289910
3289910
3289910
3289910
3289910
3289910
3289910
3289910
3289910
3289910
3289910
3289910
3289910
3289910
3289910
3289910
3289910
3289910
3289910
2584470
3171420
3258220
3267660
3268810
3268830
3268840
3268840
3268840
3268840
3268840
3268840
3268840
3268840
3268840
3268840
3268840
3268840
3268840
3268840
3268840
3268840
3268840
3268840
3268840
3268840
3268840
3268840
3268840
3268840
3268840
3268840
3268840
3268840
3268840
3268840
3268840
3268840
3268840
3268840
2594350
3228190
3329790
3342350
3342940
3342950
3342950
3342950
3342950
3342950
3342950
3342950
3342950
3342950
3342950
3342950
3342950
3342950
3342950
3342950
3342950
3342950
3342950
3342950
3342950
3342950
3342950
3342950
3342950
3342950
3342950
3342950
3342950
3342950
3342950
3342950
3342950
3342950
3342950
3342950
2546020
3176900
3269910
3285340
3287490
3288540
3288540
3288540
3288540
3288540
3288540
3288540
3288540
3288540
3288540
3288540
3288540
3288540
3288540
3288540
3288540
3288540
3288540
3288540
3288540
3288540
3288540
3288540
3288540
3288540
3288540
3288540
3288540
3288540
3288540
3288540
3288540
3288540
3288540
3288540
2627890
3301000
3409130
3426930
3429560
3429570
3429570
3429570
3429570
3429570
3429570
3429570
3429570
3429570
3429570
3429570
3429570
3429570
3429570
3429570
3429570
3429570
3429570
3429570
3429570
3429570
3429570
3429570
3429570
3429570
3429570
3429570
3429570
3429570
3429570
3429570
3429570
3429570
3429570
3429570
2542720
3192020
3297650
3313030
3315610
3315630
3315630
3315630
3315630
3315630
3315630
3315630
3315630
3315630
3315630
3315630
3315630
3315630
3315630
3315630
3315630
3315630
3315630
3315630
3315630
3315630
3315630
3315630
3315630
3315630
3315630
3315630
3315630
3315630
3315630
3315630
3315630
3315630
3315630
3315630
2460740
3069950
3177900
3192890
3193970
3193970
3193970
3193970
3193970
3193970
3193970
3193970
3193970
3193970
3193970
3193970
3193970
3193970
3193970
3193970
3193970
3193970
3193970
3193970
3193970
3193970
3193970
3193970
3193970
3193970
3193970
3193970
3193970
3193970
3193970
3193970
3193970
3193970
3193970
3193970
2557240
3180920
3284880
3297090
3300030
3300940
3300940
3300940
3300940
3300940
3300940
3300940
3300940
3300940
3300940
3300940
3300940
3300940
3300940
3300940
3300940
3300940
3300940
3300940
3300940
3300940
3300940
3300940
3300940
3300940
3300940
3300940
3300940
3300940
3300940
3300940
3300940
3300940
3300940
3300940
2660450
3337900
3448910
3462560
3464770
3464770
3464770
3464770
3464770
3464770
3464770
3464770
3464770
3464770
3464770
3464770
3464770
3464770
3464770
3464770
3464770
3464770
3464770
3464770
3464770
3464770
3464770
3464770
3464770
3464770
3464770
3464770
3464770
3464770
3464770
3464770
3464770
3464770
3464770
3464770
2527930
3157460
3266230
3284000
3288450
3288460
3288460
3288460
3288460
3288460
3288460
3288460
3288460
3288460
3288460
3288460
3288460
3288460
3288460
3288460
3288460
3288460
3288460
3288460
3288460
3288460
3288460
3288460
3288460
3288460
3288460
3288460
3288460
3288460
3288460
3288460
3288460
3288460
3288460
3288460
2682190
3302840
3385910
3394300
3394330
3394330
3394330
3394330
3394330
3394330
3394330
3394330
3394330
3394330
3394330
3394330
3394330
3394330
3394330
3394330
3394330
3394330
3394330
3394330
3394330
3394330
3394330
3394330
3394330
3394330
3394330
3394330
3394330
3394330
3394330
3394330
3394330
3394330
3394330
3394330
2622810
3308800
3410350
3424880
3426640
3426650
3426650
3426650
3426650
3426650
3426650
3426650
3426650
3426650
3426650
3426650
3426650
3426650
3426650
3426650
3426650
3426650
3426650
3426650
3426650
3426650
3426650
3426650
3426650
3426650
3426650
3426650
3426650
3426650
3426650
3426650
3426650
3426650
3426650
3426650
2624710
3302950
3441790
3459550
3461720
3461730
3461730
3461730
3461730
3461730
3461730
3461730
3461730
3461730
3461730
3461730
3461730
3461730
3461730
3461730
3461730
3461730
3461730
3461730
3461730
3461730
3461730
3461730
3461730
3461730
3461730
3461730
3461730
3461730
3461730
3461730
3461730
3461730
3461730
3461730
2673340
3356710
3462460
3477590
3480720
3480790
3480820
3480820
3480820
3480820
3480820
3480820
3480820
3480820
3480820
3480820
3480820
3480820
3480820
3480820
3480820
3480820
3480820
3480820
3480820
3480820
3480820
3480820
3480820
3480820
3480820
3480820
3480820
3480820
3480820
3480820
3480820
3480820
3480820
3480820
2581200
3278600
3415560
3433910
3436520
3436530
3436540
3436540
3436540
3436540
3436540
3436540
3436540
3436540
3436540
3436540
3436540
3436540
3436540
3436540
3436540
3436540
3436540
3436540
3436540
3436540
3436540
3436540
3436540
3436540
3436540
3436540
3436540
3436540
3436540
3436540
3436540
3436540
3436540
3436540
2625320
3287760
3391990
3408680
3410400
3410410
3410410
3410410
3410410
3410410
3410410
3410410
3410410
3410410
3410410
3410410
3410410
3410410
3410410
3410410
3410410
3410410
3410410
3410410
3410410
3410410
3410410
3410410
3410410
3410410
3410410
3410410
3410410
3410410
3410410
3410410
3410410
3410410
3410410
3410410
2564060
3188750
3287670
3301040
3302070
3302550
3302550
3302550
3302550
3302550
3302550
3302550
3302550
3302550
3302550
3302550
3302550
3302550
3302550
3302550
3302550
3302550
3302550
3302550
3302550
3302550
3302550
3302550
3302550
3302550
3302550
3302550
3302550
3302550
3302550
3302550
3302550
3302550
3302550
3302550
2528750
3181440
3299330
3318430
3321580
3321580
3321580
3321580
3321580
3321580
3321580
3321580
3321580
3321580
3321580
3321580
3321580
3321580
3321580
3321580
3321580
3321580
3321580
3321580
3321580
3321580
3321580
3321580
3321580
3321580
3321580
3321580
3321580
3321580
3321580
3321580
3321580
3321580
3321580
3321580
2537770
3213860
3329960
3347150
3349800
3349800
3349800
3349800
3349800
3349800
3349800
3349800
3349800
3349800
3349800
3349800
3349800
3349800
3349800
3349800
3349800
3349800
3349800
3349800
3349800
3349800
3349800
3349800
3349800
3349800
3349800
3349800
3349800
3349800
3349800
3349800
3349800
3349800
3349800
3349800
2563180
3162250
3246970
3257070
3258570
3259080
3259080
3259080
3259080
3259080
3259080
3259080
3259080
3259080
3259080
3259080
3259080
3259080
3259080
3259080
3259080
3259080
3259080
3259080
3259080
3259080
3259080
3259080
3259080
3259080
3259080
3259080
3259080
3259080
3259080
3259080
3259080
3259080
3259080
3259080
2537090
3173880
3281040
3294550
3297880
3298420
3298420
3298420
3298420
3298420
3298420
3298420
3298420
3298420
3298420
3298420
3298420
3298420
3298420
3298420
3298420
3298420
3298420
3298420
3298420
3298420
3298420
3298420
3298420
3298420
3298420
3298420
3298420
3298420
3298420
3298420
3298420
3298420
3298420
3298420
2604850
3281360
3403110
3420730
3421980
3422580
3423120
3423120
3423120
3423120
3423120
3423120
3423120
3423120
3423120
3423120
3423120
3423120
3423120
3423120
3423120
3423120
3423120
3423120
3423120
3423120
3423120
3423120
3423120
3423120
3423120
3423120
3423120
3423120
3423120
3423120
3423120
3423120
3423120
3423120
2604390
3216570
3305070
3308270
3308330
3308330
3308330
3308330
3308330
3308330
3308330
3308330
3308330
3308330
3308330
3308330
3308330
3308330
3308330
3308330
3308330
3308330
3308330
3308330
3308330
3308330
3308330
3308330
3308330
3308330
3308330
3308330
3308330
3308330
3308330
3308330
3308330
3308330
3308330
3308330
2754480
3522710
3654720
3673070
3674200
3674200
3674200
3674200
3674200
3674200
3674200
3674200
3674200
3674200
3674200
3674200
3674200
3674200
3674200
3674200
3674200
3674200
3674200
3674200
3674200
3674200
3674200
3674200
3674200
3674200
3674200
3674200
3674200
3674200
3674200
3674200
3674200
3674200
3674200
3674200
2588350
3229390
3331200
3341690
3343320
3343320
3343320
3343320
3343320
3343320
3343320
3343320
3343320
3343320
3343320
3343320
3343320
3343320
3343320
3343320
3343320
3343320
3343320
3343320
3343320
3343320
3343320
3343320
3343320
3343320
3343320
3343320
3343320
3343320
3343320
3343320
3343320
3343320
3343320
3343320
2625040
3371290
3506040
3524170
3526340
3526870
3526870
3526870
3526870
3526870
3526870
3526870
3526870
3526870
3526870
3526870
3526870
3526870
3526870
3526870
3526870
3526870
3526870
3526870
3526870
3526870
3526870
3526870
3526870
3526870
3526870
3526870
3526870
3526870
3526870
3526870
3526870
3526870
3526870
3526870
2652850
3396820
3550210
3575520
3580460
3581540
3581540
3581540
3581540
3581540
3581540
3581540
3581540
3581540
3581540
3581540
3581540
3581540
3581540
3581540
3581540
3581540
3581540
3581540
3581540
3581540
3581540
3581540
3581540
3581540
3581540
3581540
3581540
3581540
3581540
3581540
3581540
3581540
3581540
3581540
2656400
3409390
3563690
3587190
3590440
3590460
3590480
3590480
3590480
3590480
3590480
3590480
3590480
3590480
3590480
3590480
3590480
3590480
3590480
3590480
3590480
3590480
3590480
3590480
3590480
3590480
3590480
3590480
3590480
3590480
3590480
3590480
3590480
3590480
3590480
3590480
3590480
3590480
3590480
3590480
2610750
3257550
3350960
3361400
3361950
3361950
3361950
3361950
3361950
3361950
3361950
3361950
3361950
3361950
3361950
3361950
3361950
3361950
3361950
3361950
3361950
3361950
3361950
3361950
3361950
3361950
3361950
3361950
3361950
3361950
3361950
3361950
3361950
3361950
3361950
3361950
3361950
3361950
3361950
3361950
2576720
3244040
3351010
3364300
3365960
3365970
3365970
3365970
3365970
3365970
3365970
3365970
3365970
3365970
3365970
3365970
3365970
3365970
3365970
3365970
3365970
3365970
3365970
3365970
3365970
3365970
3365970
3365970
3365970
3365970
3365970
3365970
3365970
3365970
3365970
3365970
3365970
3365970
3365970
3365970
2587790
3242710
3370320
3392600
3397330
3398350
3398350
3398350
3398350
3398350
3398350
3398350
3398350
3398350
3398350
3398350
3398350
3398350
3398350
3398350
3398350
3398350
3398350
3398350
3398350
3398350
3398350
3398350
3398350
3398350
3398350
3398350
3398350
3398350
3398350
3398350
3398350
3398350
3398350
3398350
2668650
3376260
3495270
3513840
3514540
3514550
3514550
3514550
3514550
3514550
3514550
3514550
3514550
3514550
3514550
3514550
3514550
3514550
3514550
3514550
3514550
3514550
3514550
3514550
3514550
3514550
3514550
3514550
3514550
3514550
3514550
3514550
3514550
3514550
3514550
3514550
3514550
3514550
3514550
3514550
2606010
3332430
3467220
3485500
3488060
3489140
3489150
3489150
3489150
3489150
3489150
3489150
3489150
3489150
3489150
3489150
3489150
3489150
3489150
3489150
3489150
3489150
3489150
3489150
3489150
3489150
3489150
3489150
3489150
3489150
3489150
3489150
3489150
3489150
3489150
3489150
3489150
3489150
3489150
3489150
2576860
3157580
3227250
3234050
3234140
3234140
3234140
3234140
3234140
3234140
3234140
3234140
3234140
3234140
3234140
3234140
3234140
3234140
3234140
3234140
3234140
3234140
3234140
3234140
3234140
3234140
3234140
3234140
3234140
3234140
3234140
3234140
3234140
3234140
3234140
3234140
3234140
3234140
3234140
3234140
2672370
3301740
3395740
3405880
3406400
3406400
3406400
3406400
3406400
3406400
3406400
3406400
3406400
3406400
3406400
3406400
3406400
3406400
3406400
3406400
3406400
3406400
3406400
3406400
3406400
3406400
3406400
3406400
3406400
3406400
3406400
3406400
3406400
3406400
3406400
3406400
3406400
3406400
3406400
3406400
2607480
3317620
3446060
3468100
3471580
3472090
3472090
3472090
3472090
3472090
3472090
3472090
3472090
3472090
3472090
3472090
3472090
3472090
3472090
3472090
3472090
3472090
3472090
3472090
3472090
3472090
3472090
3472090
3472090
3472090
3472090
3472090
3472090
3472090
3472090
3472090
3472090
3472090
3472090
3472090
2615080
3295080
3405320
3421820
3424030
3424060
3424070
3424070
3424070
3424070
3424070
3424070
3424070
3424070
3424070
3424070
3424070
3424070
3424070
3424070
3424070
3424070
3424070
3424070
3424070
3424070
3424070
3424070
3424070
3424070
3424070
3424070
3424070
3424070
3424070
3424070
3424070
3424070
3424070
3424070
2590070
3231750
3326660
3337140
3338590
3338590
3338590
3338590
3338590
3338590
3338590
3338590
3338590
3338590
3338590
3338590
3338590
3338590
3338590
3338590
3338590
3338590
3338590
3338590
3338590
3338590
3338590
3338590
3338590
3338590
3338590
3338590
3338590
3338590
3338590
3338590
3338590
3338590
3338590
3338590
2549170
3174020
3282950
3297780
3298970
3299010
3299020
3299020
3299020
3299020
3299020
3299020
3299020
3299020
3299020
3299020
3299020
3299020
3299020
3299020
3299020
3299020
3299020
3299020
3299020
3299020
3299020
3299020
3299020
3299020
3299020
3299020
3299020
3299020
3299020
3299020
3299020
3299020
3299020
3299020
2628470
3301610
3414370
3426230
3427400
3427400
3427400
3427400
3427400
3427400
3427400
3427400
3427400
3427400
3427400
3427400
3427400
3427400
3427400
3427400
3427400
3427400
3427400
3427400
3427400
3427400
3427400
3427400
3427400
3427400
3427400
3427400
3427400
3427400
3427400
3427400
3427400
3427400
3427400
3427400
2556440
3219590
3322410
3335220
3337210
3338280
3338280
3338280
3338280
3338280
3338280
3338280
3338280
3338280
3338280
3338280
3338280
3338280
3338280
3338280
3338280
3338280
3338280
3338280
3338280
3338280
3338280
3338280
3338280
3338280
3338280
3338280
3338280
3338280
3338280
3338280
3338280
3338280
3338280
3338280
2636890
3290000
3396950
3413900
3414610
3414610
3414610
3414610
3414610
3414610
3414610
3414610
3414610
3414610
3414610
3414610
3414610
3414610
3414610
3414610
3414610
3414610
3414610
3414610
3414610
3414610
3414610
3414610
3414610
3414610
3414610
3414610
3414610
3414610
3414610
3414610
3414610
3414610
3414610
3414610
2652030
3365650
3503080
3522320
3524980
3525000
3525000
3525000
3525000
3525000
3525000
3525000
3525000
3525000
3525000
3525000
3525000
3525000
3525000
3525000
3525000
3525000
3525000
3525000
3525000
3525000
3525000
3525000
3525000
3525000
3525000
3525000
3525000
3525000
3525000
3525000
3525000
3525000
3525000
3525000
2637100
3254600
3363510
3381180
3382300
3382810
3382810
3382810
3382810
3382810
3382810
3382810
3382810
3382810
3382810
3382810
3382810
3382810
3382810
3382810
3382810
3382810
3382810
3382810
3382810
3382810
3382810
3382810
3382810
3382810
3382810
3382810
3382810
3382810
3382810
3382810
3382810
3382810
3382810
3382810
2631730
3339040
3472320
3491890
3493620
3494150
3494150
3494150
3494150
3494150
3494150
3494150
3494150
3494150
3494150
3494150
3494150
3494150
3494150
3494150
3494150
3494150
3494150
3494150
3494150
3494150
3494150
3494150
3494150
3494150
3494150
3494150
3494150
3494150
3494150
3494150
3494150
3494150
3494150
3494150
2708890
3473720
3631260
3666130
3671870
3672920
3672920
3672920
3672920
3672920
3672920
3672920
3672920
3672920
3672920
3672920
3672920
3672920
3672920
3672920
3672920
3672920
3672920
3672920
3672920
3672920
3672920
3672920
3672920
3672920
3672920
3672920
3672920
3672920
3672920
3672920
3672920
3672920
3672920
3672920
2550550
3190880
3291110
3303640
3304850
3304860
3304860
3304860
3304860
3304860
3304860
3304860
3304860
3304860
3304860
3304860
3304860
3304860
3304860
3304860
3304860
3304860
3304860
3304860
3304860
3304860
3304860
3304860
3304860
3304860
3304860
3304860
3304860
3304860
3304860
3304860
3304860
3304860
3304860
3304860
2582130
3336120
3470860
3487540
3489190
3489200
3489200
3489200
3489200
3489200
3489200
3489200
3489200
3489200
3489200
3489200
3489200
3489200
3489200
3489200
3489200
3489200
3489200
3489200
3489200
3489200
3489200
3489200
3489200
3489200
3489200
3489200
3489200
3489200
3489200
3489200
3489200
3489200
3489200
3489200
2669220
3419210
3564030
3586760
3588420
3588420
3588420
3588420
3588420
3588420
3588420
3588420
3588420
3588420
3588420
3588420
3588420
3588420
3588420
3588420
3588420
3588420
3588420
3588420
3588420
3588420
3588420
3588420
3588420
3588420
3588420
3588420
3588420
3588420
3588420
3588420
3588420
3588420
3588420
3588420
2721000
3474250
3612140
3631360
3636380
3636900
3636900
3636900
3636900
3636900
3636900
3636900
3636900
3636900
3636900
3636900
3636900
3636900
3636900
3636900
3636900
3636900
3636900
3636900
3636900
3636900
3636900
3636900
3636900
3636900
3636900
3636900
3636900
3636900
3636900
3636900
3636900
3636900
3636900
3636900
2627980
3436760
3596860
3623240
3624900
3624910
3624910
3624910
3624910
3624910
3624910
3624910
3624910
3624910
3624910
3624910
3624910
3624910
3624910
3624910
3624910
3624910
3624910
3624910
3624910
3624910
3624910
3624910
3624910
3624910
3624910
3624910
3624910
3624910
3624910
3624910
3624910
3624910
3624910
3624910
2590100
3230050
3330750
3343360
3343990
3343990
3343990
3343990
3343990
3343990
3343990
3343990
3343990
3343990
3343990
3343990
3343990
3343990
3343990
3343990
3343990
3343990
3343990
3343990
3343990
3343990
3343990
3343990
3343990
3343990
3343990
3343990
3343990
3343990
3343990
3343990
3343990
3343990
3343990
3343990
2614600
3294800
3407920
3418670
3419370
3419370
3419370
3419370
3419370
3419370
3419370
3419370
3419370
3419370
3419370
3419370
3419370
3419370
3419370
3419370
3419370
3419370
3419370
3419370
3419370
3419370
3419370
3419370
3419370
3419370
3419370
3419370
3419370
3419370
3419370
3419370
3419370
3419370
3419370
3419370
2634130
3319050
3441040
3457290
3459110
3459120
3459120
3459120
3459120
3459120
3459120
3459120
3459120
3459120
3459120
3459120
3459120
3459120
3459120
3459120
3459120
3459120
3459120
3459120
3459120
3459120
3459120
3459120
3459120
3459120
3459120
3459120
3459120
3459120
3459120
3459120
3459120
3459120
3459120
3459120
2615220
3272200
3379770
3392930
3395950
3397450
3397990
3397990
3397990
3397990
3397990
3397990
3397990
3397990
3397990
3397990
3397990
3397990
3397990
3397990
3397990
3397990
3397990
3397990
3397990
3397990
3397990
3397990
3397990
3397990
3397990
3397990
3397990
3397990
3397990
3397990
3397990
3397990
3397990
3397990
2601010
3256370
3363780
3381810
3384130
3384670
3384680
3384680
3384680
3384680
3384680
3384680
3384680
3384680
3384680
3384680
3384680
3384680
3384680
3384680
3384680
3384680
3384680
3384680
3384680
3384680
3384680
3384680
3384680
3384680
3384680
3384680
3384680
3384680
3384680
3384680
3384680
3384680
3384680
3384680
2593280
3251170
3351600
3364060
3364670
3364680
3364680
3364680
3364680
3364680
3364680
3364680
3364680
3364680
3364680
3364680
3364680
3364680
3364680
3364680
3364680
3364680
3364680
3364680
3364680
3364680
3364680
3364680
3364680
3364680
3364680
3364680
3364680
3364680
3364680
3364680
3364680
3364680
3364680
3364680
2582140
3271000
3402140
3423560
3426700
3426710
3426710
3426710
3426710
3426710
3426710
3426710
3426710
3426710
3426710
3426710
3426710
3426710
3426710
3426710
3426710
3426710
3426710
3426710
3426710
3426710
3426710
3426710
3426710
3426710
3426710
3426710
3426710
3426710
3426710
3426710
3426710
3426710
3426710
3426710
2760040
3532060
3654200
3674060
3674650
3674650
3674650
3674650
3674650
3674650
3674650
3674650
3674650
3674650
3674650
3674650
3674650
3674650
3674650
3674650
3674650
3674650
3674650
3674650
3674650
3674650
3674650
3674650
3674650
3674650
3674650
3674650
3674650
3674650
3674650
3674650
3674650
3674650
3674650
3674650
2609280
3310140
3419150
3435110
3435690
3436240
3436240
3436240
3436240
3436240
3436240
3436240
3436240
3436240
3436240
3436240
3436240
3436240
3436240
3436240
3436240
3436240
3436240
3436240
3436240
3436240
3436240
3436240
3436240
3436240
3436240
3436240
3436240
3436240
3436240
3436240
3436240
3436240
3436240
3436240
2640150
3357650
3482120
3500760
3501930
3501930
3501930
3501930
3501930
3501930
3501930
3501930
3501930
3501930
3501930
3501930
3501930
3501930
3501930
3501930
3501930
3501930
3501930
3501930
3501930
3501930
3501930
3501930
3501930
3501930
3501930
3501930
3501930
3501930
3501930
3501930
3501930
3501930
3501930
3501930
2630240
3246580
3333140
3342550
3343220
3343220
3343220
3343220
3343220
3343220
3343220
3343220
3343220
3343220
3343220
3343220
3343220
3343220
3343220
3343220
3343220
3343220
3343220
3343220
3343220
3343220
3343220
3343220
3343220
3343220
3343220
3343220
3343220
3343220
3343220
3343220
3343220
3343220
3343220
3343220
2550890
3257070
3382960
3395980
3397490
3397500
3397510
3397510
3397510
3397510
3397510
3397510
3397510
3397510
3397510
3397510
3397510
3397510
3397510
3397510
3397510
3397510
3397510
3397510
3397510
3397510
3397510
3397510
3397510
3397510
3397510
3397510
3397510
3397510
3397510
3397510
3397510
3397510
3397510
3397510
2595800
3249920
3368860
3383250
3383900
3383920
3383920
3383920
3383920
3383920
3383920
3383920
3383920
3383920
3383920
3383920
3383920
3383920
3383920
3383920
3383920
3383920
3383920
3383920
3383920
3383920
3383920
3383920
3383920
3383920
3383920
3383920
3383920
3383920
3383920
3383920
3383920
3383920
3383920
3383920
2538860
3237470
3359250
3372690
3373750
3374280
3374280
3374280
3374280
3374280
3374280
3374280
3374280
3374280
3374280
3374280
3374280
3374280
3374280
3374280
3374280
3374280
3374280
3374280
3374280
3374280
3374280
3374280
3374280
3374280
3374280
3374280
3374280
3374280
3374280
3374280
3374280
3374280
3374280
3374280
2633900
3308640
3426780
3443120
3444870
3444890
3444890
3444890
3444890
3444890
3444890
3444890
3444890
3444890
3444890
3444890
3444890
3444890
3444890
3444890
3444890
3444890
3444890
3444890
3444890
3444890
3444890
3444890
3444890
3444890
3444890
3444890
3444890
3444890
3444890
3444890
3444890
3444890
3444890
3444890
2601810
3301080
3416760
3430540
3432620
3433160
3433160
3433160
3433160
3433160
3433160
3433160
3433160
3433160
3433160
3433160
3433160
3433160
3433160
3433160
3433160
3433160
3433160
3433160
3433160
3433160
3433160
3433160
3433160
3433160
3433160
3433160
3433160
3433160
3433160
3433160
3433160
3433160
3433160
3433160
2643100
3235850
3324670
3335430
3336530
3337020
3337020
3337020
3337020
3337020
3337020
3337020
3337020
3337020
3337020
3337020
3337020
3337020
3337020
3337020
3337020
3337020
3337020
3337020
3337020
3337020
3337020
3337020
3337020
3337020
3337020
3337020
3337020
3337020
3337020
3337020
3337020
3337020
3337020
3337020
2576820
3232140
3331830
3339950
3340480
3340480
3340480
3340480
3340480
3340480
3340480
3340480
3340480
3340480
3340480
3340480
3340480
3340480
3340480
3340480
3340480
3340480
3340480
3340480
3340480
3340480
3340480
3340480
3340480
3340480
3340480
3340480
3340480
3340480
3340480
3340480
3340480
3340480
3340480
3340480
2591380
3232040
3320540
3330520
3331680
3331680
3331680
3331680
3331680
3331680
3331680
3331680
3331680
3331680
3331680
3331680
3331680
3331680
3331680
3331680
3331680
3331680
3331680
3331680
3331680
3331680
3331680
3331680
3331680
3331680
3331680
3331680
3331680
3331680
3331680
3331680
3331680
3331680
3331680
3331680
2614190
3283110
3396450
3408760
3410380
3410390
3410390
3410390
3410390
3410390
3410390
3410390
3410390
3410390
3410390
3410390
3410390
3410390
3410390
3410390
3410390
3410390
3410390
3410390
3410390
3410390
3410390
3410390
3410390
3410390
3410390
3410390
3410390
3410390
3410390
3410390
3410390
3410390
3410390
3410390
2672080
3406040
3535200
3551940
3553100
3553110
3553110
3553110
3553110
3553110
3553110
3553110
3553110
3553110
3553110
3553110
3553110
3553110
3553110
3553110
3553110
3553110
3553110
3553110
3553110
3553110
3553110
3553110
3553110
3553110
3553110
3553110
3553110
3553110
3553110
3553110
3553110
3553110
3553110
3553110
2515960
3124980
3211690
3220450
3221570
3221580
3221580
3221580
3221580
3221580
3221580
3221580
3221580
3221580
3221580
3221580
3221580
3221580
3221580
3221580
3221580
3221580
3221580
3221580
3221580
3221580
3221580
3221580
3221580
3221580
3221580
3221580
3221580
3221580
3221580
3221580
3221580
3221580
3221580
3221580
2606630
3310890
3438140
3454780
3456020
3456030
3456030
3456030
3456030
3456030
3456030
3456030
3456030
3456030
3456030
3456030
3456030
3456030
3456030
3456030
3456030
3456030
3456030
3456030
3456030
3456030
3456030
3456030
3456030
3456030
3456030
3456030
3456030
3456030
3456030
3456030
3456030
3456030
3456030
3456030
2464930
3001360
3078240
3086840
3087450
3087450
3087450
3087450
3087450
3087450
3087450
3087450
3087450
3087450
3087450
3087450
3087450
3087450
3087450
3087450
3087450
3087450
3087450
3087450
3087450
3087450
3087450
3087450
3087450
3087450
3087450
3087450
3087450
3087450
3087450
3087450
3087450
3087450
3087450
3087450
2626540
3361710
3490680
3510050
3512230
3512720
3512720
3512720
3512720
3512720
3512720
3512720
3512720
3512720
3512720
3512720
3512720
3512720
3512720
3512720
3512720
3512720
3512720
3512720
3512720
3512720
3512720
3512720
3512720
3512720
3512720
3512720
3512720
3512720
3512720
3512720
3512720
3512720
3512720
3512720
2530210
3128390
3230310
3246960
3249150
3249170
3249170
3249170
3249170
3249170
3249170
3249170
3249170
3249170
3249170
3249170
3249170
3249170
3249170
3249170
3249170
3249170
3249170
3249170
3249170
3249170
3249170
3249170
3249170
3249170
3249170
3249170
3249170
3249170
3249170
3249170
3249170
3249170
3249170
3249170
2672100
3349260
3453610
3465660
3467280
3467790
3467790
3467790
3467790
3467790
3467790
3467790
3467790
3467790
3467790
3467790
3467790
3467790
3467790
3467790
3467790
3467790
3467790
3467790
3467790
3467790
3467790
3467790
3467790
3467790
3467790
3467790
3467790
3467790
3467790
3467790
3467790
3467790
3467790
3467790
2699550
3447110
3579670
3597460
3601150
3601180
3601180
3601180
3601180
3601180
3601180
3601180
3601180
3601180
3601180
3601180
3601180
3601180
3601180
3601180
3601180
3601180
3601180
3601180
3601180
3601180
3601180
3601180
3601180
3601180
3601180
3601180
3601180
3601180
3601180
3601180
3601180
3601180
3601180
3601180
2539100
3240450
3360570
3381850
3384560
3385120
3385120
3385120
3385120
3385120
3385120
3385120
3385120
3385120
3385120
3385120
3385120
3385120
3385120
3385120
3385120
3385120
3385120
3385120
3385120
3385120
3385120
3385120
3385120
3385120
3385120
3385120
3385120
3385120
3385120
3385120
3385120
3385120
3385120
3385120
2538260
3229160
3358870
3381220
3384580
3385610
3385610
3385610
3385610
3385610
3385610
3385610
3385610
3385610
3385610
3385610
3385610
3385610
3385610
3385610
3385610
3385610
3385610
3385610
3385610
3385610
3385610
3385610
3385610
3385610
3385610
3385610
3385610
3385610
3385610
3385610
3385610
3385610
3385610
3385610
2579400
3235930
3354990
3368390
3369020
3369030
3369040
3369040
3369040
3369040
3369040
3369040
3369040
3369040
3369040
3369040
3369040
3369040
3369040
3369040
3369040
3369040
3369040
3369040
3369040
3369040
3369040
3369040
3369040
3369040
3369040
3369040
3369040
3369040
3369040
3369040
3369040
3369040
3369040
3369040
2712510
3411100
3534140
3553950
3557090
3557110
3557120
3557120
3557120
3557120
3557120
3557120
3557120
3557120
3557120
3557120
3557120
3557120
3557120
3557120
3557120
3557120
3557120
3557120
3557120
3557120
3557120
3557120
3557120
3557120
3557120
3557120
3557120
3557120
3557120
3557120
3557120
3557120
3557120
3557120
2607980
3300790
3429240
3447690
3450760
3450790
3450790
3450790
3450790
3450790
3450790
3450790
3450790
3450790
3450790
3450790
3450790
3450790
3450790
3450790
3450790
3450790
3450790
3450790
3450790
3450790
3450790
3450790
3450790
3450790
3450790
3450790
3450790
3450790
3450790
3450790
3450790
3450790
3450790
3450790
2532130
3183090
3297960
3311190
3312790
3313330
3313840
3313840
3313840
3313840
3313840
3313840
3313840
3313840
3313840
3313840
3313840
3313840
3313840
3313840
3313840
3313840
3313840
3313840
3313840
3313840
3313840
3313840
3313840
3313840
3313840
3313840
3313840
3313840
3313840
3313840
3313840
3313840
3313840
3313840
2540270
3221720
3337480
3348350
3349060
3349060
3349060
3349060
3349060
3349060
3349060
3349060
3349060
3349060
3349060
3349060
3349060
3349060
3349060
3349060
3349060
3349060
3349060
3349060
3349060
3349060
3349060
3349060
3349060
3349060
3349060
3349060
3349060
3349060
3349060
3349060
3349060
3349060
3349060
3349060
2611600
3273240
3373610
3385310
3385940
3385950
3385950
3385950
3385950
3385950
3385950
3385950
3385950
3385950
3385950
3385950
3385950
3385950
3385950
3385950
3385950
3385950
3385950
3385950
3385950
3385950
3385950
3385950
3385950
3385950
3385950
3385950
3385950
3385950
3385950
3385950
3385950
3385950
3385950
3385950
2502500
3157980
3264370
3278870
3281290
3281320
3281320
3281320
3281320
3281320
3281320
3281320
3281320
3281320
3281320
3281320
3281320
3281320
3281320
3281320
3281320
3281320
3281320
3281320
3281320
3281320
3281320
3281320
3281320
3281320
3281320
3281320
3281320
3281320
3281320
3281320
3281320
3281320
3281320
3281320
2654050
3286920
3387070
3400480
3403000
3403030
3403030
3403030
3403030
3403030
3403030
3403030
3403030
3403030
3403030
3403030
3403030
3403030
3403030
3403030
3403030
3403030
3403030
3403030
3403030
3403030
3403030
3403030
3403030
3403030
3403030
3403030
3403030
3403030
3403030
3403030
3403030
3403030
3403030
3403030
2560420
3204510
3324290
3341980
3344990
3345010
3345010
3345010
3345010
3345010
3345010
3345010
3345010
3345010
3345010
3345010
3345010
3345010
3345010
3345010
3345010
3345010
3345010
3345010
3345010
3345010
3345010
3345010
3345010
3345010
3345010
3345010
3345010
3345010
3345010
3345010
3345010
3345010
3345010
3345010
2584100
3311460
3439910
3459620
3460830
3461380
3461380
3461380
3461380
3461380
3461380
3461380
3461380
3461380
3461380
3461380
3461380
3461380
3461380
3461380
3461380
3461380
3461380
3461380
3461380
3461380
3461380
3461380
3461380
3461380
3461380
3461380
3461380
3461380
3461380
3461380
3461380
3461380
3461380
3461380
2695220
3388640
3496990
3509060
3511170
3511700
3511700
3511700
3511700
3511700
3511700
3511700
3511700
3511700
3511700
3511700
3511700
3511700
3511700
3511700
3511700
3511700
3511700
3511700
3511700
3511700
3511700
3511700
3511700
3511700
3511700
3511700
3511700
3511700
3511700
3511700
3511700
3511700
3511700
3511700
2655510
3279420
3359100
3368610
3370250
3370760
3370760
3370760
3370760
3370760
3370760
3370760
3370760
3370760
3370760
3370760
3370760
3370760
3370760
3370760
3370760
3370760
3370760
3370760
3370760
3370760
3370760
3370760
3370760
3370760
3370760
3370760
3370760
3370760
3370760
3370760
3370760
3370760
3370760
3370760
2627630
3242640
3322400
3330470
3330560
3330560
3330560
3330560
3330560
3330560
3330560
3330560
3330560
3330560
3330560
3330560
3330560
3330560
3330560
3330560
3330560
3330560
3330560
3330560
3330560
3330560
3330560
3330560
3330560
3330560
3330560
3330560
3330560
3330560
3330560
3330560
3330560
3330560
3330560
3330560
2678210
3351020
3466910
3478070
3479120
3479560
3479560
3479560
3479560
3479560
3479560
3479560
3479560
3479560
3479560
3479560
3479560
3479560
3479560
3479560
3479560
3479560
3479560
3479560
3479560
3479560
3479560
3479560
3479560
3479560
3479560
3479560
3479560
3479560
3479560
3479560
3479560
3479560
3479560
3479560
2608340
3297190
3411920
3432890
3434590
3434610
3434630
3434630
3434630
3434630
3434630
3434630
3434630
3434630
3434630
3434630
3434630
3434630
3434630
3434630
3434630
3434630
3434630
3434630
3434630
3434630
3434630
3434630
3434630
3434630
3434630
3434630
3434630
3434630
3434630
3434630
3434630
3434630
3434630
3434630
2674240
3398170
3525170
3536690
3536830
3536850
3536860
3536860
3536860
3536860
3536860
3536860
3536860
3536860
3536860
3536860
3536860
3536860
3536860
3536860
3536860
3536860
3536860
3536860
3536860
3536860
3536860
3536860
3536860
3536860
3536860
3536860
3536860
3536860
3536860
3536860
3536860
3536860
3536860
3536860
2616280
3244360
3345510
3357940
3358100
3358130
3358130
3358130
3358130
3358130
3358130
3358130
3358130
3358130
3358130
3358130
3358130
3358130
3358130
3358130
3358130
3358130
3358130
3358130
3358130
3358130
3358130
3358130
3358130
3358130
3358130
3358130
3358130
3358130
3358130
3358130
3358130
3358130
3358130
3358130
2548350
3223840
3334580
3347790
3348970
3348970
3348970
3348970
3348970
3348970
3348970
3348970
3348970
3348970
3348970
3348970
3348970
3348970
3348970
3348970
3348970
3348970
3348970
3348970
3348970
3348970
3348970
3348970
3348970
3348970
3348970
3348970
3348970
3348970
3348970
3348970
3348970
3348970
3348970
3348970
2594150
3216860
3310020
3319420
3320010
3320020
3320020
3320020
3320020
3320020
3320020
3320020
3320020
3320020
3320020
3320020
3320020
3320020
3320020
3320020
3320020
3320020
3320020
3320020
3320020
3320020
3320020
3320020
3320020
3320020
3320020
3320020
3320020
3320020
3320020
3320020
3320020
3320020
3320020
3320020
2585610
3259240
3371710
3394040
3395130
3395140
3395140
3395140
3395140
3395140
3395140
3395140
3395140
3395140
3395140
3395140
3395140
3395140
3395140
3395140
3395140
3395140
3395140
3395140
3395140
3395140
3395140
3395140
3395140
3395140
3395140
3395140
3395140
3395140
3395140
3395140
3395140
3395140
3395140
3395140
2568990
3192800
3286420
3300600
3301200
3301200
3301200
3301200
3301200
3301200
3301200
3301200
3301200
3301200
3301200
3301200
3301200
3301200
3301200
3301200
3301200
3301200
3301200
3301200
3301200
3301200
3301200
3301200
3301200
3301200
3301200
3301200
3301200
3301200
3301200
3301200
3301200
3301200
3301200
3301200
2648950
3349200
3466260
3487330
3490730
3490740
3490750
3490750
3490750
3490750
3490750
3490750
3490750
3490750
3490750
3490750
3490750
3490750
3490750
3490750
3490750
3490750
3490750
3490750
3490750
3490750
3490750
3490750
3490750
3490750
3490750
3490750
3490750
3490750
3490750
3490750
3490750
3490750
3490750
3490750
2569600
3168010
3266250
3279770
3281040
3281050
3281050
3281050
3281050
3281050
3281050
3281050
3281050
3281050
3281050
3281050
3281050
3281050
3281050
3281050
3281050
3281050
3281050
3281050
3281050
3281050
3281050
3281050
3281050
3281050
3281050
3281050
3281050
3281050
3281050
3281050
3281050
3281050
3281050
3281050
2592510
3301880
3425100
3441290
3442580
3442600
3442610
3442610
3442610
3442610
3442610
3442610
3442610
3442610
3442610
3442610
3442610
3442610
3442610
3442610
3442610
3442610
3442610
3442610
3442610
3442610
3442610
3442610
3442610
3442610
3442610
3442610
3442610
3442610
3442610
3442610
3442610
3442610
3442610
3442610
2639140
3318710
3431240
3443530
3445580
3445580
3445580
3445580
3445580
3445580
3445580
3445580
3445580
3445580
3445580
3445580
3445580
3445580
3445580
3445580
3445580
3445580
3445580
3445580
3445580
3445580
3445580
3445580
3445580
3445580
3445580
3445580
3445580
3445580
3445580
3445580
3445580
3445580
3445580
3445580
2601680
3250640
3353840
3366400
3366990
3366990
3366990
3366990
3366990
3366990
3366990
3366990
3366990
3366990
3366990
3366990
3366990
3366990
3366990
3366990
3366990
3366990
3366990
3366990
3366990
3366990
3366990
3366990
3366990
3366990
3366990
3366990
3366990
3366990
3366990
3366990
3366990
3366990
3366990
3366990
2618700
3312200
3445070
3462740
3464810
3464810
3464810
3464810
3464810
3464810
3464810
3464810
3464810
3464810
3464810
3464810
3464810
3464810
3464810
3464810
3464810
3464810
3464810
3464810
3464810
3464810
3464810
3464810
3464810
3464810
3464810
3464810
3464810
3464810
3464810
3464810
3464810
3464810
3464810
3464810
2592640
3240370
3347840
3361710
3363240
3363250
3363250
3363250
3363250
3363250
3363250
3363250
3363250
3363250
3363250
3363250
3363250
3363250
3363250
3363250
3363250
3363250
3363250
3363250
3363250
3363250
3363250
3363250
3363250
3363250
3363250
3363250
3363250
3363250
3363250
3363250
3363250
3363250
3363250
3363250
2588080
3239880
3350780
3367850
3370440
3370970
3370980
3370980
3370980
3370980
3370980
3370980
3370980
3370980
3370980
3370980
3370980
3370980
3370980
3370980
3370980
3370980
3370980
3370980
3370980
3370980
3370980
3370980
3370980
3370980
3370980
3370980
3370980
3370980
3370980
3370980
3370980
3370980
3370980
3370980
2675420
3403920
3531190
3547470
3548200
3548240
3548240
3548240
3548240
3548240
3548240
3548240
3548240
3548240
3548240
3548240
3548240
3548240
3548240
3548240
3548240
3548240
3548240
3548240
3548240
3548240
3548240
3548240
3548240
3548240
3548240
3548240
3548240
3548240
3548240
3548240
3548240
3548240
3548240
3548240
2652230
3436540
3585740
3606980
3609190
3609210
3609210
3609210
3609210
3609210
3609210
3609210
3609210
3609210
3609210
3609210
3609210
3609210
3609210
3609210
3609210
3609210
3609210
3609210
3609210
3609210
3609210
3609210
3609210
3609210
3609210
3609210
3609210
3609210
3609210
3609210
3609210
3609210
3609210
3609210
2579800
3295630
3435070
3456250
3459330
3459880
3460370
3460380
3460380
3460380
3460380
3460380
3460380
3460380
3460380
3460380
3460380
3460380
3460380
3460380
3460380
3460380
3460380
3460380
3460380
3460380
3460380
3460380
3460380
3460380
3460380
3460380
3460380
3460380
3460380
3460380
3460380
3460380
3460380
3460380
2612990
3325670
3456550
3471750
3473480
3474060
3474060
3474060
3474060
3474060
3474060
3474060
3474060
3474060
3474060
3474060
3474060
3474060
3474060
3474060
3474060
3474060
3474060
3474060
3474060
3474060
3474060
3474060
3474060
3474060
3474060
3474060
3474060
3474060
3474060
3474060
3474060
3474060
3474060
3474060
2626650
3298550
3397270
3408370
3410520
3410540
3410540
3410540
3410540
3410540
3410540
3410540
3410540
3410540
3410540
3410540
3410540
3410540
3410540
3410540
3410540
3410540
3410540
3410540
3410540
3410540
3410540
3410540
3410540
3410540
3410540
3410540
3410540
3410540
3410540
3410540
3410540
3410540
3410540
3410540
2637810
3320270
3426030
3440670
3442430
3442440
3442440
3442440
3442440
3442440
3442440
3442440
3442440
3442440
3442440
3442440
3442440
3442440
3442440
3442440
3442440
3442440
3442440
3442440
3442440
3442440
3442440
3442440
3442440
3442440
3442440
3442440
3442440
3442440
3442440
3442440
3442440
3442440
3442440
3442440
2555000
3204100
3316120
3330720
3332920
3332920
3332920
3332920
3332920
3332920
3332920
3332920
3332920
3332920
3332920
3332920
3332920
3332920
3332920
3332920
3332920
3332920
3332920
3332920
3332920
3332920
3332920
3332920
3332920
3332920
3332920
3332920
3332920
3332920
3332920
3332920
3332920
3332920
3332920
3332920
2611840
3278050
3391280
3405640
3406400
3406450
3406450
3406450
3406450
3406450
3406450
3406450
3406450
3406450
3406450
3406450
3406450
3406450
3406450
3406450
3406450
3406450
3406450
3406450
3406450
3406450
3406450
3406450
3406450
3406450
3406450
3406450
3406450
3406450
3406450
3406450
3406450
3406450
3406450
3406450
2647290
3325440
3436990
3454390
3454540
3454560
3454560
3454560
3454560
3454560
3454560
3454560
3454560
3454560
3454560
3454560
3454560
3454560
3454560
3454560
3454560
3454560
3454560
3454560
3454560
3454560
3454560
3454560
3454560
3454560
3454560
3454560
3454560
3454560
3454560
3454560
3454560
3454560
3454560
3454560
2603710
3226150
3298480
3304770
3304820
3304820
3304820
3304820
3304820
3304820
3304820
3304820
3304820
3304820
3304820
3304820
3304820
3304820
3304820
3304820
3304820
3304820
3304820
3304820
3304820
3304820
3304820
3304820
3304820
3304820
3304820
3304820
3304820
3304820
3304820
3304820
3304820
3304820
3304820
3304820
2603820
3294950
3421980
3446120
3448410
3448890
3448890
3448890
3448890
3448890
3448890
3448890
3448890
3448890
3448890
3448890
3448890
3448890
3448890
3448890
3448890
3448890
3448890
3448890
3448890
3448890
3448890
3448890
3448890
3448890
3448890
3448890
3448890
3448890
3448890
3448890
3448890
3448890
3448890
3448890
2664190
3332680
3440550
3459860
3463000
3463530
3463530
3463530
3463530
3463530
3463530
3463530
3463530
3463530
3463530
3463530
3463530
3463530
3463530
3463530
3463530
3463530
3463530
3463530
3463530
3463530
3463530
3463530
3463530
3463530
3463530
3463530
3463530
3463530
3463530
3463530
3463530
3463530
3463530
3463530
2652800
3321750
3417010
3430310
3431380
3431900
3431900
3431900
3431900
3431900
3431900
3431900
3431900
3431900
3431900
3431900
3431900
3431900
3431900
3431900
3431900
3431900
3431900
3431900
3431900
3431900
3431900
3431900
3431900
3431900
3431900
3431900
3431900
3431900
3431900
3431900
3431900
3431900
3431900
3431900
2560040
3185070
3278870
3292150
3293210
3293210
3293210
3293210
3293210
3293210
3293210
3293210
3293210
3293210
3293210
3293210
3293210
3293210
3293210
3293210
3293210
3293210
3293210
3293210
3293210
3293210
3293210
3293210
3293210
3293210
3293210
3293210
3293210
3293210
3293210
3293210
3293210
3293210
3293210
3293210
2560590
3165490
3243150
3252120
3252160
3252160
3252160
3252160
3252160
3252160
3252160
3252160
3252160
3252160
3252160
3252160
3252160
3252160
3252160
3252160
3252160
3252160
3252160
3252160
3252160
3252160
3252160
3252160
3252160
3252160
3252160
3252160
3252160
3252160
3252160
3252160
3252160
3252160
3252160
3252160
2670120
3415670
3550180
3568490
3571450
3572060
3572060
3572060
3572060
3572060
3572060
3572060
3572060
3572060
3572060
3572060
3572060
3572060
3572060
3572060
3572060
3572060
3572060
3572060
3572060
3572060
3572060
3572060
3572060
3572060
3572060
3572060
3572060
3572060
3572060
3572060
3572060
3572060
3572060
3572060
2588360
3246740
3356360
3370750
3372420
3372430
3372430
3372430
3372430
3372430
3372430
3372430
3372430
3372430
3372430
3372430
3372430
3372430
3372430
3372430
3372430
3372430
3372430
3372430
3372430
3372430
3372430
3372430
3372430
3372430
3372430
3372430
3372430
3372430
3372430
3372430
3372430
3372430
3372430
3372430
2557350
3165030
3254580
3267860
3268470
3268480
3268480
3268480
3268480
3268480
3268480
3268480
3268480
3268480
3268480
3268480
3268480
3268480
3268480
3268480
3268480
3268480
3268480
3268480
3268480
3268480
3268480
3268480
3268480
3268480
3268480
3268480
3268480
3268480
3268480
3268480
3268480
3268480
3268480
3268480
2607680
3204930
3285470
3296010
3297710
3297710
3297710
3297710
3297710
3297710
3297710
3297710
3297710
3297710
3297710
3297710
3297710
3297710
3297710
3297710
3297710
3297710
3297710
3297710
3297710
3297710
3297710
3297710
3297710
3297710
3297710
3297710
3297710
3297710
3297710
3297710
3297710
3297710
3297710
3297710
2702740
3459850
3605310
3633530
3636610
3636630
3636640
3636640
3636640
3636640
3636640
3636640
3636640
3636640
3636640
3636640
3636640
3636640
3636640
3636640
3636640
3636640
3636640
3636640
3636640
3636640
3636640
3636640
3636640
3636640
3636640
3636640
3636640
3636640
3636640
3636640
3636640
3636640
3636640
3636640
2662570
3354520
3477100
3493410
3494570
3494600
3494600
3494600
3494600
3494600
3494600
3494600
3494600
3494600
3494600
3494600
3494600
3494600
3494600
3494600
3494600
3494600
3494600
3494600
3494600
3494600
3494600
3494600
3494600
3494600
3494600
3494600
3494600
3494600
3494600
3494600
3494600
3494600
3494600
3494600
2683440
3412180
3551890
3568690
3570360
3570370
3570370
3570370
3570370
3570370
3570370
3570370
3570370
3570370
3570370
3570370
3570370
3570370
3570370
3570370
3570370
3570370
3570370
3570370
3570370
3570370
3570370
3570370
3570370
3570370
3570370
3570370
3570370
3570370
3570370
3570370
3570370
3570370
3570370
3570370
2598550
3243550
3356260
3371830
3373420
3373440
3373440
3373440
3373440
3373440
3373440
3373440
3373440
3373440
3373440
3373440
3373440
3373440
3373440
3373440
3373440
3373440
3373440
3373440
3373440
3373440
3373440
3373440
3373440
3373440
3373440
3373440
3373440
3373440
3373440
3373440
3373440
3373440
3373440
3373440
2575750
3234910
3347340
3362000
3363060
3363060
3363060
3363060
3363060
3363060
3363060
3363060
3363060
3363060
3363060
3363060
3363060
3363060
3363060
3363060
3363060
3363060
3363060
3363060
3363060
3363060
3363060
3363060
3363060
3363060
3363060
3363060
3363060
3363060
3363060
3363060
3363060
3363060
3363060
3363060
2594670
3203510
3303130
3314680
3315300
3315310
3315310
3315310
3315310
3315310
3315310
3315310
3315310
3315310
3315310
3315310
3315310
3315310
3315310
3315310
3315310
3315310
3315310
3315310
3315310
3315310
3315310
3315310
3315310
3315310
3315310
3315310
3315310
3315310
3315310
3315310
3315310
3315310
3315310
3315310
2628000
3357850
3479740
3497910
3499720
3499730
3499730
3499730
3499730
3499730
3499730
3499730
3499730
3499730
3499730
3499730
3499730
3499730
3499730
3499730
3499730
3499730
3499730
3499730
3499730
3499730
3499730
3499730
3499730
3499730
3499730
3499730
3499730
3499730
3499730
3499730
3499730
3499730
3499730
3499730
2622390
3288010
3395540
3407190
3407260
3407260
3407260
3407260
3407260
3407260
3407260
3407260
3407260
3407260
3407260
3407260
3407260
3407260
3407260
3407260
3407260
3407260
3407260
3407260
3407260
3407260
3407260
3407260
3407260
3407260
3407260
3407260
3407260
3407260
3407260
3407260
3407260
3407260
3407260
3407260
2465690
3060500
3166480
3178180
3178820
3178830
3178830
3178830
3178830
3178830
3178830
3178830
3178830
3178830
3178830
3178830
3178830
3178830
3178830
3178830
3178830
3178830
3178830
3178830
3178830
3178830
3178830
3178830
3178830
3178830
3178830
3178830
3178830
3178830
3178830
3178830
3178830
3178830
3178830
3178830
2708980
3350500
3436590
3445510
3446610
3446620
3446620
3446620
3446620
3446620
3446620
3446620
3446620
3446620
3446620
3446620
3446620
3446620
3446620
3446620
3446620
3446620
3446620
3446620
3446620
3446620
3446620
3446620
3446620
3446620
3446620
3446620
3446620
3446620
3446620
3446620
3446620
3446620
3446620
3446620
2637430
3312370
3431140
3448060
3449220
3449220
3449220
3449220
3449220
3449220
3449220
3449220
3449220
3449220
3449220
3449220
3449220
3449220
3449220
3449220
3449220
3449220
3449220
3449220
3449220
3449220
3449220
3449220
3449220
3449220
3449220
3449220
3449220
3449220
3449220
3449220
3449220
3449220
3449220
3449220
2557120
3183180
3299070
3317580
3318770
3318770
3318770
3318770
3318770
3318770
3318770
3318770
3318770
3318770
3318770
3318770
3318770
3318770
3318770
3318770
3318770
3318770
3318770
3318770
3318770
3318770
3318770
3318770
3318770
3318770
3318770
3318770
3318770
3318770
3318770
3318770
3318770
3318770
3318770
3318770
2544370
3148610
3253000
3266280
3267430
3267440
3267440
3267440
3267440
3267440
3267440
3267440
3267440
3267440
3267440
3267440
3267440
3267440
3267440
3267440
3267440
3267440
3267440
3267440
3267440
3267440
3267440
3267440
3267440
3267440
3267440
3267440
3267440
3267440
3267440
3267440
3267440
3267440
3267440
3267440
2540510
3157010
3247970
3263560
3264140
3264150
3264160
3264160
3264160
3264160
3264160
3264160
3264160
3264160
3264160
3264160
3264160
3264160
3264160
3264160
3264160
3264160
3264160
3264160
3264160
3264160
3264160
3264160
3264160
3264160
3264160
3264160
3264160
3264160
3264160
3264160
3264160
3264160
3264160
3264160
2470420
3080340
3169350
3178480
3179120
3179120
3179120
3179120
3179120
3179120
3179120
3179120
3179120
3179120
3179120
3179120
3179120
3179120
3179120
3179120
3179120
3179120
3179120
3179120
3179120
3179120
3179120
3179120
3179120
3179120
3179120
3179120
3179120
3179120
3179120
3179120
3179120
3179120
3179120
3179120
2587640
3236270
3349740
3366060
3367670
3367700
3367710
3367710
3367710
3367710
3367710
3367710
3367710
3367710
3367710
3367710
3367710
3367710
3367710
3367710
3367710
3367710
3367710
3367710
3367710
3367710
3367710
3367710
3367710
3367710
3367710
3367710
3367710
3367710
3367710
3367710
3367710
3367710
3367710
3367710
2603100
3327280
3468210
3490500
3492500
3492560
3492570
3492570
3492570
3492570
3492570
3492570
3492570
3492570
3492570
3492570
3492570
3492570
3492570
3492570
3492570
3492570
3492570
3492570
3492570
3492570
3492570
3492570
3492570
3492570
3492570
3492570
3492570
3492570
3492570
3492570
3492570
3492570
3492570
3492570
2619250
3286050
3393050
3407110
3409280
3409790
3409790
3409790
3409790
3409790
3409790
3409790
3409790
3409790
3409790
3409790
3409790
3409790
3409790
3409790
3409790
3409790
3409790
3409790
3409790
3409790
3409790
3409790
3409790
3409790
3409790
3409790
3409790
3409790
3409790
3409790
3409790
3409790
3409790
3409790
2593530
3288520
3424510
3452320
3456980
3457950
3457950
3457950
3457950
3457950
3457950
3457950
3457950
3457950
3457950
3457950
3457950
3457950
3457950
3457950
3457950
3457950
3457950
3457950
3457950
3457950
3457950
3457950
3457950
3457950
3457950
3457950
3457950
3457950
3457950
3457950
3457950
3457950
3457950
3457950
2627930
3329480
3463310
3490760
3495120
3495650
3495660
3495660
3495660
3495660
3495660
3495660
3495660
3495660
3495660
3495660
3495660
3495660
3495660
3495660
3495660
3495660
3495660
3495660
3495660
3495660
3495660
3495660
3495660
3495660
3495660
3495660
3495660
3495660
3495660
3495660
3495660
3495660
3495660
3495660
2582190
3256400
3357370
3365010
3366100
3367060
3367060
3367060
3367060
3367060
3367060
3367060
3367060
3367060
3367060
3367060
3367060
3367060
3367060
3367060
3367060
3367060
3367060
3367060
3367060
3367060
3367060
3367060
3367060
3367060
3367060
3367060
3367060
3367060
3367060
3367060
3367060
3367060
3367060
3367060
2581280
3299790
3425600
3443410
3444530
3444550
3444550
3444550
3444550
3444550
3444550
3444550
3444550
3444550
3444550
3444550
3444550
3444550
3444550
3444550
3444550
3444550
3444550
3444550
3444550
3444550
3444550
3444550
3444550
3444550
3444550
3444550
3444550
3444550
3444550
3444550
3444550
3444550
3444550
3444550
2698350
3441680
3575310
3590710
3592460
3593010
3593010
3593010
3593010
3593010
3593010
3593010
3593010
3593010
3593010
3593010
3593010
3593010
3593010
3593010
3593010
3593010
3593010
3593010
3593010
3593010
3593010
3593010
3593010
3593010
3593010
3593010
3593010
3593010
3593010
3593010
3593010
3593010
3593010
3593010
2618980
3391820
3546930
3572750
3575990
3576980
3577520
3577520
3577520
3577520
3577520
3577520
3577520
3577520
3577520
3577520
3577520
3577520
3577520
3577520
3577520
3577520
3577520
3577520
3577520
3577520
3577520
3577520
3577520
3577520
3577520
3577520
3577520
3577520
3577520
3577520
3577520
3577520
3577520
3577520
2577430
3203000
3290180
3298690
3298750
3298760
3298760
3298760
3298760
3298760
3298760
3298760
3298760
3298760
3298760
3298760
3298760
3298760
3298760
3298760
3298760
3298760
3298760
3298760
3298760
3298760
3298760
3298760
3298760
3298760
3298760
3298760
3298760
3298760
3298760
3298760
3298760
3298760
3298760
3298760
2570140
3250880
3367270
3388800
3392780
3394380
3394380
3394380
3394380
3394380
3394380
3394380
3394380
3394380
3394380
3394380
3394380
3394380
3394380
3394380
3394380
3394380
3394380
3394380
3394380
3394380
3394380
3394380
3394380
3394380
3394380
3394380
3394380
3394380
3394380
3394380
3394380
3394380
3394380
3394380
2638630
3292320
3395020
3413250
3416950
3416970
3416970
3416970
3416970
3416970
3416970
3416970
3416970
3416970
3416970
3416970
3416970
3416970
3416970
3416970
3416970
3416970
3416970
3416970
3416970
3416970
3416970
3416970
3416970
3416970
3416970
3416970
3416970
3416970
3416970
3416970
3416970
3416970
3416970
3416970
2608010
3327820
3454760
3474290
3478540
3478560
3478560
3478560
3478560
3478560
3478560
3478560
3478560
3478560
3478560
3478560
3478560
3478560
3478560
3478560
3478560
3478560
3478560
3478560
3478560
3478560
3478560
3478560
3478560
3478560
3478560
3478560
3478560
3478560
3478560
3478560
3478560
3478560
3478560
3478560
2588360
3277000
3417410
3445210
3453160
3454770
3454780
3454780
3454780
3454780
3454780
3454780
3454780
3454780
3454780
3454780
3454780
3454780
3454780
3454780
3454780
3454780
3454780
3454780
3454780
3454780
3454780
3454780
3454780
3454780
3454780
3454780
3454780
3454780
3454780
3454780
3454780
3454780
3454780
3454780
2597450
3302480
3421310
3436750
3438460
3438980
3438980
3438980
3438980
3438980
3438980
3438980
3438980
3438980
3438980
3438980
3438980
3438980
3438980
3438980
3438980
3438980
3438980
3438980
3438980
3438980
3438980
3438980
3438980
3438980
3438980
3438980
3438980
3438980
3438980
3438980
3438980
3438980
3438980
3438980
2643120
3319600
3415610
3435330
3436980
3436980
3436980
3436980
3436980
3436980
3436980
3436980
3436980
3436980
3436980
3436980
3436980
3436980
3436980
3436980
3436980
3436980
3436980
3436980
3436980
3436980
3436980
3436980
3436980
3436980
3436980
3436980
3436980
3436980
3436980
3436980
3436980
3436980
3436980
3436980
2681980
3403550
3524130
3542950
3545140
3545150
3545150
3545150
3545150
3545150
3545150
3545150
3545150
3545150
3545150
3545150
3545150
3545150
3545150
3545150
3545150
3545150
3545150
3545150
3545150
3545150
3545150
3545150
3545150
3545150
3545150
3545150
3545150
3545150
3545150
3545150
3545150
3545150
3545150
3545150
2641450
3334740
3468270
3488750
3490460
3491020
3491030
3491040
3491040
3491040
3491040
3491040
3491040
3491040
3491040
3491040
3491040
3491040
3491040
3491040
3491040
3491040
3491040
3491040
3491040
3491040
3491040
3491040
3491040
3491040
3491040
3491040
3491040
3491040
3491040
3491040
3491040
3491040
3491040
3491040
2604830
3287310
3397510
3413330
3415610
3415620
3415620
3415620
3415620
3415620
3415620
3415620
3415620
3415620
3415620
3415620
3415620
3415620
3415620
3415620
3415620
3415620
3415620
3415620
3415620
3415620
3415620
3415620
3415620
3415620
3415620
3415620
3415620
3415620
3415620
3415620
3415620
3415620
3415620
3415620
2654160
3297260
3403020
3415240
3418310
3418310
3418310
3418310
3418310
3418310
3418310
3418310
3418310
3418310
3418310
3418310
3418310
3418310
3418310
3418310
3418310
3418310
3418310
3418310
3418310
3418310
3418310
3418310
3418310
3418310
3418310
3418310
3418310
3418310
3418310
3418310
3418310
3418310
3418310
3418310
2575990
3253350
3382040
3397840
3399960
3399960
3399960
3399960
3399960
3399960
3399960
3399960
3399960
3399960
3399960
3399960
3399960
3399960
3399960
3399960
3399960
3399960
3399960
3399960
3399960
3399960
3399960
3399960
3399960
3399960
3399960
3399960
3399960
3399960
3399960
3399960
3399960
3399960
3399960
3399960
2592770
3273420
3405930
3428220
3430840
3430890
3430890
3430890
3430890
3430890
3430890
3430890
3430890
3430890
3430890
3430890
3430890
3430890
3430890
3430890
3430890
3430890
3430890
3430890
3430890
3430890
3430890
3430890
3430890
3430890
3430890
3430890
3430890
3430890
3430890
3430890
3430890
3430890
3430890
3430890
