12924.0
16994.0
18188.0
18386.0
18404.0
18412.0
18412.0
18412.0
18412.0
18412.0
18412.0
18412.0
18412.0
18412.0
18412.0
18412.0
18412.0
18412.0
18412.0
18412.0
18412.0
18412.0
18412.0
18412.0
18412.0
18412.0
18412.0
18412.0
18412.0
18412.0
18412.0
18412.0
18412.0
18412.0
18412.0
18412.0
18412.0
18412.0
18412.0
18412.0
12671.0
16593.0
17628.0
17829.0
17882.0
17893.0
17893.0
17893.0
17893.0
17893.0
17893.0
17893.0
17893.0
17893.0
17893.0
17893.0
17893.0
17893.0
17893.0
17893.0
17893.0
17893.0
17893.0
17893.0
17893.0
17893.0
17893.0
17893.0
17893.0
17893.0
17893.0
17893.0
17893.0
17893.0
17893.0
17893.0
17893.0
17893.0
17893.0
17893.0
12512.0
16379.0
17365.0
17554.0
17586.0
17586.0
17586.0
17586.0
17586.0
17586.0
17586.0
17586.0
17586.0
17586.0
17586.0
17586.0
17586.0
17586.0
17586.0
17586.0
17586.0
17586.0
17586.0
17586.0
17586.0
17586.0
17586.0
17586.0
17586.0
17586.0
17586.0
17586.0
17586.0
17586.0
17586.0
17586.0
17586.0
17586.0
17586.0
17586.0
12615.0
16430.0
17509.0
17659.0
17665.0
17665.0
17665.0
17665.0
17665.0
17665.0
17665.0
17665.0
17665.0
17665.0
17665.0
17665.0
17665.0
17665.0
17665.0
17665.0
17665.0
17665.0
17665.0
17665.0
17665.0
17665.0
17665.0
17665.0
17665.0
17665.0
17665.0
17665.0
17665.0
17665.0
17665.0
17665.0
17665.0
17665.0
17665.0
17665.0
12674.0
16809.0
17842.0
18026.0
18045.0
18046.0
18046.0
18046.0
18046.0
18046.0
18046.0
18046.0
18046.0
18046.0
18046.0
18046.0
18046.0
18046.0
18046.0
18046.0
18046.0
18046.0
18046.0
18046.0
18046.0
18046.0
18046.0
18046.0
18046.0
18046.0
18046.0
18046.0
18046.0
18046.0
18046.0
18046.0
18046.0
18046.0
18046.0
18046.0
12778.0
16887.0
18088.0
18330.0
18356.0
18356.0
18356.0
18356.0
18356.0
18356.0
18356.0
18356.0
18356.0
18356.0
18356.0
18356.0
18356.0
18356.0
18356.0
18356.0
18356.0
18356.0
18356.0
18356.0
18356.0
18356.0
18356.0
18356.0
18356.0
18356.0
18356.0
18356.0
18356.0
18356.0
18356.0
18356.0
18356.0
18356.0
18356.0
18356.0
12714.0
16706.0
17926.0
18180.0
18236.0
18249.0
18250.0
18250.0
18250.0
18250.0
18250.0
18250.0
18250.0
18250.0
18250.0
18250.0
18250.0
18250.0
18250.0
18250.0
18250.0
18250.0
18250.0
18250.0
18250.0
18250.0
18250.0
18250.0
18250.0
18250.0
18250.0
18250.0
18250.0
18250.0
18250.0
18250.0
18250.0
18250.0
18250.0
18250.0
12877.0
17281.0
18651.0
18914.0
18968.0
18978.0
18978.0
18978.0
18978.0
18978.0
18978.0
18978.0
18978.0
18978.0
18978.0
18978.0
18978.0
18978.0
18978.0
18978.0
18978.0
18978.0
18978.0
18978.0
18978.0
18978.0
18978.0
18978.0
18978.0
18978.0
18978.0
18978.0
18978.0
18978.0
18978.0
18978.0
18978.0
18978.0
18978.0
18978.0
12784.0
17301.0
18573.0
18767.0
18792.0
18792.0
18792.0
18792.0
18792.0
18792.0
18792.0
18792.0
18792.0
18792.0
18792.0
18792.0
18792.0
18792.0
18792.0
18792.0
18792.0
18792.0
18792.0
18792.0
18792.0
18792.0
18792.0
18792.0
18792.0
18792.0
18792.0
18792.0
18792.0
18792.0
18792.0
18792.0
18792.0
18792.0
18792.0
18792.0
12891.0
17133.0
18419.0
18669.0
18719.0
18726.0
18735.0
18735.0
18735.0
18735.0
18735.0
18735.0
18735.0
18735.0
18735.0
18735.0
18735.0
18735.0
18735.0
18735.0
18735.0
18735.0
18735.0
18735.0
18735.0
18735.0
18735.0
18735.0
18735.0
18735.0
18735.0
18735.0
18735.0
18735.0
18735.0
18735.0
18735.0
18735.0
18735.0
18735.0
12795.0
17010.0
18191.0
18411.0
18437.0
18437.0
18437.0
18437.0
18437.0
18437.0
18437.0
18437.0
18437.0
18437.0
18437.0
18437.0
18437.0
18437.0
18437.0
18437.0
18437.0
18437.0
18437.0
18437.0
18437.0
18437.0
18437.0
18437.0
18437.0
18437.0
18437.0
18437.0
18437.0
18437.0
18437.0
18437.0
18437.0
18437.0
18437.0
18437.0
12884.0
16817.0
17705.0
17800.0
17808.0
17809.0
17809.0
17809.0
17809.0
17809.0
17809.0
17809.0
17809.0
17809.0
17809.0
17809.0
17809.0
17809.0
17809.0
17809.0
17809.0
17809.0
17809.0
17809.0
17809.0
17809.0
17809.0
17809.0
17809.0
17809.0
17809.0
17809.0
17809.0
17809.0
17809.0
17809.0
17809.0
17809.0
17809.0
17809.0
12761.0
16794.0
17996.0
18198.0
18228.0
18230.0
18230.0
18230.0
18230.0
18230.0
18230.0
18230.0
18230.0
18230.0
18230.0
18230.0
18230.0
18230.0
18230.0
18230.0
18230.0
18230.0
18230.0
18230.0
18230.0
18230.0
18230.0
18230.0
18230.0
18230.0
18230.0
18230.0
18230.0
18230.0
18230.0
18230.0
18230.0
18230.0
18230.0
18230.0
12944.0
17184.0
18315.0
18474.0
18486.0
18486.0
18486.0
18486.0
18486.0
18486.0
18486.0
18486.0
18486.0
18486.0
18486.0
18486.0
18486.0
18486.0
18486.0
18486.0
18486.0
18486.0
18486.0
18486.0
18486.0
18486.0
18486.0
18486.0
18486.0
18486.0
18486.0
18486.0
18486.0
18486.0
18486.0
18486.0
18486.0
18486.0
18486.0
18486.0
12878.0
16992.0
18182.0
18431.0
18511.0
18524.0
18525.0
18525.0
18525.0
18525.0
18525.0
18525.0
18525.0
18525.0
18525.0
18525.0
18525.0
18525.0
18525.0
18525.0
18525.0
18525.0
18525.0
18525.0
18525.0
18525.0
18525.0
18525.0
18525.0
18525.0
18525.0
18525.0
18525.0
18525.0
18525.0
18525.0
18525.0
18525.0
18525.0
18525.0
12539.0
16704.0
17911.0
18134.0
18162.0
18163.0
18163.0
18163.0
18163.0
18163.0
18163.0
18163.0
18163.0
18163.0
18163.0
18163.0
18163.0
18163.0
18163.0
18163.0
18163.0
18163.0
18163.0
18163.0
18163.0
18163.0
18163.0
18163.0
18163.0
18163.0
18163.0
18163.0
18163.0
18163.0
18163.0
18163.0
18163.0
18163.0
18163.0
18163.0
12578.0
16434.0
17501.0
17649.0
17671.0
17671.0
17671.0
17671.0
17671.0
17671.0
17671.0
17671.0
17671.0
17671.0
17671.0
17671.0
17671.0
17671.0
17671.0
17671.0
17671.0
17671.0
17671.0
17671.0
17671.0
17671.0
17671.0
17671.0
17671.0
17671.0
17671.0
17671.0
17671.0
17671.0
17671.0
17671.0
17671.0
17671.0
17671.0
17671.0
12624.0
16625.0
17641.0
17824.0
17861.0
17869.0
17870.0
17870.0
17870.0
17870.0
17870.0
17870.0
17870.0
17870.0
17870.0
17870.0
17870.0
17870.0
17870.0
17870.0
17870.0
17870.0
17870.0
17870.0
17870.0
17870.0
17870.0
17870.0
17870.0
17870.0
17870.0
17870.0
17870.0
17870.0
17870.0
17870.0
17870.0
17870.0
17870.0
17870.0
12743.0
16886.0
18070.0
18270.0
18302.0
18305.0
18305.0
18305.0
18305.0
18305.0
18305.0
18305.0
18305.0
18305.0
18305.0
18305.0
18305.0
18305.0
18305.0
18305.0
18305.0
18305.0
18305.0
18305.0
18305.0
18305.0
18305.0
18305.0
18305.0
18305.0
18305.0
18305.0
18305.0
18305.0
18305.0
18305.0
18305.0
18305.0
18305.0
18305.0
12780.0
17003.0
18256.0
18509.0
18541.0
18543.0
18543.0
18543.0
18543.0
18543.0
18543.0
18543.0
18543.0
18543.0
18543.0
18543.0
18543.0
18543.0
18543.0
18543.0
18543.0
18543.0
18543.0
18543.0
18543.0
18543.0
18543.0
18543.0
18543.0
18543.0
18543.0
18543.0
18543.0
18543.0
18543.0
18543.0
18543.0
18543.0
18543.0
18543.0
12823.0
17113.0
18193.0
18382.0
18406.0
18410.0
18410.0
18410.0
18410.0
18410.0
18410.0
18410.0
18410.0
18410.0
18410.0
18410.0
18410.0
18410.0
18410.0
18410.0
18410.0
18410.0
18410.0
18410.0
18410.0
18410.0
18410.0
18410.0
18410.0
18410.0
18410.0
18410.0
18410.0
18410.0
18410.0
18410.0
18410.0
18410.0
18410.0
18410.0
12698.0
16701.0
17875.0
18070.0
18086.0
18089.0
18089.0
18089.0
18089.0
18089.0
18089.0
18089.0
18089.0
18089.0
18089.0
18089.0
18089.0
18089.0
18089.0
18089.0
18089.0
18089.0
18089.0
18089.0
18089.0
18089.0
18089.0
18089.0
18089.0
18089.0
18089.0
18089.0
18089.0
18089.0
18089.0
18089.0
18089.0
18089.0
18089.0
18089.0
12779.0
17042.0
18306.0
18577.0
18635.0
18643.0
18643.0
18643.0
18643.0
18643.0
18643.0
18643.0
18643.0
18643.0
18643.0
18643.0
18643.0
18643.0
18643.0
18643.0
18643.0
18643.0
18643.0
18643.0
18643.0
18643.0
18643.0
18643.0
18643.0
18643.0
18643.0
18643.0
18643.0
18643.0
18643.0
18643.0
18643.0
18643.0
18643.0
18643.0
12673.0
16574.0
17541.0
17696.0
17721.0
17723.0
17723.0
17723.0
17723.0
17723.0
17723.0
17723.0
17723.0
17723.0
17723.0
17723.0
17723.0
17723.0
17723.0
17723.0
17723.0
17723.0
17723.0
17723.0
17723.0
17723.0
17723.0
17723.0
17723.0
17723.0
17723.0
17723.0
17723.0
17723.0
17723.0
17723.0
17723.0
17723.0
17723.0
17723.0
12829.0
17137.0
18391.0
18650.0
18704.0
18706.0
18706.0
18706.0
18706.0
18706.0
18706.0
18706.0
18706.0
18706.0
18706.0
18706.0
18706.0
18706.0
18706.0
18706.0
18706.0
18706.0
18706.0
18706.0
18706.0
18706.0
18706.0
18706.0
18706.0
18706.0
18706.0
18706.0
18706.0
18706.0
18706.0
18706.0
18706.0
18706.0
18706.0
18706.0
12829.0
17106.0
18357.0
18605.0
18669.0
18683.0
18698.0
18702.0
18703.0
18703.0
18703.0
18703.0
18703.0
18703.0
18703.0
18703.0
18703.0
18703.0
18703.0
18703.0
18703.0
18703.0
18703.0
18703.0
18703.0
18703.0
18703.0
18703.0
18703.0
18703.0
18703.0
18703.0
18703.0
18703.0
18703.0
18703.0
18703.0
18703.0
18703.0
18703.0
12695.0
16789.0
17953.0
18105.0
18128.0
18132.0
18132.0
18132.0
18132.0
18132.0
18132.0
18132.0
18132.0
18132.0
18132.0
18132.0
18132.0
18132.0
18132.0
18132.0
18132.0
18132.0
18132.0
18132.0
18132.0
18132.0
18132.0
18132.0
18132.0
18132.0
18132.0
18132.0
18132.0
18132.0
18132.0
18132.0
18132.0
18132.0
18132.0
18132.0
12690.0
16669.0
17688.0
17845.0
17850.0
17851.0
17851.0
17851.0
17851.0
17851.0
17851.0
17851.0
17851.0
17851.0
17851.0
17851.0
17851.0
17851.0
17851.0
17851.0
17851.0
17851.0
17851.0
17851.0
17851.0
17851.0
17851.0
17851.0
17851.0
17851.0
17851.0
17851.0
17851.0
17851.0
17851.0
17851.0
17851.0
17851.0
17851.0
17851.0
12603.0
16339.0
17292.0
17475.0
17497.0
17501.0
17501.0
17501.0
17501.0
17501.0
17501.0
17501.0
17501.0
17501.0
17501.0
17501.0
17501.0
17501.0
17501.0
17501.0
17501.0
17501.0
17501.0
17501.0
17501.0
17501.0
17501.0
17501.0
17501.0
17501.0
17501.0
17501.0
17501.0
17501.0
17501.0
17501.0
17501.0
17501.0
17501.0
17501.0
12752.0
16819.0
17957.0
18161.0
18179.0
18180.0
18180.0
18180.0
18180.0
18180.0
18180.0
18180.0
18180.0
18180.0
18180.0
18180.0
18180.0
18180.0
18180.0
18180.0
18180.0
18180.0
18180.0
18180.0
18180.0
18180.0
18180.0
18180.0
18180.0
18180.0
18180.0
18180.0
18180.0
18180.0
18180.0
18180.0
18180.0
18180.0
18180.0
18180.0
12776.0
16721.0
17805.0
17991.0
18012.0
18013.0
18013.0
18013.0
18013.0
18013.0
18013.0
18013.0
18013.0
18013.0
18013.0
18013.0
18013.0
18013.0
18013.0
18013.0
18013.0
18013.0
18013.0
18013.0
18013.0
18013.0
18013.0
18013.0
18013.0
18013.0
18013.0
18013.0
18013.0
18013.0
18013.0
18013.0
18013.0
18013.0
18013.0
18013.0
12859.0
17174.0
18386.0
18624.0
18664.0
18668.0
18669.0
18670.0
18671.0
18671.0
18671.0
18671.0
18671.0
18671.0
18671.0
18671.0
18671.0
18671.0
18671.0
18671.0
18671.0
18671.0
18671.0
18671.0
18671.0
18671.0
18671.0
18671.0
18671.0
18671.0
18671.0
18671.0
18671.0
18671.0
18671.0
18671.0
18671.0
18671.0
18671.0
18671.0
12692.0
16679.0
17780.0
17975.0
18002.0
18008.0
18008.0
18008.0
18008.0
18008.0
18008.0
18008.0
18008.0
18008.0
18008.0
18008.0
18008.0
18008.0
18008.0
18008.0
18008.0
18008.0
18008.0
18008.0
18008.0
18008.0
18008.0
18008.0
18008.0
18008.0
18008.0
18008.0
18008.0
18008.0
18008.0
18008.0
18008.0
18008.0
18008.0
18008.0
12579.0
16499.0
17557.0
17699.0
17723.0
17725.0
17725.0
17725.0
17725.0
17725.0
17725.0
17725.0
17725.0
17725.0
17725.0
17725.0
17725.0
17725.0
17725.0
17725.0
17725.0
17725.0
17725.0
17725.0
17725.0
17725.0
17725.0
17725.0
17725.0
17725.0
17725.0
17725.0
17725.0
17725.0
17725.0
17725.0
17725.0
17725.0
17725.0
17725.0
12822.0
16700.0
17599.0
17748.0
17776.0
17776.0
17776.0
17776.0
17776.0
17776.0
17776.0
17776.0
17776.0
17776.0
17776.0
17776.0
17776.0
17776.0
17776.0
17776.0
17776.0
17776.0
17776.0
17776.0
17776.0
17776.0
17776.0
17776.0
17776.0
17776.0
17776.0
17776.0
17776.0
17776.0
17776.0
17776.0
17776.0
17776.0
17776.0
17776.0
12591.0
16328.0
17222.0
17342.0
17359.0
17361.0
17362.0
17362.0
17362.0
17362.0
17362.0
17362.0
17362.0
17362.0
17362.0
17362.0
17362.0
17362.0
17362.0
17362.0
17362.0
17362.0
17362.0
17362.0
17362.0
17362.0
17362.0
17362.0
17362.0
17362.0
17362.0
17362.0
17362.0
17362.0
17362.0
17362.0
17362.0
17362.0
17362.0
17362.0
12682.0
16691.0
17723.0
17890.0
17906.0
17907.0
17907.0
17907.0
17907.0
17907.0
17907.0
17907.0
17907.0
17907.0
17907.0
17907.0
17907.0
17907.0
17907.0
17907.0
17907.0
17907.0
17907.0
17907.0
17907.0
17907.0
17907.0
17907.0
17907.0
17907.0
17907.0
17907.0
17907.0
17907.0
17907.0
17907.0
17907.0
17907.0
17907.0
17907.0
12568.0
16535.0
17539.0
17720.0
17739.0
17748.0
17748.0
17748.0
17748.0
17748.0
17748.0
17748.0
17748.0
17748.0
17748.0
17748.0
17748.0
17748.0
17748.0
17748.0
17748.0
17748.0
17748.0
17748.0
17748.0
17748.0
17748.0
17748.0
17748.0
17748.0
17748.0
17748.0
17748.0
17748.0
17748.0
17748.0
17748.0
17748.0
17748.0
17748.0
12799.0
16896.0
17992.0
18208.0
18246.0
18247.0
18247.0
18247.0
18247.0
18247.0
18247.0
18247.0
18247.0
18247.0
18247.0
18247.0
18247.0
18247.0
18247.0
18247.0
18247.0
18247.0
18247.0
18247.0
18247.0
18247.0
18247.0
18247.0
18247.0
18247.0
18247.0
18247.0
18247.0
18247.0
18247.0
18247.0
18247.0
18247.0
18247.0
18247.0
12511.0
16556.0
17565.0
17748.0
17783.0
17785.0
17785.0
17785.0
17785.0
17785.0
17785.0
17785.0
17785.0
17785.0
17785.0
17785.0
17785.0
17785.0
17785.0
17785.0
17785.0
17785.0
17785.0
17785.0
17785.0
17785.0
17785.0
17785.0
17785.0
17785.0
17785.0
17785.0
17785.0
17785.0
17785.0
17785.0
17785.0
17785.0
17785.0
17785.0
12308.0
15958.0
16998.0
17189.0
17209.0
17209.0
17209.0
17209.0
17209.0
17209.0
17209.0
17209.0
17209.0
17209.0
17209.0
17209.0
17209.0
17209.0
17209.0
17209.0
17209.0
17209.0
17209.0
17209.0
17209.0
17209.0
17209.0
17209.0
17209.0
17209.0
17209.0
17209.0
17209.0
17209.0
17209.0
17209.0
17209.0
17209.0
17209.0
17209.0
12598.0
16500.0
17613.0
17769.0
17791.0
17802.0
17802.0
17802.0
17802.0
17802.0
17802.0
17802.0
17802.0
17802.0
17802.0
17802.0
17802.0
17802.0
17802.0
17802.0
17802.0
17802.0
17802.0
17802.0
17802.0
17802.0
17802.0
17802.0
17802.0
17802.0
17802.0
17802.0
17802.0
17802.0
17802.0
17802.0
17802.0
17802.0
17802.0
17802.0
12779.0
16811.0
17921.0
18084.0
18119.0
18119.0
18119.0
18119.0
18119.0
18119.0
18119.0
18119.0
18119.0
18119.0
18119.0
18119.0
18119.0
18119.0
18119.0
18119.0
18119.0
18119.0
18119.0
18119.0
18119.0
18119.0
18119.0
18119.0
18119.0
18119.0
18119.0
18119.0
18119.0
18119.0
18119.0
18119.0
18119.0
18119.0
18119.0
18119.0
12514.0
16417.0
17527.0
17750.0
17792.0
17793.0
17793.0
17793.0
17793.0
17793.0
17793.0
17793.0
17793.0
17793.0
17793.0
17793.0
17793.0
17793.0
17793.0
17793.0
17793.0
17793.0
17793.0
17793.0
17793.0
17793.0
17793.0
17793.0
17793.0
17793.0
17793.0
17793.0
17793.0
17793.0
17793.0
17793.0
17793.0
17793.0
17793.0
17793.0
12925.0
16882.0
17817.0
17937.0
17940.0
17940.0
17940.0
17940.0
17940.0
17940.0
17940.0
17940.0
17940.0
17940.0
17940.0
17940.0
17940.0
17940.0
17940.0
17940.0
17940.0
17940.0
17940.0
17940.0
17940.0
17940.0
17940.0
17940.0
17940.0
17940.0
17940.0
17940.0
17940.0
17940.0
17940.0
17940.0
17940.0
17940.0
17940.0
17940.0
12837.0
16875.0
17941.0
18127.0
18150.0
18151.0
18151.0
18151.0
18151.0
18151.0
18151.0
18151.0
18151.0
18151.0
18151.0
18151.0
18151.0
18151.0
18151.0
18151.0
18151.0
18151.0
18151.0
18151.0
18151.0
18151.0
18151.0
18151.0
18151.0
18151.0
18151.0
18151.0
18151.0
18151.0
18151.0
18151.0
18151.0
18151.0
18151.0
18151.0
12793.0
16867.0
18130.0
18364.0
18375.0
18376.0
18376.0
18376.0
18376.0
18376.0
18376.0
18376.0
18376.0
18376.0
18376.0
18376.0
18376.0
18376.0
18376.0
18376.0
18376.0
18376.0
18376.0
18376.0
18376.0
18376.0
18376.0
18376.0
18376.0
18376.0
18376.0
18376.0
18376.0
18376.0
18376.0
18376.0
18376.0
18376.0
18376.0
18376.0
12859.0
17026.0
18100.0
18278.0
18325.0
18332.0
18335.0
18335.0
18335.0
18335.0
18335.0
18335.0
18335.0
18335.0
18335.0
18335.0
18335.0
18335.0
18335.0
18335.0
18335.0
18335.0
18335.0
18335.0
18335.0
18335.0
18335.0
18335.0
18335.0
18335.0
18335.0
18335.0
18335.0
18335.0
18335.0
18335.0
18335.0
18335.0
18335.0
18335.0
12693.0
16733.0
18009.0
18245.0
18279.0
18280.0
18281.0
18281.0
18281.0
18281.0
18281.0
18281.0
18281.0
18281.0
18281.0
18281.0
18281.0
18281.0
18281.0
18281.0
18281.0
18281.0
18281.0
18281.0
18281.0
18281.0
18281.0
18281.0
18281.0
18281.0
18281.0
18281.0
18281.0
18281.0
18281.0
18281.0
18281.0
18281.0
18281.0
18281.0
12815.0
16781.0
17882.0
18118.0
18147.0
18148.0
18148.0
18148.0
18148.0
18148.0
18148.0
18148.0
18148.0
18148.0
18148.0
18148.0
18148.0
18148.0
18148.0
18148.0
18148.0
18148.0
18148.0
18148.0
18148.0
18148.0
18148.0
18148.0
18148.0
18148.0
18148.0
18148.0
18148.0
18148.0
18148.0
18148.0
18148.0
18148.0
18148.0
18148.0
12500.0
16339.0
17374.0
17543.0
17558.0
17565.0
17565.0
17565.0
17565.0
17565.0
17565.0
17565.0
17565.0
17565.0
17565.0
17565.0
17565.0
17565.0
17565.0
17565.0
17565.0
17565.0
17565.0
17565.0
17565.0
17565.0
17565.0
17565.0
17565.0
17565.0
17565.0
17565.0
17565.0
17565.0
17565.0
17565.0
17565.0
17565.0
17565.0
17565.0
12440.0
16421.0
17570.0
17794.0
17835.0
17835.0
17835.0
17835.0
17835.0
17835.0
17835.0
17835.0
17835.0
17835.0
17835.0
17835.0
17835.0
17835.0
17835.0
17835.0
17835.0
17835.0
17835.0
17835.0
17835.0
17835.0
17835.0
17835.0
17835.0
17835.0
17835.0
17835.0
17835.0
17835.0
17835.0
17835.0
17835.0
17835.0
17835.0
17835.0
12445.0
16522.0
17664.0
17879.0
17905.0
17905.0
17905.0
17905.0
17905.0
17905.0
17905.0
17905.0
17905.0
17905.0
17905.0
17905.0
17905.0
17905.0
17905.0
17905.0
17905.0
17905.0
17905.0
17905.0
17905.0
17905.0
17905.0
17905.0
17905.0
17905.0
17905.0
17905.0
17905.0
17905.0
17905.0
17905.0
17905.0
17905.0
17905.0
17905.0
12685.0
16519.0
17416.0
17601.0
17624.0
17630.0
17630.0
17630.0
17630.0
17630.0
17630.0
17630.0
17630.0
17630.0
17630.0
17630.0
17630.0
17630.0
17630.0
17630.0
17630.0
17630.0
17630.0
17630.0
17630.0
17630.0
17630.0
17630.0
17630.0
17630.0
17630.0
17630.0
17630.0
17630.0
17630.0
17630.0
17630.0
17630.0
17630.0
17630.0
12689.0
16696.0
17740.0
17918.0
17965.0
17966.0
17966.0
17966.0
17966.0
17966.0
17966.0
17966.0
17966.0
17966.0
17966.0
17966.0
17966.0
17966.0
17966.0
17966.0
17966.0
17966.0
17966.0
17966.0
17966.0
17966.0
17966.0
17966.0
17966.0
17966.0
17966.0
17966.0
17966.0
17966.0
17966.0
17966.0
17966.0
17966.0
17966.0
17966.0
12757.0
16890.0
18110.0
18314.0
18345.0
18356.0
18357.0
18357.0
18357.0
18357.0
18357.0
18357.0
18357.0
18357.0
18357.0
18357.0
18357.0
18357.0
18357.0
18357.0
18357.0
18357.0
18357.0
18357.0
18357.0
18357.0
18357.0
18357.0
18357.0
18357.0
18357.0
18357.0
18357.0
18357.0
18357.0
18357.0
18357.0
18357.0
18357.0
18357.0
12828.0
16753.0
17779.0
17868.0
17874.0
17874.0
17874.0
17874.0
17874.0
17874.0
17874.0
17874.0
17874.0
17874.0
17874.0
17874.0
17874.0
17874.0
17874.0
17874.0
17874.0
17874.0
17874.0
17874.0
17874.0
17874.0
17874.0
17874.0
17874.0
17874.0
17874.0
17874.0
17874.0
17874.0
17874.0
17874.0
17874.0
17874.0
17874.0
17874.0
13056.0
17526.0
18864.0
19089.0
19110.0
19110.0
19110.0
19110.0
19110.0
19110.0
19110.0
19110.0
19110.0
19110.0
19110.0
19110.0
19110.0
19110.0
19110.0
19110.0
19110.0
19110.0
19110.0
19110.0
19110.0
19110.0
19110.0
19110.0
19110.0
19110.0
19110.0
19110.0
19110.0
19110.0
19110.0
19110.0
19110.0
19110.0
19110.0
19110.0
12511.0
16465.0
17510.0
17655.0
17679.0
17679.0
17679.0
17679.0
17679.0
17679.0
17679.0
17679.0
17679.0
17679.0
17679.0
17679.0
17679.0
17679.0
17679.0
17679.0
17679.0
17679.0
17679.0
17679.0
17679.0
17679.0
17679.0
17679.0
17679.0
17679.0
17679.0
17679.0
17679.0
17679.0
17679.0
17679.0
17679.0
17679.0
17679.0
17679.0
12865.0
17356.0
18708.0
18943.0
18988.0
18992.0
18992.0
18992.0
18992.0
18992.0
18992.0
18992.0
18992.0
18992.0
18992.0
18992.0
18992.0
18992.0
18992.0
18992.0
18992.0
18992.0
18992.0
18992.0
18992.0
18992.0
18992.0
18992.0
18992.0
18992.0
18992.0
18992.0
18992.0
18992.0
18992.0
18992.0
18992.0
18992.0
18992.0
18992.0
12799.0
17134.0
18521.0
18824.0
18878.0
18890.0
18890.0
18890.0
18890.0
18890.0
18890.0
18890.0
18890.0
18890.0
18890.0
18890.0
18890.0
18890.0
18890.0
18890.0
18890.0
18890.0
18890.0
18890.0
18890.0
18890.0
18890.0
18890.0
18890.0
18890.0
18890.0
18890.0
18890.0
18890.0
18890.0
18890.0
18890.0
18890.0
18890.0
18890.0
12842.0
17264.0
18733.0
19020.0
19071.0
19073.0
19075.0
19075.0
19075.0
19075.0
19075.0
19075.0
19075.0
19075.0
19075.0
19075.0
19075.0
19075.0
19075.0
19075.0
19075.0
19075.0
19075.0
19075.0
19075.0
19075.0
19075.0
19075.0
19075.0
19075.0
19075.0
19075.0
19075.0
19075.0
19075.0
19075.0
19075.0
19075.0
19075.0
19075.0
12645.0
16597.0
17575.0
17713.0
17719.0
17719.0
17719.0
17719.0
17719.0
17719.0
17719.0
17719.0
17719.0
17719.0
17719.0
17719.0
17719.0
17719.0
17719.0
17719.0
17719.0
17719.0
17719.0
17719.0
17719.0
17719.0
17719.0
17719.0
17719.0
17719.0
17719.0
17719.0
17719.0
17719.0
17719.0
17719.0
17719.0
17719.0
17719.0
17719.0
12713.0
16913.0
17969.0
18144.0
18173.0
18174.0
18174.0
18174.0
18174.0
18174.0
18174.0
18174.0
18174.0
18174.0
18174.0
18174.0
18174.0
18174.0
18174.0
18174.0
18174.0
18174.0
18174.0
18174.0
18174.0
18174.0
18174.0
18174.0
18174.0
18174.0
18174.0
18174.0
18174.0
18174.0
18174.0
18174.0
18174.0
18174.0
18174.0
18174.0
12650.0
16681.0
17898.0
18140.0
18177.0
18187.0
18187.0
18187.0
18187.0
18187.0
18187.0
18187.0
18187.0
18187.0
18187.0
18187.0
18187.0
18187.0
18187.0
18187.0
18187.0
18187.0
18187.0
18187.0
18187.0
18187.0
18187.0
18187.0
18187.0
18187.0
18187.0
18187.0
18187.0
18187.0
18187.0
18187.0
18187.0
18187.0
18187.0
18187.0
12936.0
17244.0
18475.0
18714.0
18731.0
18732.0
18732.0
18732.0
18732.0
18732.0
18732.0
18732.0
18732.0
18732.0
18732.0
18732.0
18732.0
18732.0
18732.0
18732.0
18732.0
18732.0
18732.0
18732.0
18732.0
18732.0
18732.0
18732.0
18732.0
18732.0
18732.0
18732.0
18732.0
18732.0
18732.0
18732.0
18732.0
18732.0
18732.0
18732.0
12756.0
17145.0
18364.0
18569.0
18608.0
18618.0
18619.0
18619.0
18619.0
18619.0
18619.0
18619.0
18619.0
18619.0
18619.0
18619.0
18619.0
18619.0
18619.0
18619.0
18619.0
18619.0
18619.0
18619.0
18619.0
18619.0
18619.0
18619.0
18619.0
18619.0
18619.0
18619.0
18619.0
18619.0
18619.0
18619.0
18619.0
18619.0
18619.0
18619.0
12493.0
16291.0
17176.0
17264.0
17273.0
17273.0
17273.0
17273.0
17273.0
17273.0
17273.0
17273.0
17273.0
17273.0
17273.0
17273.0
17273.0
17273.0
17273.0
17273.0
17273.0
17273.0
17273.0
17273.0
17273.0
17273.0
17273.0
17273.0
17273.0
17273.0
17273.0
17273.0
17273.0
17273.0
17273.0
17273.0
17273.0
17273.0
17273.0
17273.0
12840.0
16736.0
17725.0
17855.0
17858.0
17858.0
17858.0
17858.0
17858.0
17858.0
17858.0
17858.0
17858.0
17858.0
17858.0
17858.0
17858.0
17858.0
17858.0
17858.0
17858.0
17858.0
17858.0
17858.0
17858.0
17858.0
17858.0
17858.0
17858.0
17858.0
17858.0
17858.0
17858.0
17858.0
17858.0
17858.0
17858.0
17858.0
17858.0
17858.0
12708.0
16947.0
18236.0
18483.0
18538.0
18538.0
18538.0
18538.0
18538.0
18538.0
18538.0
18538.0
18538.0
18538.0
18538.0
18538.0
18538.0
18538.0
18538.0
18538.0
18538.0
18538.0
18538.0
18538.0
18538.0
18538.0
18538.0
18538.0
18538.0
18538.0
18538.0
18538.0
18538.0
18538.0
18538.0
18538.0
18538.0
18538.0
18538.0
18538.0
12727.0
16801.0
17912.0
18113.0
18138.0
18141.0
18142.0
18142.0
18142.0
18142.0
18142.0
18142.0
18142.0
18142.0
18142.0
18142.0
18142.0
18142.0
18142.0
18142.0
18142.0
18142.0
18142.0
18142.0
18142.0
18142.0
18142.0
18142.0
18142.0
18142.0
18142.0
18142.0
18142.0
18142.0
18142.0
18142.0
18142.0
18142.0
18142.0
18142.0
12683.0
16564.0
17480.0
17628.0
17642.0
17642.0
17642.0
17642.0
17642.0
17642.0
17642.0
17642.0
17642.0
17642.0
17642.0
17642.0
17642.0
17642.0
17642.0
17642.0
17642.0
17642.0
17642.0
17642.0
17642.0
17642.0
17642.0
17642.0
17642.0
17642.0
17642.0
17642.0
17642.0
17642.0
17642.0
17642.0
17642.0
17642.0
17642.0
17642.0
12610.0
16497.0
17550.0
17728.0
17759.0
17763.0
17764.0
17764.0
17764.0
17764.0
17764.0
17764.0
17764.0
17764.0
17764.0
17764.0
17764.0
17764.0
17764.0
17764.0
17764.0
17764.0
17764.0
17764.0
17764.0
17764.0
17764.0
17764.0
17764.0
17764.0
17764.0
17764.0
17764.0
17764.0
17764.0
17764.0
17764.0
17764.0
17764.0
17764.0
12740.0
16816.0
17949.0
18112.0
18133.0
18133.0
18133.0
18133.0
18133.0
18133.0
18133.0
18133.0
18133.0
18133.0
18133.0
18133.0
18133.0
18133.0
18133.0
18133.0
18133.0
18133.0
18133.0
18133.0
18133.0
18133.0
18133.0
18133.0
18133.0
18133.0
18133.0
18133.0
18133.0
18133.0
18133.0
18133.0
18133.0
18133.0
18133.0
18133.0
12635.0
16688.0
17831.0
17985.0
18010.0
18029.0
18029.0
18029.0
18029.0
18029.0
18029.0
18029.0
18029.0
18029.0
18029.0
18029.0
18029.0
18029.0
18029.0
18029.0
18029.0
18029.0
18029.0
18029.0
18029.0
18029.0
18029.0
18029.0
18029.0
18029.0
18029.0
18029.0
18029.0
18029.0
18029.0
18029.0
18029.0
18029.0
18029.0
18029.0
12763.0
16856.0
17883.0
18084.0
18104.0
18104.0
18104.0
18104.0
18104.0
18104.0
18104.0
18104.0
18104.0
18104.0
18104.0
18104.0
18104.0
18104.0
18104.0
18104.0
18104.0
18104.0
18104.0
18104.0
18104.0
18104.0
18104.0
18104.0
18104.0
18104.0
18104.0
18104.0
18104.0
18104.0
18104.0
18104.0
18104.0
18104.0
18104.0
18104.0
12756.0
17052.0
18386.0
18614.0
18653.0
18655.0
18655.0
18655.0
18655.0
18655.0
18655.0
18655.0
18655.0
18655.0
18655.0
18655.0
18655.0
18655.0
18655.0
18655.0
18655.0
18655.0
18655.0
18655.0
18655.0
18655.0
18655.0
18655.0
18655.0
18655.0
18655.0
18655.0
18655.0
18655.0
18655.0
18655.0
18655.0
18655.0
18655.0
18655.0
12823.0
16759.0
17874.0
18075.0
18093.0
18101.0
18101.0
18101.0
18101.0
18101.0
18101.0
18101.0
18101.0
18101.0
18101.0
18101.0
18101.0
18101.0
18101.0
18101.0
18101.0
18101.0
18101.0
18101.0
18101.0
18101.0
18101.0
18101.0
18101.0
18101.0
18101.0
18101.0
18101.0
18101.0
18101.0
18101.0
18101.0
18101.0
18101.0
18101.0
12910.0
17291.0
18566.0
18831.0
18863.0
18875.0
18875.0
18875.0
18875.0
18875.0
18875.0
18875.0
18875.0
18875.0
18875.0
18875.0
18875.0
18875.0
18875.0
18875.0
18875.0
18875.0
18875.0
18875.0
18875.0
18875.0
18875.0
18875.0
18875.0
18875.0
18875.0
18875.0
18875.0
18875.0
18875.0
18875.0
18875.0
18875.0
18875.0
18875.0
12943.0
17352.0
18762.0
19111.0
19202.0
19217.0
19217.0
19217.0
19217.0
19217.0
19217.0
19217.0
19217.0
19217.0
19217.0
19217.0
19217.0
19217.0
19217.0
19217.0
19217.0
19217.0
19217.0
19217.0
19217.0
19217.0
19217.0
19217.0
19217.0
19217.0
19217.0
19217.0
19217.0
19217.0
19217.0
19217.0
19217.0
19217.0
19217.0
19217.0
12592.0
16510.0
17583.0
17734.0
17751.0
17752.0
17752.0
17752.0
17752.0
17752.0
17752.0
17752.0
17752.0
17752.0
17752.0
17752.0
17752.0
17752.0
17752.0
17752.0
17752.0
17752.0
17752.0
17752.0
17752.0
17752.0
17752.0
17752.0
17752.0
17752.0
17752.0
17752.0
17752.0
17752.0
17752.0
17752.0
17752.0
17752.0
17752.0
17752.0
12669.0
17041.0
18288.0
18497.0
18523.0
18524.0
18524.0
18524.0
18524.0
18524.0
18524.0
18524.0
18524.0
18524.0
18524.0
18524.0
18524.0
18524.0
18524.0
18524.0
18524.0
18524.0
18524.0
18524.0
18524.0
18524.0
18524.0
18524.0
18524.0
18524.0
18524.0
18524.0
18524.0
18524.0
18524.0
18524.0
18524.0
18524.0
18524.0
18524.0
12954.0
17254.0
18593.0
18852.0
18887.0
18887.0
18887.0
18887.0
18887.0
18887.0
18887.0
18887.0
18887.0
18887.0
18887.0
18887.0
18887.0
18887.0
18887.0
18887.0
18887.0
18887.0
18887.0
18887.0
18887.0
18887.0
18887.0
18887.0
18887.0
18887.0
18887.0
18887.0
18887.0
18887.0
18887.0
18887.0
18887.0
18887.0
18887.0
18887.0
12906.0
17306.0
18535.0
18797.0
18851.0
18856.0
18856.0
18856.0
18856.0
18856.0
18856.0
18856.0
18856.0
18856.0
18856.0
18856.0
18856.0
18856.0
18856.0
18856.0
18856.0
18856.0
18856.0
18856.0
18856.0
18856.0
18856.0
18856.0
18856.0
18856.0
18856.0
18856.0
18856.0
18856.0
18856.0
18856.0
18856.0
18856.0
18856.0
18856.0
12808.0
17412.0
18897.0
19159.0
19190.0
19191.0
19191.0
19191.0
19191.0
19191.0
19191.0
19191.0
19191.0
19191.0
19191.0
19191.0
19191.0
19191.0
19191.0
19191.0
19191.0
19191.0
19191.0
19191.0
19191.0
19191.0
19191.0
19191.0
19191.0
19191.0
19191.0
19191.0
19191.0
19191.0
19191.0
19191.0
19191.0
19191.0
19191.0
19191.0
12725.0
16631.0
17642.0
17812.0
17832.0
17832.0
17832.0
17832.0
17832.0
17832.0
17832.0
17832.0
17832.0
17832.0
17832.0
17832.0
17832.0
17832.0
17832.0
17832.0
17832.0
17832.0
17832.0
17832.0
17832.0
17832.0
17832.0
17832.0
17832.0
17832.0
17832.0
17832.0
17832.0
17832.0
17832.0
17832.0
17832.0
17832.0
17832.0
17832.0
12679.0
16732.0
17899.0
18056.0
18077.0
18077.0
18077.0
18077.0
18077.0
18077.0
18077.0
18077.0
18077.0
18077.0
18077.0
18077.0
18077.0
18077.0
18077.0
18077.0
18077.0
18077.0
18077.0
18077.0
18077.0
18077.0
18077.0
18077.0
18077.0
18077.0
18077.0
18077.0
18077.0
18077.0
18077.0
18077.0
18077.0
18077.0
18077.0
18077.0
12799.0
16877.0
18032.0
18230.0
18261.0
18262.0
18262.0
18262.0
18262.0
18262.0
18262.0
18262.0
18262.0
18262.0
18262.0
18262.0
18262.0
18262.0
18262.0
18262.0
18262.0
18262.0
18262.0
18262.0
18262.0
18262.0
18262.0
18262.0
18262.0
18262.0
18262.0
18262.0
18262.0
18262.0
18262.0
18262.0
18262.0
18262.0
18262.0
18262.0
12780.0
16722.0
17814.0
17986.0
18024.0
18041.0
18042.0
18042.0
18042.0
18042.0
18042.0
18042.0
18042.0
18042.0
18042.0
18042.0
18042.0
18042.0
18042.0
18042.0
18042.0
18042.0
18042.0
18042.0
18042.0
18042.0
18042.0
18042.0
18042.0
18042.0
18042.0
18042.0
18042.0
18042.0
18042.0
18042.0
18042.0
18042.0
18042.0
18042.0
12724.0
16726.0
17863.0
18071.0
18115.0
18124.0
18125.0
18125.0
18125.0
18125.0
18125.0
18125.0
18125.0
18125.0
18125.0
18125.0
18125.0
18125.0
18125.0
18125.0
18125.0
18125.0
18125.0
18125.0
18125.0
18125.0
18125.0
18125.0
18125.0
18125.0
18125.0
18125.0
18125.0
18125.0
18125.0
18125.0
18125.0
18125.0
18125.0
18125.0
12809.0
16921.0
17923.0
18078.0
18092.0
18093.0
18093.0
18093.0
18093.0
18093.0
18093.0
18093.0
18093.0
18093.0
18093.0
18093.0
18093.0
18093.0
18093.0
18093.0
18093.0
18093.0
18093.0
18093.0
18093.0
18093.0
18093.0
18093.0
18093.0
18093.0
18093.0
18093.0
18093.0
18093.0
18093.0
18093.0
18093.0
18093.0
18093.0
18093.0
12592.0
16551.0
17730.0
17998.0
18044.0
18045.0
18045.0
18045.0
18045.0
18045.0
18045.0
18045.0
18045.0
18045.0
18045.0
18045.0
18045.0
18045.0
18045.0
18045.0
18045.0
18045.0
18045.0
18045.0
18045.0
18045.0
18045.0
18045.0
18045.0
18045.0
18045.0
18045.0
18045.0
18045.0
18045.0
18045.0
18045.0
18045.0
18045.0
18045.0
13144.0
17708.0
18994.0
19253.0
19263.0
19263.0
19263.0
19263.0
19263.0
19263.0
19263.0
19263.0
19263.0
19263.0
19263.0
19263.0
19263.0
19263.0
19263.0
19263.0
19263.0
19263.0
19263.0
19263.0
19263.0
19263.0
19263.0
19263.0
19263.0
19263.0
19263.0
19263.0
19263.0
19263.0
19263.0
19263.0
19263.0
19263.0
19263.0
19263.0
12732.0
16855.0
17992.0
18197.0
18204.0
18210.0
18210.0
18210.0
18210.0
18210.0
18210.0
18210.0
18210.0
18210.0
18210.0
18210.0
18210.0
18210.0
18210.0
18210.0
18210.0
18210.0
18210.0
18210.0
18210.0
18210.0
18210.0
18210.0
18210.0
18210.0
18210.0
18210.0
18210.0
18210.0
18210.0
18210.0
18210.0
18210.0
18210.0
18210.0
12855.0
17088.0
18268.0
18479.0
18502.0
18502.0
18502.0
18502.0
18502.0
18502.0
18502.0
18502.0
18502.0
18502.0
18502.0
18502.0
18502.0
18502.0
18502.0
18502.0
18502.0
18502.0
18502.0
18502.0
18502.0
18502.0
18502.0
18502.0
18502.0
18502.0
18502.0
18502.0
18502.0
18502.0
18502.0
18502.0
18502.0
18502.0
18502.0
18502.0
12800.0
16630.0
17581.0
17708.0
17722.0
17722.0
17722.0
17722.0
17722.0
17722.0
17722.0
17722.0
17722.0
17722.0
17722.0
17722.0
17722.0
17722.0
17722.0
17722.0
17722.0
17722.0
17722.0
17722.0
17722.0
17722.0
17722.0
17722.0
17722.0
17722.0
17722.0
17722.0
17722.0
17722.0
17722.0
17722.0
17722.0
17722.0
17722.0
17722.0
12587.0
16866.0
18079.0
18266.0
18282.0
18283.0
18284.0
18284.0
18284.0
18284.0
18284.0
18284.0
18284.0
18284.0
18284.0
18284.0
18284.0
18284.0
18284.0
18284.0
18284.0
18284.0
18284.0
18284.0
18284.0
18284.0
18284.0
18284.0
18284.0
18284.0
18284.0
18284.0
18284.0
18284.0
18284.0
18284.0
18284.0
18284.0
18284.0
18284.0
12515.0
16561.0
17730.0
17947.0
17959.0
17961.0
17961.0
17961.0
17961.0
17961.0
17961.0
17961.0
17961.0
17961.0
17961.0
17961.0
17961.0
17961.0
17961.0
17961.0
17961.0
17961.0
17961.0
17961.0
17961.0
17961.0
17961.0
17961.0
17961.0
17961.0
17961.0
17961.0
17961.0
17961.0
17961.0
17961.0
17961.0
17961.0
17961.0
17961.0
12554.0
16777.0
18059.0
18256.0
18270.0
18272.0
18272.0
18272.0
18272.0
18272.0
18272.0
18272.0
18272.0
18272.0
18272.0
18272.0
18272.0
18272.0
18272.0
18272.0
18272.0
18272.0
18272.0
18272.0
18272.0
18272.0
18272.0
18272.0
18272.0
18272.0
18272.0
18272.0
18272.0
18272.0
18272.0
18272.0
18272.0
18272.0
18272.0
18272.0
12815.0
16910.0
18058.0
18248.0
18276.0
18278.0
18278.0
18278.0
18278.0
18278.0
18278.0
18278.0
18278.0
18278.0
18278.0
18278.0
18278.0
18278.0
18278.0
18278.0
18278.0
18278.0
18278.0
18278.0
18278.0
18278.0
18278.0
18278.0
18278.0
18278.0
18278.0
18278.0
18278.0
18278.0
18278.0
18278.0
18278.0
18278.0
18278.0
18278.0
12765.0
16994.0
18198.0
18394.0
18432.0
18435.0
18435.0
18435.0
18435.0
18435.0
18435.0
18435.0
18435.0
18435.0
18435.0
18435.0
18435.0
18435.0
18435.0
18435.0
18435.0
18435.0
18435.0
18435.0
18435.0
18435.0
18435.0
18435.0
18435.0
18435.0
18435.0
18435.0
18435.0
18435.0
18435.0
18435.0
18435.0
18435.0
18435.0
18435.0
12760.0
16691.0
17677.0
17840.0
17862.0
17862.0
17862.0
17862.0
17862.0
17862.0
17862.0
17862.0
17862.0
17862.0
17862.0
17862.0
17862.0
17862.0
17862.0
17862.0
17862.0
17862.0
17862.0
17862.0
17862.0
17862.0
17862.0
17862.0
17862.0
17862.0
17862.0
17862.0
17862.0
17862.0
17862.0
17862.0
17862.0
17862.0
17862.0
17862.0
12762.0
16668.0
17743.0
17870.0
17876.0
17876.0
17876.0
17876.0
17876.0
17876.0
17876.0
17876.0
17876.0
17876.0
17876.0
17876.0
17876.0
17876.0
17876.0
17876.0
17876.0
17876.0
17876.0
17876.0
17876.0
17876.0
17876.0
17876.0
17876.0
17876.0
17876.0
17876.0
17876.0
17876.0
17876.0
17876.0
17876.0
17876.0
17876.0
17876.0
12736.0
16822.0
17782.0
17943.0
17959.0
17959.0
17959.0
17959.0
17959.0
17959.0
17959.0
17959.0
17959.0
17959.0
17959.0
17959.0
17959.0
17959.0
17959.0
17959.0
17959.0
17959.0
17959.0
17959.0
17959.0
17959.0
17959.0
17959.0
17959.0
17959.0
17959.0
17959.0
17959.0
17959.0
17959.0
17959.0
17959.0
17959.0
17959.0
17959.0
12716.0
16682.0
17837.0
18014.0
18033.0
18034.0
18034.0
18034.0
18034.0
18034.0
18034.0
18034.0
18034.0
18034.0
18034.0
18034.0
18034.0
18034.0
18034.0
18034.0
18034.0
18034.0
18034.0
18034.0
18034.0
18034.0
18034.0
18034.0
18034.0
18034.0
18034.0
18034.0
18034.0
18034.0
18034.0
18034.0
18034.0
18034.0
18034.0
18034.0
12889.0
17232.0
18448.0
18657.0
18671.0
18672.0
18672.0
18672.0
18672.0
18672.0
18672.0
18672.0
18672.0
18672.0
18672.0
18672.0
18672.0
18672.0
18672.0
18672.0
18672.0
18672.0
18672.0
18672.0
18672.0
18672.0
18672.0
18672.0
18672.0
18672.0
18672.0
18672.0
18672.0
18672.0
18672.0
18672.0
18672.0
18672.0
18672.0
18672.0
12409.0
16213.0
17167.0
17275.0
17287.0
17288.0
17288.0
17288.0
17288.0
17288.0
17288.0
17288.0
17288.0
17288.0
17288.0
17288.0
17288.0
17288.0
17288.0
17288.0
17288.0
17288.0
17288.0
17288.0
17288.0
17288.0
17288.0
17288.0
17288.0
17288.0
17288.0
17288.0
17288.0
17288.0
17288.0
17288.0
17288.0
17288.0
17288.0
17288.0
12623.0
16855.0
17978.0
18164.0
18190.0
18191.0
18191.0
18191.0
18191.0
18191.0
18191.0
18191.0
18191.0
18191.0
18191.0
18191.0
18191.0
18191.0
18191.0
18191.0
18191.0
18191.0
18191.0
18191.0
18191.0
18191.0
18191.0
18191.0
18191.0
18191.0
18191.0
18191.0
18191.0
18191.0
18191.0
18191.0
18191.0
18191.0
18191.0
18191.0
12376.0
15840.0
16663.0
16775.0
16783.0
16783.0
16783.0
16783.0
16783.0
16783.0
16783.0
16783.0
16783.0
16783.0
16783.0
16783.0
16783.0
16783.0
16783.0
16783.0
16783.0
16783.0
16783.0
16783.0
16783.0
16783.0
16783.0
16783.0
16783.0
16783.0
16783.0
16783.0
16783.0
16783.0
16783.0
16783.0
16783.0
16783.0
16783.0
16783.0
12742.0
17098.0
18395.0
18648.0
18680.0
18690.0
18690.0
18690.0
18690.0
18690.0
18690.0
18690.0
18690.0
18690.0
18690.0
18690.0
18690.0
18690.0
18690.0
18690.0
18690.0
18690.0
18690.0
18690.0
18690.0
18690.0
18690.0
18690.0
18690.0
18690.0
18690.0
18690.0
18690.0
18690.0
18690.0
18690.0
18690.0
18690.0
18690.0
18690.0
12625.0
16319.0
17298.0
17474.0
17501.0
17503.0
17503.0
17503.0
17503.0
17503.0
17503.0
17503.0
17503.0
17503.0
17503.0
17503.0
17503.0
17503.0
17503.0
17503.0
17503.0
17503.0
17503.0
17503.0
17503.0
17503.0
17503.0
17503.0
17503.0
17503.0
17503.0
17503.0
17503.0
17503.0
17503.0
17503.0
17503.0
17503.0
17503.0
17503.0
12891.0
16855.0
17898.0
18062.0
18083.0
18083.0
18083.0
18083.0
18083.0
18083.0
18083.0
18083.0
18083.0
18083.0
18083.0
18083.0
18083.0
18083.0
18083.0
18083.0
18083.0
18083.0
18083.0
18083.0
18083.0
18083.0
18083.0
18083.0
18083.0
18083.0
18083.0
18083.0
18083.0
18083.0
18083.0
18083.0
18083.0
18083.0
18083.0
18083.0
13062.0
17448.0
18772.0
19024.0
19082.0
19085.0
19085.0
19085.0
19085.0
19085.0
19085.0
19085.0
19085.0
19085.0
19085.0
19085.0
19085.0
19085.0
19085.0
19085.0
19085.0
19085.0
19085.0
19085.0
19085.0
19085.0
19085.0
19085.0
19085.0
19085.0
19085.0
19085.0
19085.0
19085.0
19085.0
19085.0
19085.0
19085.0
19085.0
19085.0
12539.0
16685.0
17803.0
18083.0
18119.0
18126.0
18126.0
18126.0
18126.0
18126.0
18126.0
18126.0
18126.0
18126.0
18126.0
18126.0
18126.0
18126.0
18126.0
18126.0
18126.0
18126.0
18126.0
18126.0
18126.0
18126.0
18126.0
18126.0
18126.0
18126.0
18126.0
18126.0
18126.0
18126.0
18126.0
18126.0
18126.0
18126.0
18126.0
18126.0
12494.0
16474.0
17741.0
17984.0
18025.0
18028.0
18028.0
18028.0
18028.0
18028.0
18028.0
18028.0
18028.0
18028.0
18028.0
18028.0
18028.0
18028.0
18028.0
18028.0
18028.0
18028.0
18028.0
18028.0
18028.0
18028.0
18028.0
18028.0
18028.0
18028.0
18028.0
18028.0
18028.0
18028.0
18028.0
18028.0
18028.0
18028.0
18028.0
18028.0
12747.0
16819.0
18045.0
18252.0
18270.0
18271.0
18272.0
18272.0
18272.0
18272.0
18272.0
18272.0
18272.0
18272.0
18272.0
18272.0
18272.0
18272.0
18272.0
18272.0
18272.0
18272.0
18272.0
18272.0
18272.0
18272.0
18272.0
18272.0
18272.0
18272.0
18272.0
18272.0
18272.0
18272.0
18272.0
18272.0
18272.0
18272.0
18272.0
18272.0
12876.0
17104.0
18262.0
18493.0
18533.0
18535.0
18536.0
18536.0
18536.0
18536.0
18536.0
18536.0
18536.0
18536.0
18536.0
18536.0
18536.0
18536.0
18536.0
18536.0
18536.0
18536.0
18536.0
18536.0
18536.0
18536.0
18536.0
18536.0
18536.0
18536.0
18536.0
18536.0
18536.0
18536.0
18536.0
18536.0
18536.0
18536.0
18536.0
18536.0
12485.0
16499.0
17660.0
17896.0
17955.0
17958.0
17958.0
17958.0
17958.0
17958.0
17958.0
17958.0
17958.0
17958.0
17958.0
17958.0
17958.0
17958.0
17958.0
17958.0
17958.0
17958.0
17958.0
17958.0
17958.0
17958.0
17958.0
17958.0
17958.0
17958.0
17958.0
17958.0
17958.0
17958.0
17958.0
17958.0
17958.0
17958.0
17958.0
17958.0
12505.0
16369.0
17444.0
17635.0
17666.0
17673.0
17679.0
17679.0
17679.0
17679.0
17679.0
17679.0
17679.0
17679.0
17679.0
17679.0
17679.0
17679.0
17679.0
17679.0
17679.0
17679.0
17679.0
17679.0
17679.0
17679.0
17679.0
17679.0
17679.0
17679.0
17679.0
17679.0
17679.0
17679.0
17679.0
17679.0
17679.0
17679.0
17679.0
17679.0
12539.0
16647.0
17746.0
17905.0
17923.0
17923.0
17923.0
17923.0
17923.0
17923.0
17923.0
17923.0
17923.0
17923.0
17923.0
17923.0
17923.0
17923.0
17923.0
17923.0
17923.0
17923.0
17923.0
17923.0
17923.0
17923.0
17923.0
17923.0
17923.0
17923.0
17923.0
17923.0
17923.0
17923.0
17923.0
17923.0
17923.0
17923.0
17923.0
17923.0
12691.0
16837.0
18011.0
18183.0
18201.0
18202.0
18202.0
18202.0
18202.0
18202.0
18202.0
18202.0
18202.0
18202.0
18202.0
18202.0
18202.0
18202.0
18202.0
18202.0
18202.0
18202.0
18202.0
18202.0
18202.0
18202.0
18202.0
18202.0
18202.0
18202.0
18202.0
18202.0
18202.0
18202.0
18202.0
18202.0
18202.0
18202.0
18202.0
18202.0
12545.0
16504.0
17546.0
17736.0
17774.0
17777.0
17777.0
17777.0
17777.0
17777.0
17777.0
17777.0
17777.0
17777.0
17777.0
17777.0
17777.0
17777.0
17777.0
17777.0
17777.0
17777.0
17777.0
17777.0
17777.0
17777.0
17777.0
17777.0
17777.0
17777.0
17777.0
17777.0
17777.0
17777.0
17777.0
17777.0
17777.0
17777.0
17777.0
17777.0
12685.0
16731.0
17740.0
17919.0
17942.0
17945.0
17945.0
17945.0
17945.0
17945.0
17945.0
17945.0
17945.0
17945.0
17945.0
17945.0
17945.0
17945.0
17945.0
17945.0
17945.0
17945.0
17945.0
17945.0
17945.0
17945.0
17945.0
17945.0
17945.0
17945.0
17945.0
17945.0
17945.0
17945.0
17945.0
17945.0
17945.0
17945.0
17945.0
17945.0
12526.0
16517.0
17592.0
17796.0
17829.0
17831.0
17831.0
17831.0
17831.0
17831.0
17831.0
17831.0
17831.0
17831.0
17831.0
17831.0
17831.0
17831.0
17831.0
17831.0
17831.0
17831.0
17831.0
17831.0
17831.0
17831.0
17831.0
17831.0
17831.0
17831.0
17831.0
17831.0
17831.0
17831.0
17831.0
17831.0
17831.0
17831.0
17831.0
17831.0
12593.0
16925.0
18173.0
18414.0
18439.0
18453.0
18453.0
18453.0
18453.0
18453.0
18453.0
18453.0
18453.0
18453.0
18453.0
18453.0
18453.0
18453.0
18453.0
18453.0
18453.0
18453.0
18453.0
18453.0
18453.0
18453.0
18453.0
18453.0
18453.0
18453.0
18453.0
18453.0
18453.0
18453.0
18453.0
18453.0
18453.0
18453.0
18453.0
18453.0
12824.0
16989.0
18038.0
18217.0
18244.0
18250.0
18250.0
18250.0
18250.0
18250.0
18250.0
18250.0
18250.0
18250.0
18250.0
18250.0
18250.0
18250.0
18250.0
18250.0
18250.0
18250.0
18250.0
18250.0
18250.0
18250.0
18250.0
18250.0
18250.0
18250.0
18250.0
18250.0
18250.0
18250.0
18250.0
18250.0
18250.0
18250.0
18250.0
18250.0
12831.0
16632.0
17541.0
17660.0
17673.0
17677.0
17677.0
17677.0
17677.0
17677.0
17677.0
17677.0
17677.0
17677.0
17677.0
17677.0
17677.0
17677.0
17677.0
17677.0
17677.0
17677.0
17677.0
17677.0
17677.0
17677.0
17677.0
17677.0
17677.0
17677.0
17677.0
17677.0
17677.0
17677.0
17677.0
17677.0
17677.0
17677.0
17677.0
17677.0
12734.0
16584.0
17488.0
17605.0
17614.0
17614.0
17614.0
17614.0
17614.0
17614.0
17614.0
17614.0
17614.0
17614.0
17614.0
17614.0
17614.0
17614.0
17614.0
17614.0
17614.0
17614.0
17614.0
17614.0
17614.0
17614.0
17614.0
17614.0
17614.0
17614.0
17614.0
17614.0
17614.0
17614.0
17614.0
17614.0
17614.0
17614.0
17614.0
17614.0
12800.0
16895.0
18055.0
18214.0
18237.0
18240.0
18240.0
18240.0
18240.0
18240.0
18240.0
18240.0
18240.0
18240.0
18240.0
18240.0
18240.0
18240.0
18240.0
18240.0
18240.0
18240.0
18240.0
18240.0
18240.0
18240.0
18240.0
18240.0
18240.0
18240.0
18240.0
18240.0
18240.0
18240.0
18240.0
18240.0
18240.0
18240.0
18240.0
18240.0
12638.0
16829.0
17852.0
18125.0
18148.0
18150.0
18152.0
18152.0
18152.0
18152.0
18152.0
18152.0
18152.0
18152.0
18152.0
18152.0
18152.0
18152.0
18152.0
18152.0
18152.0
18152.0
18152.0
18152.0
18152.0
18152.0
18152.0
18152.0
18152.0
18152.0
18152.0
18152.0
18152.0
18152.0
18152.0
18152.0
18152.0
18152.0
18152.0
18152.0
12871.0
17175.0
18351.0
18532.0
18546.0
18548.0
18549.0
18549.0
18549.0
18549.0
18549.0
18549.0
18549.0
18549.0
18549.0
18549.0
18549.0
18549.0
18549.0
18549.0
18549.0
18549.0
18549.0
18549.0
18549.0
18549.0
18549.0
18549.0
18549.0
18549.0
18549.0
18549.0
18549.0
18549.0
18549.0
18549.0
18549.0
18549.0
18549.0
18549.0
12847.0
16739.0
17803.0
17955.0
17971.0
17974.0
17974.0
17974.0
17974.0
17974.0
17974.0
17974.0
17974.0
17974.0
17974.0
17974.0
17974.0
17974.0
17974.0
17974.0
17974.0
17974.0
17974.0
17974.0
17974.0
17974.0
17974.0
17974.0
17974.0
17974.0
17974.0
17974.0
17974.0
17974.0
17974.0
17974.0
17974.0
17974.0
17974.0
17974.0
12645.0
16697.0
17844.0
17993.0
18015.0
18015.0
18015.0
18015.0
18015.0
18015.0
18015.0
18015.0
18015.0
18015.0
18015.0
18015.0
18015.0
18015.0
18015.0
18015.0
18015.0
18015.0
18015.0
18015.0
18015.0
18015.0
18015.0
18015.0
18015.0
18015.0
18015.0
18015.0
18015.0
18015.0
18015.0
18015.0
18015.0
18015.0
18015.0
18015.0
12779.0
16702.0
17717.0
17884.0
17900.0
17901.0
17901.0
17901.0
17901.0
17901.0
17901.0
17901.0
17901.0
17901.0
17901.0
17901.0
17901.0
17901.0
17901.0
17901.0
17901.0
17901.0
17901.0
17901.0
17901.0
17901.0
17901.0
17901.0
17901.0
17901.0
17901.0
17901.0
17901.0
17901.0
17901.0
17901.0
17901.0
17901.0
17901.0
17901.0
12588.0
16758.0
17863.0
18099.0
18120.0
18121.0
18121.0
18121.0
18121.0
18121.0
18121.0
18121.0
18121.0
18121.0
18121.0
18121.0
18121.0
18121.0
18121.0
18121.0
18121.0
18121.0
18121.0
18121.0
18121.0
18121.0
18121.0
18121.0
18121.0
18121.0
18121.0
18121.0
18121.0
18121.0
18121.0
18121.0
18121.0
18121.0
18121.0
18121.0
12486.0
16383.0
17350.0
17581.0
17596.0
17596.0
17596.0
17596.0
17596.0
17596.0
17596.0
17596.0
17596.0
17596.0
17596.0
17596.0
17596.0
17596.0
17596.0
17596.0
17596.0
17596.0
17596.0
17596.0
17596.0
17596.0
17596.0
17596.0
17596.0
17596.0
17596.0
17596.0
17596.0
17596.0
17596.0
17596.0
17596.0
17596.0
17596.0
17596.0
12955.0
17198.0
18344.0
18586.0
18617.0
18618.0
18619.0
18619.0
18619.0
18619.0
18619.0
18619.0
18619.0
18619.0
18619.0
18619.0
18619.0
18619.0
18619.0
18619.0
18619.0
18619.0
18619.0
18619.0
18619.0
18619.0
18619.0
18619.0
18619.0
18619.0
18619.0
18619.0
18619.0
18619.0
18619.0
18619.0
18619.0
18619.0
18619.0
18619.0
12586.0
16338.0
17340.0
17500.0
17521.0
17522.0
17522.0
17522.0
17522.0
17522.0
17522.0
17522.0
17522.0
17522.0
17522.0
17522.0
17522.0
17522.0
17522.0
17522.0
17522.0
17522.0
17522.0
17522.0
17522.0
17522.0
17522.0
17522.0
17522.0
17522.0
17522.0
17522.0
17522.0
17522.0
17522.0
17522.0
17522.0
17522.0
17522.0
17522.0
12732.0
16932.0
18156.0
18357.0
18382.0
18384.0
18385.0
18385.0
18385.0
18385.0
18385.0
18385.0
18385.0
18385.0
18385.0
18385.0
18385.0
18385.0
18385.0
18385.0
18385.0
18385.0
18385.0
18385.0
18385.0
18385.0
18385.0
18385.0
18385.0
18385.0
18385.0
18385.0
18385.0
18385.0
18385.0
18385.0
18385.0
18385.0
18385.0
18385.0
12715.0
16781.0
17852.0
18017.0
18030.0
18030.0
18030.0
18030.0
18030.0
18030.0
18030.0
18030.0
18030.0
18030.0
18030.0
18030.0
18030.0
18030.0
18030.0
18030.0
18030.0
18030.0
18030.0
18030.0
18030.0
18030.0
18030.0
18030.0
18030.0
18030.0
18030.0
18030.0
18030.0
18030.0
18030.0
18030.0
18030.0
18030.0
18030.0
18030.0
12596.0
16613.0
17690.0
17823.0
17831.0
17831.0
17831.0
17831.0
17831.0
17831.0
17831.0
17831.0
17831.0
17831.0
17831.0
17831.0
17831.0
17831.0
17831.0
17831.0
17831.0
17831.0
17831.0
17831.0
17831.0
17831.0
17831.0
17831.0
17831.0
17831.0
17831.0
17831.0
17831.0
17831.0
17831.0
17831.0
17831.0
17831.0
17831.0
17831.0
12777.0
16923.0
18191.0
18400.0
18419.0
18419.0
18419.0
18419.0
18419.0
18419.0
18419.0
18419.0
18419.0
18419.0
18419.0
18419.0
18419.0
18419.0
18419.0
18419.0
18419.0
18419.0
18419.0
18419.0
18419.0
18419.0
18419.0
18419.0
18419.0
18419.0
18419.0
18419.0
18419.0
18419.0
18419.0
18419.0
18419.0
18419.0
18419.0
18419.0
12706.0
16584.0
17578.0
17752.0
17766.0
17767.0
17767.0
17767.0
17767.0
17767.0
17767.0
17767.0
17767.0
17767.0
17767.0
17767.0
17767.0
17767.0
17767.0
17767.0
17767.0
17767.0
17767.0
17767.0
17767.0
17767.0
17767.0
17767.0
17767.0
17767.0
17767.0
17767.0
17767.0
17767.0
17767.0
17767.0
17767.0
17767.0
17767.0
17767.0
12640.0
16542.0
17591.0
17802.0
17840.0
17846.0
17847.0
17847.0
17847.0
17847.0
17847.0
17847.0
17847.0
17847.0
17847.0
17847.0
17847.0
17847.0
17847.0
17847.0
17847.0
17847.0
17847.0
17847.0
17847.0
17847.0
17847.0
17847.0
17847.0
17847.0
17847.0
17847.0
17847.0
17847.0
17847.0
17847.0
17847.0
17847.0
17847.0
17847.0
12872.0
17156.0
18400.0
18641.0
18657.0
18661.0
18661.0
18661.0
18661.0
18661.0
18661.0
18661.0
18661.0
18661.0
18661.0
18661.0
18661.0
18661.0
18661.0
18661.0
18661.0
18661.0
18661.0
18661.0
18661.0
18661.0
18661.0
18661.0
18661.0
18661.0
18661.0
18661.0
18661.0
18661.0
18661.0
18661.0
18661.0
18661.0
18661.0
18661.0
12932.0
17442.0
18765.0
19038.0
19083.0
19085.0
19085.0
19085.0
19085.0
19085.0
19085.0
19085.0
19085.0
19085.0
19085.0
19085.0
19085.0
19085.0
19085.0
19085.0
19085.0
19085.0
19085.0
19085.0
19085.0
19085.0
19085.0
19085.0
19085.0
19085.0
19085.0
19085.0
19085.0
19085.0
19085.0
19085.0
19085.0
19085.0
19085.0
19085.0
12787.0
17110.0
18454.0
18691.0
18745.0
18745.0
18753.0
18754.0
18754.0
18754.0
18754.0
18754.0
18754.0
18754.0
18754.0
18754.0
18754.0
18754.0
18754.0
18754.0
18754.0
18754.0
18754.0
18754.0
18754.0
18754.0
18754.0
18754.0
18754.0
18754.0
18754.0
18754.0
18754.0
18754.0
18754.0
18754.0
18754.0
18754.0
18754.0
18754.0
12674.0
16925.0
18225.0
18433.0
18461.0
18470.0
18470.0
18470.0
18470.0
18470.0
18470.0
18470.0
18470.0
18470.0
18470.0
18470.0
18470.0
18470.0
18470.0
18470.0
18470.0
18470.0
18470.0
18470.0
18470.0
18470.0
18470.0
18470.0
18470.0
18470.0
18470.0
18470.0
18470.0
18470.0
18470.0
18470.0
18470.0
18470.0
18470.0
18470.0
12792.0
16840.0
17846.0
17971.0
18000.0
18002.0
18002.0
18002.0
18002.0
18002.0
18002.0
18002.0
18002.0
18002.0
18002.0
18002.0
18002.0
18002.0
18002.0
18002.0
18002.0
18002.0
18002.0
18002.0
18002.0
18002.0
18002.0
18002.0
18002.0
18002.0
18002.0
18002.0
18002.0
18002.0
18002.0
18002.0
18002.0
18002.0
18002.0
18002.0
12777.0
16920.0
18006.0
18190.0
18225.0
18226.0
18226.0
18226.0
18226.0
18226.0
18226.0
18226.0
18226.0
18226.0
18226.0
18226.0
18226.0
18226.0
18226.0
18226.0
18226.0
18226.0
18226.0
18226.0
18226.0
18226.0
18226.0
18226.0
18226.0
18226.0
18226.0
18226.0
18226.0
18226.0
18226.0
18226.0
18226.0
18226.0
18226.0
18226.0
12530.0
16494.0
17584.0
17762.0
17784.0
17784.0
17784.0
17784.0
17784.0
17784.0
17784.0
17784.0
17784.0
17784.0
17784.0
17784.0
17784.0
17784.0
17784.0
17784.0
17784.0
17784.0
17784.0
17784.0
17784.0
17784.0
17784.0
17784.0
17784.0
17784.0
17784.0
17784.0
17784.0
17784.0
17784.0
17784.0
17784.0
17784.0
17784.0
17784.0
12754.0
16846.0
18044.0
18207.0
18232.0
18237.0
18237.0
18237.0
18237.0
18237.0
18237.0
18237.0
18237.0
18237.0
18237.0
18237.0
18237.0
18237.0
18237.0
18237.0
18237.0
18237.0
18237.0
18237.0
18237.0
18237.0
18237.0
18237.0
18237.0
18237.0
18237.0
18237.0
18237.0
18237.0
18237.0
18237.0
18237.0
18237.0
18237.0
18237.0
12867.0
17026.0
18119.0
18352.0
18367.0
18369.0
18369.0
18369.0
18369.0
18369.0
18369.0
18369.0
18369.0
18369.0
18369.0
18369.0
18369.0
18369.0
18369.0
18369.0
18369.0
18369.0
18369.0
18369.0
18369.0
18369.0
18369.0
18369.0
18369.0
18369.0
18369.0
18369.0
18369.0
18369.0
18369.0
18369.0
18369.0
18369.0
18369.0
18369.0
12682.0
16504.0
17361.0
17469.0
17474.0
17474.0
17474.0
17474.0
17474.0
17474.0
17474.0
17474.0
17474.0
17474.0
17474.0
17474.0
17474.0
17474.0
17474.0
17474.0
17474.0
17474.0
17474.0
17474.0
17474.0
17474.0
17474.0
17474.0
17474.0
17474.0
17474.0
17474.0
17474.0
17474.0
17474.0
17474.0
17474.0
17474.0
17474.0
17474.0
12615.0
16725.0
17921.0
18221.0
18260.0
18265.0
18265.0
18265.0
18265.0
18265.0
18265.0
18265.0
18265.0
18265.0
18265.0
18265.0
18265.0
18265.0
18265.0
18265.0
18265.0
18265.0
18265.0
18265.0
18265.0
18265.0
18265.0
18265.0
18265.0
18265.0
18265.0
18265.0
18265.0
18265.0
18265.0
18265.0
18265.0
18265.0
18265.0
18265.0
12841.0
16909.0
17903.0
18129.0
18159.0
18165.0
18165.0
18165.0
18165.0
18165.0
18165.0
18165.0
18165.0
18165.0
18165.0
18165.0
18165.0
18165.0
18165.0
18165.0
18165.0
18165.0
18165.0
18165.0
18165.0
18165.0
18165.0
18165.0
18165.0
18165.0
18165.0
18165.0
18165.0
18165.0
18165.0
18165.0
18165.0
18165.0
18165.0
18165.0
12911.0
17151.0
18160.0
18328.0
18347.0
18356.0
18356.0
18356.0
18356.0
18356.0
18356.0
18356.0
18356.0
18356.0
18356.0
18356.0
18356.0
18356.0
18356.0
18356.0
18356.0
18356.0
18356.0
18356.0
18356.0
18356.0
18356.0
18356.0
18356.0
18356.0
18356.0
18356.0
18356.0
18356.0
18356.0
18356.0
18356.0
18356.0
18356.0
18356.0
12761.0
16666.0
17651.0
17783.0
17805.0
17805.0
17805.0
17805.0
17805.0
17805.0
17805.0
17805.0
17805.0
17805.0
17805.0
17805.0
17805.0
17805.0
17805.0
17805.0
17805.0
17805.0
17805.0
17805.0
17805.0
17805.0
17805.0
17805.0
17805.0
17805.0
17805.0
17805.0
17805.0
17805.0
17805.0
17805.0
17805.0
17805.0
17805.0
17805.0
12621.0
16517.0
17440.0
17585.0
17589.0
17589.0
17589.0
17589.0
17589.0
17589.0
17589.0
17589.0
17589.0
17589.0
17589.0
17589.0
17589.0
17589.0
17589.0
17589.0
17589.0
17589.0
17589.0
17589.0
17589.0
17589.0
17589.0
17589.0
17589.0
17589.0
17589.0
17589.0
17589.0
17589.0
17589.0
17589.0
17589.0
17589.0
17589.0
17589.0
12810.0
17174.0
18484.0
18716.0
18750.0
18762.0
18762.0
18762.0
18762.0
18762.0
18762.0
18762.0
18762.0
18762.0
18762.0
18762.0
18762.0
18762.0
18762.0
18762.0
18762.0
18762.0
18762.0
18762.0
18762.0
18762.0
18762.0
18762.0
18762.0
18762.0
18762.0
18762.0
18762.0
18762.0
18762.0
18762.0
18762.0
18762.0
18762.0
18762.0
12668.0
16552.0
17674.0
17838.0
17864.0
17865.0
17865.0
17865.0
17865.0
17865.0
17865.0
17865.0
17865.0
17865.0
17865.0
17865.0
17865.0
17865.0
17865.0
17865.0
17865.0
17865.0
17865.0
17865.0
17865.0
17865.0
17865.0
17865.0
17865.0
17865.0
17865.0
17865.0
17865.0
17865.0
17865.0
17865.0
17865.0
17865.0
17865.0
17865.0
12570.0
16447.0
17433.0
17597.0
17609.0
17610.0
17610.0
17610.0
17610.0
17610.0
17610.0
17610.0
17610.0
17610.0
17610.0
17610.0
17610.0
17610.0
17610.0
17610.0
17610.0
17610.0
17610.0
17610.0
17610.0
17610.0
17610.0
17610.0
17610.0
17610.0
17610.0
17610.0
17610.0
17610.0
17610.0
17610.0
17610.0
17610.0
17610.0
17610.0
12728.0
16587.0
17517.0
17663.0
17686.0
17686.0
17686.0
17686.0
17686.0
17686.0
17686.0
17686.0
17686.0
17686.0
17686.0
17686.0
17686.0
17686.0
17686.0
17686.0
17686.0
17686.0
17686.0
17686.0
17686.0
17686.0
17686.0
17686.0
17686.0
17686.0
17686.0
17686.0
17686.0
17686.0
17686.0
17686.0
17686.0
17686.0
17686.0
17686.0
12952.0
17322.0
18704.0
19061.0
19099.0
19101.0
19102.0
19102.0
19102.0
19102.0
19102.0
19102.0
19102.0
19102.0
19102.0
19102.0
19102.0
19102.0
19102.0
19102.0
19102.0
19102.0
19102.0
19102.0
19102.0
19102.0
19102.0
19102.0
19102.0
19102.0
19102.0
19102.0
19102.0
19102.0
19102.0
19102.0
19102.0
19102.0
19102.0
19102.0
13030.0
17157.0
18359.0
18535.0
18557.0
18560.0
18560.0
18560.0
18560.0
18560.0
18560.0
18560.0
18560.0
18560.0
18560.0
18560.0
18560.0
18560.0
18560.0
18560.0
18560.0
18560.0
18560.0
18560.0
18560.0
18560.0
18560.0
18560.0
18560.0
18560.0
18560.0
18560.0
18560.0
18560.0
18560.0
18560.0
18560.0
18560.0
18560.0
18560.0
12972.0
17377.0
18757.0
18972.0
19006.0
19007.0
19007.0
19007.0
19007.0
19007.0
19007.0
19007.0
19007.0
19007.0
19007.0
19007.0
19007.0
19007.0
19007.0
19007.0
19007.0
19007.0
19007.0
19007.0
19007.0
19007.0
19007.0
19007.0
19007.0
19007.0
19007.0
19007.0
19007.0
19007.0
19007.0
19007.0
19007.0
19007.0
19007.0
19007.0
12673.0
16647.0
17728.0
17880.0
17896.0
17898.0
17898.0
17898.0
17898.0
17898.0
17898.0
17898.0
17898.0
17898.0
17898.0
17898.0
17898.0
17898.0
17898.0
17898.0
17898.0
17898.0
17898.0
17898.0
17898.0
17898.0
17898.0
17898.0
17898.0
17898.0
17898.0
17898.0
17898.0
17898.0
17898.0
17898.0
17898.0
17898.0
17898.0
17898.0
12655.0
16429.0
17543.0
17738.0
17756.0
17756.0
17756.0
17756.0
17756.0
17756.0
17756.0
17756.0
17756.0
17756.0
17756.0
17756.0
17756.0
17756.0
17756.0
17756.0
17756.0
17756.0
17756.0
17756.0
17756.0
17756.0
17756.0
17756.0
17756.0
17756.0
17756.0
17756.0
17756.0
17756.0
17756.0
17756.0
17756.0
17756.0
17756.0
17756.0
12636.0
16483.0
17505.0
17662.0
17677.0
17678.0
17678.0
17678.0
17678.0
17678.0
17678.0
17678.0
17678.0
17678.0
17678.0
17678.0
17678.0
17678.0
17678.0
17678.0
17678.0
17678.0
17678.0
17678.0
17678.0
17678.0
17678.0
17678.0
17678.0
17678.0
17678.0
17678.0
17678.0
17678.0
17678.0
17678.0
17678.0
17678.0
17678.0
17678.0
12732.0
17173.0
18398.0
18609.0
18647.0
18648.0
18648.0
18648.0
18648.0
18648.0
18648.0
18648.0
18648.0
18648.0
18648.0
18648.0
18648.0
18648.0
18648.0
18648.0
18648.0
18648.0
18648.0
18648.0
18648.0
18648.0
18648.0
18648.0
18648.0
18648.0
18648.0
18648.0
18648.0
18648.0
18648.0
18648.0
18648.0
18648.0
18648.0
18648.0
12756.0
16880.0
17993.0
18123.0
18130.0
18130.0
18130.0
18130.0
18130.0
18130.0
18130.0
18130.0
18130.0
18130.0
18130.0
18130.0
18130.0
18130.0
18130.0
18130.0
18130.0
18130.0
18130.0
18130.0
18130.0
18130.0
18130.0
18130.0
18130.0
18130.0
18130.0
18130.0
18130.0
18130.0
18130.0
18130.0
18130.0
18130.0
18130.0
18130.0
12257.0
16001.0
17055.0
17216.0
17223.0
17224.0
17224.0
17224.0
17224.0
17224.0
17224.0
17224.0
17224.0
17224.0
17224.0
17224.0
17224.0
17224.0
17224.0
17224.0
17224.0
17224.0
17224.0
17224.0
17224.0
17224.0
17224.0
17224.0
17224.0
17224.0
17224.0
17224.0
17224.0
17224.0
17224.0
17224.0
17224.0
17224.0
17224.0
17224.0
13069.0
17062.0
17969.0
18095.0
18119.0
18120.0
18120.0
18120.0
18120.0
18120.0
18120.0
18120.0
18120.0
18120.0
18120.0
18120.0
18120.0
18120.0
18120.0
18120.0
18120.0
18120.0
18120.0
18120.0
18120.0
18120.0
18120.0
18120.0
18120.0
18120.0
18120.0
18120.0
18120.0
18120.0
18120.0
18120.0
18120.0
18120.0
18120.0
18120.0
12778.0
16928.0
18095.0
18326.0
18356.0
18356.0
18356.0
18356.0
18356.0
18356.0
18356.0
18356.0
18356.0
18356.0
18356.0
18356.0
18356.0
18356.0
18356.0
18356.0
18356.0
18356.0
18356.0
18356.0
18356.0
18356.0
18356.0
18356.0
18356.0
18356.0
18356.0
18356.0
18356.0
18356.0
18356.0
18356.0
18356.0
18356.0
18356.0
18356.0
12586.0
16557.0
17743.0
17988.0
18015.0
18015.0
18015.0
18015.0
18015.0
18015.0
18015.0
18015.0
18015.0
18015.0
18015.0
18015.0
18015.0
18015.0
18015.0
18015.0
18015.0
18015.0
18015.0
18015.0
18015.0
18015.0
18015.0
18015.0
18015.0
18015.0
18015.0
18015.0
18015.0
18015.0
18015.0
18015.0
18015.0
18015.0
18015.0
18015.0
12598.0
16478.0
17563.0
17753.0
17760.0
17761.0
17761.0
17761.0
17761.0
17761.0
17761.0
17761.0
17761.0
17761.0
17761.0
17761.0
17761.0
17761.0
17761.0
17761.0
17761.0
17761.0
17761.0
17761.0
17761.0
17761.0
17761.0
17761.0
17761.0
17761.0
17761.0
17761.0
17761.0
17761.0
17761.0
17761.0
17761.0
17761.0
17761.0
17761.0
12485.0
16275.0
17219.0
17425.0
17434.0
17435.0
17436.0
17436.0
17436.0
17436.0
17436.0
17436.0
17436.0
17436.0
17436.0
17436.0
17436.0
17436.0
17436.0
17436.0
17436.0
17436.0
17436.0
17436.0
17436.0
17436.0
17436.0
17436.0
17436.0
17436.0
17436.0
17436.0
17436.0
17436.0
17436.0
17436.0
17436.0
17436.0
17436.0
17436.0
12418.0
16098.0
16988.0
17118.0
17137.0
17137.0
17137.0
17137.0
17137.0
17137.0
17137.0
17137.0
17137.0
17137.0
17137.0
17137.0
17137.0
17137.0
17137.0
17137.0
17137.0
17137.0
17137.0
17137.0
17137.0
17137.0
17137.0
17137.0
17137.0
17137.0
17137.0
17137.0
17137.0
17137.0
17137.0
17137.0
17137.0
17137.0
17137.0
17137.0
12635.0
16567.0
17686.0
17860.0
17884.0
17887.0
17888.0
17888.0
17888.0
17888.0
17888.0
17888.0
17888.0
17888.0
17888.0
17888.0
17888.0
17888.0
17888.0
17888.0
17888.0
17888.0
17888.0
17888.0
17888.0
17888.0
17888.0
17888.0
17888.0
17888.0
17888.0
17888.0
17888.0
17888.0
17888.0
17888.0
17888.0
17888.0
17888.0
17888.0
12777.0
17175.0
18541.0
18785.0
18817.0
18823.0
18824.0
18824.0
18824.0
18824.0
18824.0
18824.0
18824.0
18824.0
18824.0
18824.0
18824.0
18824.0
18824.0
18824.0
18824.0
18824.0
18824.0
18824.0
18824.0
18824.0
18824.0
18824.0
18824.0
18824.0
18824.0
18824.0
18824.0
18824.0
18824.0
18824.0
18824.0
18824.0
18824.0
18824.0
12715.0
16747.0
17836.0
18018.0
18049.0
18053.0
18053.0
18053.0
18053.0
18053.0
18053.0
18053.0
18053.0
18053.0
18053.0
18053.0
18053.0
18053.0
18053.0
18053.0
18053.0
18053.0
18053.0
18053.0
18053.0
18053.0
18053.0
18053.0
18053.0
18053.0
18053.0
18053.0
18053.0
18053.0
18053.0
18053.0
18053.0
18053.0
18053.0
18053.0
12717.0
16844.0
18114.0
18384.0
18451.0
18462.0
18462.0
18462.0
18462.0
18462.0
18462.0
18462.0
18462.0
18462.0
18462.0
18462.0
18462.0
18462.0
18462.0
18462.0
18462.0
18462.0
18462.0
18462.0
18462.0
18462.0
18462.0
18462.0
18462.0
18462.0
18462.0
18462.0
18462.0
18462.0
18462.0
18462.0
18462.0
18462.0
18462.0
18462.0
12725.0
16926.0
18189.0
18460.0
18526.0
18530.0
18531.0
18531.0
18531.0
18531.0
18531.0
18531.0
18531.0
18531.0
18531.0
18531.0
18531.0
18531.0
18531.0
18531.0
18531.0
18531.0
18531.0
18531.0
18531.0
18531.0
18531.0
18531.0
18531.0
18531.0
18531.0
18531.0
18531.0
18531.0
18531.0
18531.0
18531.0
18531.0
18531.0
18531.0
12831.0
16916.0
18001.0
18151.0
18162.0
18174.0
18174.0
18174.0
18174.0
18174.0
18174.0
18174.0
18174.0
18174.0
18174.0
18174.0
18174.0
18174.0
18174.0
18174.0
18174.0
18174.0
18174.0
18174.0
18174.0
18174.0
18174.0
18174.0
18174.0
18174.0
18174.0
18174.0
18174.0
18174.0
18174.0
18174.0
18174.0
18174.0
18174.0
18174.0
12701.0
16959.0
18175.0
18388.0
18418.0
18420.0
18420.0
18420.0
18420.0
18420.0
18420.0
18420.0
18420.0
18420.0
18420.0
18420.0
18420.0
18420.0
18420.0
18420.0
18420.0
18420.0
18420.0
18420.0
18420.0
18420.0
18420.0
18420.0
18420.0
18420.0
18420.0
18420.0
18420.0
18420.0
18420.0
18420.0
18420.0
18420.0
18420.0
18420.0
12981.0
17406.0
18755.0
18979.0
19013.0
19019.0
19019.0
19019.0
19019.0
19019.0
19019.0
19019.0
19019.0
19019.0
19019.0
19019.0
19019.0
19019.0
19019.0
19019.0
19019.0
19019.0
19019.0
19019.0
19019.0
19019.0
19019.0
19019.0
19019.0
19019.0
19019.0
19019.0
19019.0
19019.0
19019.0
19019.0
19019.0
19019.0
19019.0
19019.0
12649.0
16913.0
18272.0
18596.0
18642.0
18647.0
18656.0
18656.0
18656.0
18656.0
18656.0
18656.0
18656.0
18656.0
18656.0
18656.0
18656.0
18656.0
18656.0
18656.0
18656.0
18656.0
18656.0
18656.0
18656.0
18656.0
18656.0
18656.0
18656.0
18656.0
18656.0
18656.0
18656.0
18656.0
18656.0
18656.0
18656.0
18656.0
18656.0
18656.0
12667.0
16623.0
17633.0
17770.0
17776.0
17777.0
17777.0
17777.0
17777.0
17777.0
17777.0
17777.0
17777.0
17777.0
17777.0
17777.0
17777.0
17777.0
17777.0
17777.0
17777.0
17777.0
17777.0
17777.0
17777.0
17777.0
17777.0
17777.0
17777.0
17777.0
17777.0
17777.0
17777.0
17777.0
17777.0
17777.0
17777.0
17777.0
17777.0
17777.0
12562.0
16597.0
17686.0
17874.0
17904.0
17933.0
17933.0
17933.0
17933.0
17933.0
17933.0
17933.0
17933.0
17933.0
17933.0
17933.0
17933.0
17933.0
17933.0
17933.0
17933.0
17933.0
17933.0
17933.0
17933.0
17933.0
17933.0
17933.0
17933.0
17933.0
17933.0
17933.0
17933.0
17933.0
17933.0
17933.0
17933.0
17933.0
17933.0
17933.0
12820.0
16724.0
17729.0
17962.0
18001.0
18003.0
18003.0
18003.0
18003.0
18003.0
18003.0
18003.0
18003.0
18003.0
18003.0
18003.0
18003.0
18003.0
18003.0
18003.0
18003.0
18003.0
18003.0
18003.0
18003.0
18003.0
18003.0
18003.0
18003.0
18003.0
18003.0
18003.0
18003.0
18003.0
18003.0
18003.0
18003.0
18003.0
18003.0
18003.0
12644.0
16865.0
18084.0
18328.0
18381.0
18383.0
18383.0
18383.0
18383.0
18383.0
18383.0
18383.0
18383.0
18383.0
18383.0
18383.0
18383.0
18383.0
18383.0
18383.0
18383.0
18383.0
18383.0
18383.0
18383.0
18383.0
18383.0
18383.0
18383.0
18383.0
18383.0
18383.0
18383.0
18383.0
18383.0
18383.0
18383.0
18383.0
18383.0
18383.0
12590.0
16713.0
17990.0
18271.0
18335.0
18351.0
18352.0
18352.0
18352.0
18352.0
18352.0
18352.0
18352.0
18352.0
18352.0
18352.0
18352.0
18352.0
18352.0
18352.0
18352.0
18352.0
18352.0
18352.0
18352.0
18352.0
18352.0
18352.0
18352.0
18352.0
18352.0
18352.0
18352.0
18352.0
18352.0
18352.0
18352.0
18352.0
18352.0
18352.0
12797.0
17079.0
18338.0
18556.0
18590.0
18599.0
18599.0
18599.0
18599.0
18599.0
18599.0
18599.0
18599.0
18599.0
18599.0
18599.0
18599.0
18599.0
18599.0
18599.0
18599.0
18599.0
18599.0
18599.0
18599.0
18599.0
18599.0
18599.0
18599.0
18599.0
18599.0
18599.0
18599.0
18599.0
18599.0
18599.0
18599.0
18599.0
18599.0
18599.0
12840.0
17000.0
18018.0
18251.0
18273.0
18273.0
18273.0
18273.0
18273.0
18273.0
18273.0
18273.0
18273.0
18273.0
18273.0
18273.0
18273.0
18273.0
18273.0
18273.0
18273.0
18273.0
18273.0
18273.0
18273.0
18273.0
18273.0
18273.0
18273.0
18273.0
18273.0
18273.0
18273.0
18273.0
18273.0
18273.0
18273.0
18273.0
18273.0
18273.0
12865.0
17152.0
18393.0
18663.0
18706.0
18707.0
18707.0
18707.0
18707.0
18707.0
18707.0
18707.0
18707.0
18707.0
18707.0
18707.0
18707.0
18707.0
18707.0
18707.0
18707.0
18707.0
18707.0
18707.0
18707.0
18707.0
18707.0
18707.0
18707.0
18707.0
18707.0
18707.0
18707.0
18707.0
18707.0
18707.0
18707.0
18707.0
18707.0
18707.0
12673.0
16775.0
17955.0
18178.0
18212.0
18219.0
18220.0
18221.0
18221.0
18221.0
18221.0
18221.0
18221.0
18221.0
18221.0
18221.0
18221.0
18221.0
18221.0
18221.0
18221.0
18221.0
18221.0
18221.0
18221.0
18221.0
18221.0
18221.0
18221.0
18221.0
18221.0
18221.0
18221.0
18221.0
18221.0
18221.0
18221.0
18221.0
18221.0
18221.0
12716.0
16925.0
18030.0
18237.0
18273.0
18274.0
18274.0
18274.0
18274.0
18274.0
18274.0
18274.0
18274.0
18274.0
18274.0
18274.0
18274.0
18274.0
18274.0
18274.0
18274.0
18274.0
18274.0
18274.0
18274.0
18274.0
18274.0
18274.0
18274.0
18274.0
18274.0
18274.0
18274.0
18274.0
18274.0
18274.0
18274.0
18274.0
18274.0
18274.0
12813.0
16755.0
17868.0
18044.0
18079.0
18079.0
18079.0
18079.0
18079.0
18079.0
18079.0
18079.0
18079.0
18079.0
18079.0
18079.0
18079.0
18079.0
18079.0
18079.0
18079.0
18079.0
18079.0
18079.0
18079.0
18079.0
18079.0
18079.0
18079.0
18079.0
18079.0
18079.0
18079.0
18079.0
18079.0
18079.0
18079.0
18079.0
18079.0
18079.0
12679.0
16848.0
18045.0
18296.0
18324.0
18324.0
18324.0
18324.0
18324.0
18324.0
18324.0
18324.0
18324.0
18324.0
18324.0
18324.0
18324.0
18324.0
18324.0
18324.0
18324.0
18324.0
18324.0
18324.0
18324.0
18324.0
18324.0
18324.0
18324.0
18324.0
18324.0
18324.0
18324.0
18324.0
18324.0
18324.0
18324.0
18324.0
18324.0
18324.0
12680.0
16767.0
18070.0
18348.0
18391.0
18396.0
18396.0
18396.0
18396.0
18396.0
18396.0
18396.0
18396.0
18396.0
18396.0
18396.0
18396.0
18396.0
18396.0
18396.0
18396.0
18396.0
18396.0
18396.0
18396.0
18396.0
18396.0
18396.0
18396.0
18396.0
18396.0
18396.0
18396.0
18396.0
18396.0
18396.0
18396.0
18396.0
18396.0
18396.0
