12924
18862
20700
21070
21098
21116
21116
21116
21116
21116
21116
21116
21116
21116
21116
21116
21116
21116
21116
21116
21116
21116
21116
21116
21116
21116
21116
21116
21116
21116
21116
21116
21116
21116
21116
21116
21116
21116
21116
21116
12671
18503
20126
20453
20558
20579
20579
20579
20579
20579
20579
20579
20579
20579
20579
20579
20579
20579
20579
20579
20579
20579
20579
20579
20579
20579
20579
20579
20579
20579
20579
20579
20579
20579
20579
20579
20579
20579
20579
20579
12512
18251
19819
20182
20230
20230
20230
20230
20230
20230
20230
20230
20230
20230
20230
20230
20230
20230
20230
20230
20230
20230
20230
20230
20230
20230
20230
20230
20230
20230
20230
20230
20230
20230
20230
20230
20230
20230
20230
20230
12615
18376
20049
20329
20335
20335
20335
20335
20335
20335
20335
20335
20335
20335
20335
20335
20335
20335
20335
20335
20335
20335
20335
20335
20335
20335
20335
20335
20335
20335
20335
20335
20335
20335
20335
20335
20335
20335
20335
20335
12674
18693
20296
20588
20653
20654
20654
20654
20654
20654
20654
20654
20654
20654
20654
20654
20654
20654
20654
20654
20654
20654
20654
20654
20654
20654
20654
20654
20654
20654
20654
20654
20654
20654
20654
20654
20654
20654
20654
20654
12778
18789
20672
21118
21170
21170
21170
21170
21170
21170
21170
21170
21170
21170
21170
21170
21170
21170
21170
21170
21170
21170
21170
21170
21170
21170
21170
21170
21170
21170
21170
21170
21170
21170
21170
21170
21170
21170
21170
21170
12714
18506
20330
20730
20854
20875
20876
20876
20876
20876
20876
20876
20876
20876
20876
20876
20876
20876
20876
20876
20876
20876
20876
20876
20876
20876
20876
20876
20876
20876
20876
20876
20876
20876
20876
20876
20876
20876
20876
20876
12877
19291
21351
21832
21938
21950
21950
21950
21950
21950
21950
21950
21950
21950
21950
21950
21950
21950
21950
21950
21950
21950
21950
21950
21950
21950
21950
21950
21950
21950
21950
21950
21950
21950
21950
21950
21950
21950
21950
21950
12784
19157
21241
21607
21664
21664
21664
21664
21664
21664
21664
21664
21664
21664
21664
21664
21664
21664
21664
21664
21664
21664
21664
21664
21664
21664
21664
21664
21664
21664
21664
21664
21664
21664
21664
21664
21664
21664
21664
21664
12891
19005
21013
21463
21535
21550
21561
21561
21561
21561
21561
21561
21561
21561
21561
21561
21561
21561
21561
21561
21561
21561
21561
21561
21561
21561
21561
21561
21561
21561
21561
21561
21561
21561
21561
21561
21561
21561
21561
21561
12795
19022
20989
21399
21459
21459
21459
21459
21459
21459
21459
21459
21459
21459
21459
21459
21459
21459
21459
21459
21459
21459
21459
21459
21459
21459
21459
21459
21459
21459
21459
21459
21459
21459
21459
21459
21459
21459
21459
21459
12884
18635
20115
20284
20292
20293
20293
20293
20293
20293
20293
20293
20293
20293
20293
20293
20293
20293
20293
20293
20293
20293
20293
20293
20293
20293
20293
20293
20293
20293
20293
20293
20293
20293
20293
20293
20293
20293
20293
20293
12761
18674
20494
20846
20908
20910
20910
20910
20910
20910
20910
20910
20910
20910
20910
20910
20910
20910
20910
20910
20910
20910
20910
20910
20910
20910
20910
20910
20910
20910
20910
20910
20910
20910
20910
20910
20910
20910
20910
20910
12944
19112
20971
21244
21256
21256
21256
21256
21256
21256
21256
21256
21256
21256
21256
21256
21256
21256
21256
21256
21256
21256
21256
21256
21256
21256
21256
21256
21256
21256
21256
21256
21256
21256
21256
21256
21256
21256
21256
21256
12878
18794
20560
20979
21089
21108
21109
21109
21109
21109
21109
21109
21109
21109
21109
21109
21109
21109
21109
21109
21109
21109
21109
21109
21109
21109
21109
21109
21109
21109
21109
21109
21109
21109
21109
21109
21109
21109
21109
21109
12539
18592
20405
20782
20878
20879
20879
20879
20879
20879
20879
20879
20879
20879
20879
20879
20879
20879
20879
20879
20879
20879
20879
20879
20879
20879
20879
20879
20879
20879
20879
20879
20879
20879
20879
20879
20879
20879
20879
20879
12578
18318
20033
20361
20421
20421
20421
20421
20421
20421
20421
20421
20421
20421
20421
20421
20421
20421
20421
20421
20421
20421
20421
20421
20421
20421
20421
20421
20421
20421
20421
20421
20421
20421
20421
20421
20421
20421
20421
20421
12624
18429
20087
20408
20463
20483
20484
20484
20484
20484
20484
20484
20484
20484
20484
20484
20484
20484
20484
20484
20484
20484
20484
20484
20484
20484
20484
20484
20484
20484
20484
20484
20484
20484
20484
20484
20484
20484
20484
20484
12743
18666
20492
20848
20892
20895
20895
20895
20895
20895
20895
20895
20895
20895
20895
20895
20895
20895
20895
20895
20895
20895
20895
20895
20895
20895
20895
20895
20895
20895
20895
20895
20895
20895
20895
20895
20895
20895
20895
20895
12780
18875
20796
21193
21271
21273
21273
21273
21273
21273
21273
21273
21273
21273
21273
21273
21273
21273
21273
21273
21273
21273
21273
21273
21273
21273
21273
21273
21273
21273
21273
21273
21273
21273
21273
21273
21273
21273
21273
21273
12823
18817
20577
20924
20966
20970
20970
20970
20970
20970
20970
20970
20970
20970
20970
20970
20970
20970
20970
20970
20970
20970
20970
20970
20970
20970
20970
20970
20970
20970
20970
20970
20970
20970
20970
20970
20970
20970
20970
20970
12698
18559
20431
20796
20854
20857
20857
20857
20857
20857
20857
20857
20857
20857
20857
20857
20857
20857
20857
20857
20857
20857
20857
20857
20857
20857
20857
20857
20857
20857
20857
20857
20857
20857
20857
20857
20857
20857
20857
20857
12779
18796
20692
21117
21219
21227
21227
21227
21227
21227
21227
21227
21227
21227
21227
21227
21227
21227
21227
21227
21227
21227
21227
21227
21227
21227
21227
21227
21227
21227
21227
21227
21227
21227
21227
21227
21227
21227
21227
21227
12673
18250
19895
20128
20175
20177
20177
20177
20177
20177
20177
20177
20177
20177
20177
20177
20177
20177
20177
20177
20177
20177
20177
20177
20177
20177
20177
20177
20177
20177
20177
20177
20177
20177
20177
20177
20177
20177
20177
20177
12829
19021
20907
21354
21460
21474
21474
21474
21474
21474
21474
21474
21474
21474
21474
21474
21474
21474
21474
21474
21474
21474
21474
21474
21474
21474
21474
21474
21474
21474
21474
21474
21474
21474
21474
21474
21474
21474
21474
21474
12829
19040
21013
21421
21517
21561
21596
21612
21613
21613
21613
21613
21613
21613
21613
21613
21613
21613
21613
21613
21613
21613
21613
21613
21613
21613
21613
21613
21613
21613
21613
21613
21613
21613
21613
21613
21613
21613
21613
21613
12695
18621
20463
20767
20804
20814
20814
20814
20814
20814
20814
20814
20814
20814
20814
20814
20814
20814
20814
20814
20814
20814
20814
20814
20814
20814
20814
20814
20814
20814
20814
20814
20814
20814
20814
20814
20814
20814
20814
20814
12690
18573
20236
20531
20552
20553
20553
20553
20553
20553
20553
20553
20553
20553
20553
20553
20553
20553
20553
20553
20553
20553
20553
20553
20553
20553
20553
20553
20553
20553
20553
20553
20553
20553
20553
20553
20553
20553
20553
20553
12603
18225
19820
20145
20185
20203
20219
20219
20219
20219
20219
20219
20219
20219
20219
20219
20219
20219
20219
20219
20219
20219
20219
20219
20219
20219
20219
20219
20219
20219
20219
20219
20219
20219
20219
20219
20219
20219
20219
20219
12752
18665
20451
20793
20825
20826
20826
20826
20826
20826
20826
20826
20826
20826
20826
20826
20826
20826
20826
20826
20826
20826
20826
20826
20826
20826
20826
20826
20826
20826
20826
20826
20826
20826
20826
20826
20826
20826
20826
20826
12776
18557
20239
20657
20688
20689
20689
20689
20689
20689
20689
20689
20689
20689
20689
20689
20689
20689
20689
20689
20689
20689
20689
20689
20689
20689
20689
20689
20689
20689
20689
20689
20689
20689
20689
20689
20689
20689
20689
20689
12859
19026
20960
21390
21450
21454
21455
21456
21457
21457
21457
21457
21457
21457
21457
21457
21457
21457
21457
21457
21457
21457
21457
21457
21457
21457
21457
21457
21457
21457
21457
21457
21457
21457
21457
21457
21457
21457
21457
21457
12692
18615
20382
20721
20786
20792
20792
20792
20792
20792
20792
20792
20792
20792
20792
20792
20792
20792
20792
20792
20792
20792
20792
20792
20792
20792
20792
20792
20792
20792
20792
20792
20792
20792
20792
20792
20792
20792
20792
20792
12579
18331
20045
20329
20359
20361
20361
20361
20361
20361
20361
20361
20361
20361
20361
20361
20361
20361
20361
20361
20361
20361
20361
20361
20361
20361
20361
20361
20361
20361
20361
20361
20361
20361
20361
20361
20361
20361
20361
20361
12822
18422
19903
20184
20228
20228
20228
20228
20228
20228
20228
20228
20228
20228
20228
20228
20228
20228
20228
20228
20228
20228
20228
20228
20228
20228
20228
20228
20228
20228
20228
20228
20228
20228
20228
20228
20228
20228
20228
20228
12591
18090
19516
19758
19795
19797
19798
19798
19798
19798
19798
19798
19798
19798
19798
19798
19798
19798
19798
19798
19798
19798
19798
19798
19798
19798
19798
19798
19798
19798
19798
19798
19798
19798
19798
19798
19798
19798
19798
19798
12682
18541
20199
20558
20578
20579
20579
20579
20579
20579
20579
20579
20579
20579
20579
20579
20579
20579
20579
20579
20579
20579
20579
20579
20579
20579
20579
20579
20579
20579
20579
20579
20579
20579
20579
20579
20579
20579
20579
20579
12568
18365
19983
20356
20415
20442
20442
20442
20442
20442
20442
20442
20442
20442
20442
20442
20442
20442
20442
20442
20442
20442
20442
20442
20442
20442
20442
20442
20442
20442
20442
20442
20442
20442
20442
20442
20442
20442
20442
20442
12799
18724
20450
20826
20894
20895
20895
20895
20895
20895
20895
20895
20895
20895
20895
20895
20895
20895
20895
20895
20895
20895
20895
20895
20895
20895
20895
20895
20895
20895
20895
20895
20895
20895
20895
20895
20895
20895
20895
20895
12511
18278
19949
20278
20341
20343
20343
20343
20343
20343
20343
20343
20343
20343
20343
20343
20343
20343
20343
20343
20343
20343
20343
20343
20343
20343
20343
20343
20343
20343
20343
20343
20343
20343
20343
20343
20343
20343
20343
20343
12308
17810
19518
19847
19877
19877
19877
19877
19877
19877
19877
19877
19877
19877
19877
19877
19877
19877
19877
19877
19877
19877
19877
19877
19877
19877
19877
19877
19877
19877
19877
19877
19877
19877
19877
19877
19877
19877
19877
19877
12598
18338
20037
20283
20343
20356
20356
20356
20356
20356
20356
20356
20356
20356
20356
20356
20356
20356
20356
20356
20356
20356
20356
20356
20356
20356
20356
20356
20356
20356
20356
20356
20356
20356
20356
20356
20356
20356
20356
20356
12779
18709
20489
20840
20905
20905
20905
20905
20905
20905
20905
20905
20905
20905
20905
20905
20905
20905
20905
20905
20905
20905
20905
20905
20905
20905
20905
20905
20905
20905
20905
20905
20905
20905
20905
20905
20905
20905
20905
20905
12514
18215
20005
20378
20472
20473
20473
20473
20473
20473
20473
20473
20473
20473
20473
20473
20473
20473
20473
20473
20473
20473
20473
20473
20473
20473
20473
20473
20473
20473
20473
20473
20473
20473
20473
20473
20473
20473
20473
20473
12925
18596
20117
20371
20374
20374
20374
20374
20374
20374
20374
20374
20374
20374
20374
20374
20374
20374
20374
20374
20374
20374
20374
20374
20374
20374
20374
20374
20374
20374
20374
20374
20374
20374
20374
20374
20374
20374
20374
20374
12837
18841
20533
20855
20914
20915
20915
20915
20915
20915
20915
20915
20915
20915
20915
20915
20915
20915
20915
20915
20915
20915
20915
20915
20915
20915
20915
20915
20915
20915
20915
20915
20915
20915
20915
20915
20915
20915
20915
20915
12793
18685
20674
21046
21107
21108
21108
21108
21108
21108
21108
21108
21108
21108
21108
21108
21108
21108
21108
21108
21108
21108
21108
21108
21108
21108
21108
21108
21108
21108
21108
21108
21108
21108
21108
21108
21108
21108
21108
21108
12859
18952
20674
21056
21135
21142
21145
21145
21145
21145
21145
21145
21145
21145
21145
21145
21145
21145
21145
21145
21145
21145
21145
21145
21145
21145
21145
21145
21145
21145
21145
21145
21145
21145
21145
21145
21145
21145
21145
21145
12693
18707
20703
21095
21161
21162
21163
21163
21163
21163
21163
21163
21163
21163
21163
21163
21163
21163
21163
21163
21163
21163
21163
21163
21163
21163
21163
21163
21163
21163
21163
21163
21163
21163
21163
21163
21163
21163
21163
21163
12815
18765
20452
20834
20889
20890
20890
20890
20890
20890
20890
20890
20890
20890
20890
20890
20890
20890
20890
20890
20890
20890
20890
20890
20890
20890
20890
20890
20890
20890
20890
20890
20890
20890
20890
20890
20890
20890
20890
20890
12500
18107
19692
20015
20040
20049
20049
20049
20049
20049
20049
20049
20049
20049
20049
20049
20049
20049
20049
20049
20049
20049
20049
20049
20049
20049
20049
20049
20049
20049
20049
20049
20049
20049
20049
20049
20049
20049
20049
20049
12440
18195
19922
20350
20431
20431
20431
20431
20431
20431
20431
20431
20431
20431
20431
20431
20431
20431
20431
20431
20431
20431
20431
20431
20431
20431
20431
20431
20431
20431
20431
20431
20431
20431
20431
20431
20431
20431
20431
20431
12445
18356
20216
20609
20679
20679
20679
20679
20679
20679
20679
20679
20679
20679
20679
20679
20679
20679
20679
20679
20679
20679
20679
20679
20679
20679
20679
20679
20679
20679
20679
20679
20679
20679
20679
20679
20679
20679
20679
20679
12685
18265
19834
20103
20136
20148
20148
20148
20148
20148
20148
20148
20148
20148
20148
20148
20148
20148
20148
20148
20148
20148
20148
20148
20148
20148
20148
20148
20148
20148
20148
20148
20148
20148
20148
20148
20148
20148
20148
20148
12689
18648
20316
20614
20713
20728
20728
20728
20728
20728
20728
20728
20728
20728
20728
20728
20728
20728
20728
20728
20728
20728
20728
20728
20728
20728
20728
20728
20728
20728
20728
20728
20728
20728
20728
20728
20728
20728
20728
20728
12757
18710
20706
21142
21189
21210
21225
21225
21225
21225
21225
21225
21225
21225
21225
21225
21225
21225
21225
21225
21225
21225
21225
21225
21225
21225
21225
21225
21225
21225
21225
21225
21225
21225
21225
21225
21225
21225
21225
21225
12828
18627
20223
20348
20354
20354
20354
20354
20354
20354
20354
20354
20354
20354
20354
20354
20354
20354
20354
20354
20354
20354
20354
20354
20354
20354
20354
20354
20354
20354
20354
20354
20354
20354
20354
20354
20354
20354
20354
20354
13056
19406
21414
21845
21880
21880
21880
21880
21880
21880
21880
21880
21880
21880
21880
21880
21880
21880
21880
21880
21880
21880
21880
21880
21880
21880
21880
21880
21880
21880
21880
21880
21880
21880
21880
21880
21880
21880
21880
21880
12511
18193
19872
20141
20187
20187
20187
20187
20187
20187
20187
20187
20187
20187
20187
20187
20187
20187
20187
20187
20187
20187
20187
20187
20187
20187
20187
20187
20187
20187
20187
20187
20187
20187
20187
20187
20187
20187
20187
20187
12865
19240
21288
21697
21758
21772
21772
21772
21772
21772
21772
21772
21772
21772
21772
21772
21772
21772
21772
21772
21772
21772
21772
21772
21772
21772
21772
21772
21772
21772
21772
21772
21772
21772
21772
21772
21772
21772
21772
21772
12799
19024
21103
21606
21710
21740
21740
21740
21740
21740
21740
21740
21740
21740
21740
21740
21740
21740
21740
21740
21740
21740
21740
21740
21740
21740
21740
21740
21740
21740
21740
21740
21740
21740
21740
21740
21740
21740
21740
21740
12842
19150
21359
21876
21967
21969
21971
21971
21971
21971
21971
21971
21971
21971
21971
21971
21971
21971
21971
21971
21971
21971
21971
21971
21971
21971
21971
21971
21971
21971
21971
21971
21971
21971
21971
21971
21971
21971
21971
21971
12645
18513
20015
20279
20295
20295
20295
20295
20295
20295
20295
20295
20295
20295
20295
20295
20295
20295
20295
20295
20295
20295
20295
20295
20295
20295
20295
20295
20295
20295
20295
20295
20295
20295
20295
20295
20295
20295
20295
20295
12713
18761
20449
20764
20813
20814
20814
20814
20814
20814
20814
20814
20814
20814
20814
20814
20814
20814
20814
20814
20814
20814
20814
20814
20814
20814
20814
20814
20814
20814
20814
20814
20814
20814
20814
20814
20814
20814
20814
20814
12650
18511
20352
20786
20869
20893
20893
20893
20893
20893
20893
20893
20893
20893
20893
20893
20893
20893
20893
20893
20893
20893
20893
20893
20893
20893
20893
20893
20893
20893
20893
20893
20893
20893
20893
20893
20893
20893
20893
20893
12936
19152
21069
21522
21553
21554
21554
21554
21554
21554
21554
21554
21554
21554
21554
21554
21554
21554
21554
21554
21554
21554
21554
21554
21554
21554
21554
21554
21554
21554
21554
21554
21554
21554
21554
21554
21554
21554
21554
21554
12756
18981
20916
21301
21362
21392
21393
21393
21393
21393
21393
21393
21393
21393
21393
21393
21393
21393
21393
21393
21393
21393
21393
21393
21393
21393
21393
21393
21393
21393
21393
21393
21393
21393
21393
21393
21393
21393
21393
21393
12493
17993
19344
19556
19565
19565
19565
19565
19565
19565
19565
19565
19565
19565
19565
19565
19565
19565
19565
19565
19565
19565
19565
19565
19565
19565
19565
19565
19565
19565
19565
19565
19565
19565
19565
19565
19565
19565
19565
19565
12840
18564
20125
20359
20372
20372
20372
20372
20372
20372
20372
20372
20372
20372
20372
20372
20372
20372
20372
20372
20372
20372
20372
20372
20372
20372
20372
20372
20372
20372
20372
20372
20372
20372
20372
20372
20372
20372
20372
20372
12708
18787
20672
21121
21196
21208
21208
21208
21208
21208
21208
21208
21208
21208
21208
21208
21208
21208
21208
21208
21208
21208
21208
21208
21208
21208
21208
21208
21208
21208
21208
21208
21208
21208
21208
21208
21208
21208
21208
21208
12727
18717
20498
20861
20926
20929
20930
20930
20930
20930
20930
20930
20930
20930
20930
20930
20930
20930
20930
20930
20930
20930
20930
20930
20930
20930
20930
20930
20930
20930
20930
20930
20930
20930
20930
20930
20930
20930
20930
20930
12683
18468
20042
20310
20338
20338
20338
20338
20338
20338
20338
20338
20338
20338
20338
20338
20338
20338
20338
20338
20338
20338
20338
20338
20338
20338
20338
20338
20338
20338
20338
20338
20338
20338
20338
20338
20338
20338
20338
20338
12610
18389
20078
20430
20471
20475
20476
20476
20476
20476
20476
20476
20476
20476
20476
20476
20476
20476
20476
20476
20476
20476
20476
20476
20476
20476
20476
20476
20476
20476
20476
20476
20476
20476
20476
20476
20476
20476
20476
20476
12740
18746
20545
20834
20873
20873
20873
20873
20873
20873
20873
20873
20873
20873
20873
20873
20873
20873
20873
20873
20873
20873
20873
20873
20873
20873
20873
20873
20873
20873
20873
20873
20873
20873
20873
20873
20873
20873
20873
20873
12635
18500
20241
20547
20590
20619
20619
20619
20619
20619
20619
20619
20619
20619
20619
20619
20619
20619
20619
20619
20619
20619
20619
20619
20619
20619
20619
20619
20619
20619
20619
20619
20619
20619
20619
20619
20619
20619
20619
20619
12763
18560
20285
20654
20686
20686
20686
20686
20686
20686
20686
20686
20686
20686
20686
20686
20686
20686
20686
20686
20686
20686
20686
20686
20686
20686
20686
20686
20686
20686
20686
20686
20686
20686
20686
20686
20686
20686
20686
20686
12756
18676
20758
21200
21271
21273
21273
21273
21273
21273
21273
21273
21273
21273
21273
21273
21273
21273
21273
21273
21273
21273
21273
21273
21273
21273
21273
21273
21273
21273
21273
21273
21273
21273
21273
21273
21273
21273
21273
21273
12823
18491
20256
20619
20653
20665
20665
20665
20665
20665
20665
20665
20665
20665
20665
20665
20665
20665
20665
20665
20665
20665
20665
20665
20665
20665
20665
20665
20665
20665
20665
20665
20665
20665
20665
20665
20665
20665
20665
20665
12910
19213
21192
21667
21723
21737
21737
21737
21737
21737
21737
21737
21737
21737
21737
21737
21737
21737
21737
21737
21737
21737
21737
21737
21737
21737
21737
21737
21737
21737
21737
21737
21737
21737
21737
21737
21737
21737
21737
21737
12943
19304
21486
22165
22310
22337
22337
22337
22337
22337
22337
22337
22337
22337
22337
22337
22337
22337
22337
22337
22337
22337
22337
22337
22337
22337
22337
22337
22337
22337
22337
22337
22337
22337
22337
22337
22337
22337
22337
22337
12592
18398
20075
20392
20435
20436
20436
20436
20436
20436
20436
20436
20436
20436
20436
20436
20436
20436
20436
20436
20436
20436
20436
20436
20436
20436
20436
20436
20436
20436
20436
20436
20436
20436
20436
20436
20436
20436
20436
20436
12669
18999
20968
21349
21397
21398
21398
21398
21398
21398
21398
21398
21398
21398
21398
21398
21398
21398
21398
21398
21398
21398
21398
21398
21398
21398
21398
21398
21398
21398
21398
21398
21398
21398
21398
21398
21398
21398
21398
21398
12954
19196
21315
21794
21843
21843
21843
21843
21843
21843
21843
21843
21843
21843
21843
21843
21843
21843
21843
21843
21843
21843
21843
21843
21843
21843
21843
21843
21843
21843
21843
21843
21843
21843
21843
21843
21843
21843
21843
21843
12906
19084
21017
21457
21569
21582
21582
21582
21582
21582
21582
21582
21582
21582
21582
21582
21582
21582
21582
21582
21582
21582
21582
21582
21582
21582
21582
21582
21582
21582
21582
21582
21582
21582
21582
21582
21582
21582
21582
21582
12808
19352
21595
22127
22176
22177
22177
22177
22177
22177
22177
22177
22177
22177
22177
22177
22177
22177
22177
22177
22177
22177
22177
22177
22177
22177
22177
22177
22177
22177
22177
22177
22177
22177
22177
22177
22177
22177
22177
22177
12725
18493
20178
20464
20488
20488
20488
20488
20488
20488
20488
20488
20488
20488
20488
20488
20488
20488
20488
20488
20488
20488
20488
20488
20488
20488
20488
20488
20488
20488
20488
20488
20488
20488
20488
20488
20488
20488
20488
20488
12679
18650
20485
20780
20811
20811
20811
20811
20811
20811
20811
20811
20811
20811
20811
20811
20811
20811
20811
20811
20811
20811
20811
20811
20811
20811
20811
20811
20811
20811
20811
20811
20811
20811
20811
20811
20811
20811
20811
20811
12799
18657
20482
20820
20885
20886
20886
20886
20886
20886
20886
20886
20886
20886
20886
20886
20886
20886
20886
20886
20886
20886
20886
20886
20886
20886
20886
20886
20886
20886
20886
20886
20886
20886
20886
20886
20886
20886
20886
20886
12780
18652
20400
20702
20770
20803
20818
20818
20818
20818
20818
20818
20818
20818
20818
20818
20818
20818
20818
20818
20818
20818
20818
20818
20818
20818
20818
20818
20818
20818
20818
20818
20818
20818
20818
20818
20818
20818
20818
20818
12724
18590
20283
20643
20719
20734
20735
20735
20735
20735
20735
20735
20735
20735
20735
20735
20735
20735
20735
20735
20735
20735
20735
20735
20735
20735
20735
20735
20735
20735
20735
20735
20735
20735
20735
20735
20735
20735
20735
20735
12809
18733
20313
20584
20606
20607
20607
20607
20607
20607
20607
20607
20607
20607
20607
20607
20607
20607
20607
20607
20607
20607
20607
20607
20607
20607
20607
20607
20607
20607
20607
20607
20607
20607
20607
20607
20607
20607
20607
20607
12592
18493
20414
20840
20920
20921
20921
20921
20921
20921
20921
20921
20921
20921
20921
20921
20921
20921
20921
20921
20921
20921
20921
20921
20921
20921
20921
20921
20921
20921
20921
20921
20921
20921
20921
20921
20921
20921
20921
20921
13144
19678
21596
22061
22081
22081
22081
22081
22081
22081
22081
22081
22081
22081
22081
22081
22081
22081
22081
22081
22081
22081
22081
22081
22081
22081
22081
22081
22081
22081
22081
22081
22081
22081
22081
22081
22081
22081
22081
22081
12732
18741
20438
20825
20844
20860
20860
20860
20860
20860
20860
20860
20860
20860
20860
20860
20860
20860
20860
20860
20860
20860
20860
20860
20860
20860
20860
20860
20860
20860
20860
20860
20860
20860
20860
20860
20860
20860
20860
20860
12855
19046
20924
21345
21384
21384
21384
21384
21384
21384
21384
21384
21384
21384
21384
21384
21384
21384
21384
21384
21384
21384
21384
21384
21384
21384
21384
21384
21384
21384
21384
21384
21384
21384
21384
21384
21384
21384
21384
21384
12800
18508
20105
20344
20372
20372
20372
20372
20372
20372
20372
20372
20372
20372
20372
20372
20372
20372
20372
20372
20372
20372
20372
20372
20372
20372
20372
20372
20372
20372
20372
20372
20372
20372
20372
20372
20372
20372
20372
20372
12587
18660
20563
20890
20924
20925
20926
20926
20926
20926
20926
20926
20926
20926
20926
20926
20926
20926
20926
20926
20926
20926
20926
20926
20926
20926
20926
20926
20926
20926
20926
20926
20926
20926
20926
20926
20926
20926
20926
20926
12515
18257
19972
20319
20345
20347
20347
20347
20347
20347
20347
20347
20347
20347
20347
20347
20347
20347
20347
20347
20347
20347
20347
20347
20347
20347
20347
20347
20347
20347
20347
20347
20347
20347
20347
20347
20347
20347
20347
20347
12554
18611
20571
20940
20968
20982
20982
20982
20982
20982
20982
20982
20982
20982
20982
20982
20982
20982
20982
20982
20982
20982
20982
20982
20982
20982
20982
20982
20982
20982
20982
20982
20982
20982
20982
20982
20982
20982
20982
20982
12815
18786
20616
21002
21060
21062
21062
21062
21062
21062
21062
21062
21062
21062
21062
21062
21062
21062
21062
21062
21062
21062
21062
21062
21062
21062
21062
21062
21062
21062
21062
21062
21062
21062
21062
21062
21062
21062
21062
21062
12765
18888
20784
21148
21200
21215
21215
21215
21215
21215
21215
21215
21215
21215
21215
21215
21215
21215
21215
21215
21215
21215
21215
21215
21215
21215
21215
21215
21215
21215
21215
21215
21215
21215
21215
21215
21215
21215
21215
21215
12760
18371
19843
20100
20132
20142
20142
20142
20142
20142
20142
20142
20142
20142
20142
20142
20142
20142
20142
20142
20142
20142
20142
20142
20142
20142
20142
20142
20142
20142
20142
20142
20142
20142
20142
20142
20142
20142
20142
20142
12762
18624
20325
20552
20566
20566
20566
20566
20566
20566
20566
20566
20566
20566
20566
20566
20566
20566
20566
20566
20566
20566
20566
20566
20566
20566
20566
20566
20566
20566
20566
20566
20566
20566
20566
20566
20566
20566
20566
20566
12736
18536
20054
20311
20349
20349
20349
20349
20349
20349
20349
20349
20349
20349
20349
20349
20349
20349
20349
20349
20349
20349
20349
20349
20349
20349
20349
20349
20349
20349
20349
20349
20349
20349
20349
20349
20349
20349
20349
20349
12716
18456
20235
20530
20575
20576
20576
20576
20576
20576
20576
20576
20576
20576
20576
20576
20576
20576
20576
20576
20576
20576
20576
20576
20576
20576
20576
20576
20576
20576
20576
20576
20576
20576
20576
20576
20576
20576
20576
20576
12889
19166
21162
21549
21587
21588
21588
21588
21588
21588
21588
21588
21588
21588
21588
21588
21588
21588
21588
21588
21588
21588
21588
21588
21588
21588
21588
21588
21588
21588
21588
21588
21588
21588
21588
21588
21588
21588
21588
21588
12409
18009
19543
19795
19829
19830
19830
19830
19830
19830
19830
19830
19830
19830
19830
19830
19830
19830
19830
19830
19830
19830
19830
19830
19830
19830
19830
19830
19830
19830
19830
19830
19830
19830
19830
19830
19830
19830
19830
19830
12623
18621
20426
20842
20888
20889
20889
20889
20889
20889
20889
20889
20889
20889
20889
20889
20889
20889
20889
20889
20889
20889
20889
20889
20889
20889
20889
20889
20889
20889
20889
20889
20889
20889
20889
20889
20889
20889
20889
20889
12376
17620
18951
19187
19209
19209
19209
19209
19209
19209
19209
19209
19209
19209
19209
19209
19209
19209
19209
19209
19209
19209
19209
19209
19209
19209
19209
19209
19209
19209
19209
19209
19209
19209
19209
19209
19209
19209
19209
19209
12742
18984
20961
21416
21478
21488
21488
21488
21488
21488
21488
21488
21488
21488
21488
21488
21488
21488
21488
21488
21488
21488
21488
21488
21488
21488
21488
21488
21488
21488
21488
21488
21488
21488
21488
21488
21488
21488
21488
21488
12625
18077
19650
20028
20091
20093
20093
20093
20093
20093
20093
20093
20093
20093
20093
20093
20093
20093
20093
20093
20093
20093
20093
20093
20093
20093
20093
20093
20093
20093
20093
20093
20093
20093
20093
20093
20093
20093
20093
20093
12891
18753
20452
20760
20805
20817
20817
20817
20817
20817
20817
20817
20817
20817
20817
20817
20817
20817
20817
20817
20817
20817
20817
20817
20817
20817
20817
20817
20817
20817
20817
20817
20817
20817
20817
20817
20817
20817
20817
20817
13062
19412
21358
21772
21868
21871
21871
21871
21871
21871
21871
21871
21871
21871
21871
21871
21871
21871
21871
21871
21871
21871
21871
21871
21871
21871
21871
21871
21871
21871
21871
21871
21871
21871
21871
21871
21871
21871
21871
21871
12539
18597
20391
20803
20879
20896
20896
20896
20896
20896
20896
20896
20896
20896
20896
20896
20896
20896
20896
20896
20896
20896
20896
20896
20896
20896
20896
20896
20896
20896
20896
20896
20896
20896
20896
20896
20896
20896
20896
20896
12494
18326
20221
20662
20725
20750
20750
20750
20750
20750
20750
20750
20750
20750
20750
20750
20750
20750
20750
20750
20750
20750
20750
20750
20750
20750
20750
20750
20750
20750
20750
20750
20750
20750
20750
20750
20750
20750
20750
20750
12747
18691
20613
20978
21002
21003
21004
21004
21004
21004
21004
21004
21004
21004
21004
21004
21004
21004
21004
21004
21004
21004
21004
21004
21004
21004
21004
21004
21004
21004
21004
21004
21004
21004
21004
21004
21004
21004
21004
21004
12876
18892
20666
21087
21167
21169
21170
21170
21170
21170
21170
21170
21170
21170
21170
21170
21170
21170
21170
21170
21170
21170
21170
21170
21170
21170
21170
21170
21170
21170
21170
21170
21170
21170
21170
21170
21170
21170
21170
21170
12485
18313
20160
20562
20635
20638
20638
20638
20638
20638
20638
20638
20638
20638
20638
20638
20638
20638
20638
20638
20638
20638
20638
20638
20638
20638
20638
20638
20638
20638
20638
20638
20638
20638
20638
20638
20638
20638
20638
20638
12505
18243
19980
20289
20332
20347
20359
20359
20359
20359
20359
20359
20359
20359
20359
20359
20359
20359
20359
20359
20359
20359
20359
20359
20359
20359
20359
20359
20359
20359
20359
20359
20359
20359
20359
20359
20359
20359
20359
20359
12539
18479
20344
20651
20683
20683
20683
20683
20683
20683
20683
20683
20683
20683
20683
20683
20683
20683
20683
20683
20683
20683
20683
20683
20683
20683
20683
20683
20683
20683
20683
20683
20683
20683
20683
20683
20683
20683
20683
20683
12691
18639
20447
20759
20783
20784
20784
20784
20784
20784
20784
20784
20784
20784
20784
20784
20784
20784
20784
20784
20784
20784
20784
20784
20784
20784
20784
20784
20784
20784
20784
20784
20784
20784
20784
20784
20784
20784
20784
20784
12545
18462
20170
20528
20614
20617
20617
20617
20617
20617
20617
20617
20617
20617
20617
20617
20617
20617
20617
20617
20617
20617
20617
20617
20617
20617
20617
20617
20617
20617
20617
20617
20617
20617
20617
20617
20617
20617
20617
20617
12685
18369
20038
20365
20422
20425
20425
20425
20425
20425
20425
20425
20425
20425
20425
20425
20425
20425
20425
20425
20425
20425
20425
20425
20425
20425
20425
20425
20425
20425
20425
20425
20425
20425
20425
20425
20425
20425
20425
20425
12526
18357
20078
20404
20471
20473
20473
20473
20473
20473
20473
20473
20473
20473
20473
20473
20473
20473
20473
20473
20473
20473
20473
20473
20473
20473
20473
20473
20473
20473
20473
20473
20473
20473
20473
20473
20473
20473
20473
20473
12593
18717
20603
21014
21057
21073
21073
21073
21073
21073
21073
21073
21073
21073
21073
21073
21073
21073
21073
21073
21073
21073
21073
21073
21073
21073
21073
21073
21073
21073
21073
21073
21073
21073
21073
21073
21073
21073
21073
21073
12824
18869
20578
20927
20982
20996
20996
20996
20996
20996
20996
20996
20996
20996
20996
20996
20996
20996
20996
20996
20996
20996
20996
20996
20996
20996
20996
20996
20996
20996
20996
20996
20996
20996
20996
20996
20996
20996
20996
20996
12831
18594
20049
20298
20345
20357
20357
20357
20357
20357
20357
20357
20357
20357
20357
20357
20357
20357
20357
20357
20357
20357
20357
20357
20357
20357
20357
20357
20357
20357
20357
20357
20357
20357
20357
20357
20357
20357
20357
20357
12734
18426
19928
20189
20198
20198
20198
20198
20198
20198
20198
20198
20198
20198
20198
20198
20198
20198
20198
20198
20198
20198
20198
20198
20198
20198
20198
20198
20198
20198
20198
20198
20198
20198
20198
20198
20198
20198
20198
20198
12800
18773
20573
20870
20897
20902
20902
20902
20902
20902
20902
20902
20902
20902
20902
20902
20902
20902
20902
20902
20902
20902
20902
20902
20902
20902
20902
20902
20902
20902
20902
20902
20902
20902
20902
20902
20902
20902
20902
20902
12638
18655
20456
20915
20968
20970
20972
20972
20972
20972
20972
20972
20972
20972
20972
20972
20972
20972
20972
20972
20972
20972
20972
20972
20972
20972
20972
20972
20972
20972
20972
20972
20972
20972
20972
20972
20972
20972
20972
20972
12871
19081
21017
21272
21286
21288
21289
21289
21289
21289
21289
21289
21289
21289
21289
21289
21289
21289
21289
21289
21289
21289
21289
21289
21289
21289
21289
21289
21289
21289
21289
21289
21289
21289
21289
21289
21289
21289
21289
21289
12847
18637
20289
20635
20651
20654
20654
20654
20654
20654
20654
20654
20654
20654
20654
20654
20654
20654
20654
20654
20654
20654
20654
20654
20654
20654
20654
20654
20654
20654
20654
20654
20654
20654
20654
20654
20654
20654
20654
20654
12645
18613
20444
20751
20791
20791
20791
20791
20791
20791
20791
20791
20791
20791
20791
20791
20791
20791
20791
20791
20791
20791
20791
20791
20791
20791
20791
20791
20791
20791
20791
20791
20791
20791
20791
20791
20791
20791
20791
20791
12779
18578
20211
20488
20508
20509
20509
20509
20509
20509
20509
20509
20509
20509
20509
20509
20509
20509
20509
20509
20509
20509
20509
20509
20509
20509
20509
20509
20509
20509
20509
20509
20509
20509
20509
20509
20509
20509
20509
20509
12588
18448
20257
20735
20766
20767
20767
20767
20767
20767
20767
20767
20767
20767
20767
20767
20767
20767
20767
20767
20767
20767
20767
20767
20767
20767
20767
20767
20767
20767
20767
20767
20767
20767
20767
20767
20767
20767
20767
20767
12486
18161
19684
20049
20070
20070
20070
20070
20070
20070
20070
20070
20070
20070
20070
20070
20070
20070
20070
20070
20070
20070
20070
20070
20070
20070
20070
20070
20070
20070
20070
20070
20070
20070
20070
20070
20070
20070
20070
20070
12955
19098
20898
21328
21395
21396
21397
21397
21397
21397
21397
21397
21397
21397
21397
21397
21397
21397
21397
21397
21397
21397
21397
21397
21397
21397
21397
21397
21397
21397
21397
21397
21397
21397
21397
21397
21397
21397
21397
21397
12586
18178
19812
20150
20199
20200
20200
20200
20200
20200
20200
20200
20200
20200
20200
20200
20200
20200
20200
20200
20200
20200
20200
20200
20200
20200
20200
20200
20200
20200
20200
20200
20200
20200
20200
20200
20200
20200
20200
20200
12732
18812
20682
21053
21104
21106
21107
21107
21107
21107
21107
21107
21107
21107
21107
21107
21107
21107
21107
21107
21107
21107
21107
21107
21107
21107
21107
21107
21107
21107
21107
21107
21107
21107
21107
21107
21107
21107
21107
21107
12715
18701
20438
20731
20780
20780
20780
20780
20780
20780
20780
20780
20780
20780
20780
20780
20780
20780
20780
20780
20780
20780
20780
20780
20780
20780
20780
20780
20780
20780
20780
20780
20780
20780
20780
20780
20780
20780
20780
20780
12596
18407
20108
20389
20409
20409
20409
20409
20409
20409
20409
20409
20409
20409
20409
20409
20409
20409
20409
20409
20409
20409
20409
20409
20409
20409
20409
20409
20409
20409
20409
20409
20409
20409
20409
20409
20409
20409
20409
20409
12777
18791
20729
21092
21143
21143
21143
21143
21143
21143
21143
21143
21143
21143
21143
21143
21143
21143
21143
21143
21143
21143
21143
21143
21143
21143
21143
21143
21143
21143
21143
21143
21143
21143
21143
21143
21143
21143
21143
21143
12706
18394
20054
20388
20424
20425
20425
20425
20425
20425
20425
20425
20425
20425
20425
20425
20425
20425
20425
20425
20425
20425
20425
20425
20425
20425
20425
20425
20425
20425
20425
20425
20425
20425
20425
20425
20425
20425
20425
20425
12640
18462
20231
20612
20676
20690
20691
20691
20691
20691
20691
20691
20691
20691
20691
20691
20691
20691
20691
20691
20691
20691
20691
20691
20691
20691
20691
20691
20691
20691
20691
20691
20691
20691
20691
20691
20691
20691
20691
20691
12872
19110
21112
21531
21565
21569
21569
21569
21569
21569
21569
21569
21569
21569
21569
21569
21569
21569
21569
21569
21569
21569
21569
21569
21569
21569
21569
21569
21569
21569
21569
21569
21569
21569
21569
21569
21569
21569
21569
21569
12932
19330
21419
21866
21931
21933
21933
21933
21933
21933
21933
21933
21933
21933
21933
21933
21933
21933
21933
21933
21933
21933
21933
21933
21933
21933
21933
21933
21933
21933
21933
21933
21933
21933
21933
21933
21933
21933
21933
21933
12787
19006
21094
21535
21609
21625
21635
21636
21636
21636
21636
21636
21636
21636
21636
21636
21636
21636
21636
21636
21636
21636
21636
21636
21636
21636
21636
21636
21636
21636
21636
21636
21636
21636
21636
21636
21636
21636
21636
21636
12674
18773
20707
21057
21113
21132
21132
21132
21132
21132
21132
21132
21132
21132
21132
21132
21132
21132
21132
21132
21132
21132
21132
21132
21132
21132
21132
21132
21132
21132
21132
21132
21132
21132
21132
21132
21132
21132
21132
21132
12792
18674
20356
20647
20706
20708
20708
20708
20708
20708
20708
20708
20708
20708
20708
20708
20708
20708
20708
20708
20708
20708
20708
20708
20708
20708
20708
20708
20708
20708
20708
20708
20708
20708
20708
20708
20708
20708
20708
20708
12777
18818
20502
20874
20933
20934
20934
20934
20934
20934
20934
20934
20934
20934
20934
20934
20934
20934
20934
20934
20934
20934
20934
20934
20934
20934
20934
20934
20934
20934
20934
20934
20934
20934
20934
20934
20934
20934
20934
20934
12530
18316
20158
20526
20590
20590
20590
20590
20590
20590
20590
20590
20590
20590
20590
20590
20590
20590
20590
20590
20590
20590
20590
20590
20590
20590
20590
20590
20590
20590
20590
20590
20590
20590
20590
20590
20590
20590
20590
20590
12754
18730
20576
20959
20996
21001
21001
21001
21001
21001
21001
21001
21001
21001
21001
21001
21001
21001
21001
21001
21001
21001
21001
21001
21001
21001
21001
21001
21001
21001
21001
21001
21001
21001
21001
21001
21001
21001
21001
21001
12867
18906
20623
20998
21013
21015
21015
21015
21015
21015
21015
21015
21015
21015
21015
21015
21015
21015
21015
21015
21015
21015
21015
21015
21015
21015
21015
21015
21015
21015
21015
21015
21015
21015
21015
21015
21015
21015
21015
21015
12682
18376
19837
20037
20042
20042
20042
20042
20042
20042
20042
20042
20042
20042
20042
20042
20042
20042
20042
20042
20042
20042
20042
20042
20042
20042
20042
20042
20042
20042
20042
20042
20042
20042
20042
20042
20042
20042
20042
20042
12615
18587
20409
20951
21024
21033
21033
21033
21033
21033
21033
21033
21033
21033
21033
21033
21033
21033
21033
21033
21033
21033
21033
21033
21033
21033
21033
21033
21033
21033
21033
21033
21033
21033
21033
21033
21033
21033
21033
21033
12841
18655
20355
20765
20845
20859
20859
20859
20859
20859
20859
20859
20859
20859
20859
20859
20859
20859
20859
20859
20859
20859
20859
20859
20859
20859
20859
20859
20859
20859
20859
20859
20859
20859
20859
20859
20859
20859
20859
20859
12911
19005
20692
21008
21037
21050
21050
21050
21050
21050
21050
21050
21050
21050
21050
21050
21050
21050
21050
21050
21050
21050
21050
21050
21050
21050
21050
21050
21050
21050
21050
21050
21050
21050
21050
21050
21050
21050
21050
21050
12761
18480
20099
20413
20441
20441
20441
20441
20441
20441
20441
20441
20441
20441
20441
20441
20441
20441
20441
20441
20441
20441
20441
20441
20441
20441
20441
20441
20441
20441
20441
20441
20441
20441
20441
20441
20441
20441
20441
20441
12621
18433
19920
20193
20197
20197
20197
20197
20197
20197
20197
20197
20197
20197
20197
20197
20197
20197
20197
20197
20197
20197
20197
20197
20197
20197
20197
20197
20197
20197
20197
20197
20197
20197
20197
20197
20197
20197
20197
20197
12810
18998
21022
21488
21550
21572
21572
21572
21572
21572
21572
21572
21572
21572
21572
21572
21572
21572
21572
21572
21572
21572
21572
21572
21572
21572
21572
21572
21572
21572
21572
21572
21572
21572
21572
21572
21572
21572
21572
21572
12668
18524
20282
20590
20640
20641
20641
20641
20641
20641
20641
20641
20641
20641
20641
20641
20641
20641
20641
20641
20641
20641
20641
20641
20641
20641
20641
20641
20641
20641
20641
20641
20641
20641
20641
20641
20641
20641
20641
20641
12570
18153
19737
20051
20073
20074
20074
20074
20074
20074
20074
20074
20074
20074
20074
20074
20074
20074
20074
20074
20074
20074
20074
20074
20074
20074
20074
20074
20074
20074
20074
20074
20074
20074
20074
20074
20074
20074
20074
20074
12728
18321
19745
20019
20072
20072
20072
20072
20072
20072
20072
20072
20072
20072
20072
20072
20072
20072
20072
20072
20072
20072
20072
20072
20072
20072
20072
20072
20072
20072
20072
20072
20072
20072
20072
20072
20072
20072
20072
20072
12952
19360
21504
22103
22177
22179
22180
22180
22180
22180
22180
22180
22180
22180
22180
22180
22180
22180
22180
22180
22180
22180
22180
22180
22180
22180
22180
22180
22180
22180
22180
22180
22180
22180
22180
22180
22180
22180
22180
22180
13030
19045
20929
21273
21311
21314
21314
21314
21314
21314
21314
21314
21314
21314
21314
21314
21314
21314
21314
21314
21314
21314
21314
21314
21314
21314
21314
21314
21314
21314
21314
21314
21314
21314
21314
21314
21314
21314
21314
21314
12972
19195
21349
21742
21792
21793
21793
21793
21793
21793
21793
21793
21793
21793
21793
21793
21793
21793
21793
21793
21793
21793
21793
21793
21793
21793
21793
21793
21793
21793
21793
21793
21793
21793
21793
21793
21793
21793
21793
21793
12673
18439
20116
20464
20506
20508
20508
20508
20508
20508
20508
20508
20508
20508
20508
20508
20508
20508
20508
20508
20508
20508
20508
20508
20508
20508
20508
20508
20508
20508
20508
20508
20508
20508
20508
20508
20508
20508
20508
20508
12655
18433
20199
20534
20562
20562
20562
20562
20562
20562
20562
20562
20562
20562
20562
20562
20562
20562
20562
20562
20562
20562
20562
20562
20562
20562
20562
20562
20562
20562
20562
20562
20562
20562
20562
20562
20562
20562
20562
20562
12636
18257
19795
20092
20115
20116
20116
20116
20116
20116
20116
20116
20116
20116
20116
20116
20116
20116
20116
20116
20116
20116
20116
20116
20116
20116
20116
20116
20116
20116
20116
20116
20116
20116
20116
20116
20116
20116
20116
20116
12732
18949
20764
21177
21241
21242
21242
21242
21242
21242
21242
21242
21242
21242
21242
21242
21242
21242
21242
21242
21242
21242
21242
21242
21242
21242
21242
21242
21242
21242
21242
21242
21242
21242
21242
21242
21242
21242
21242
21242
12756
18634
20339
20607
20614
20614
20614
20614
20614
20614
20614
20614
20614
20614
20614
20614
20614
20614
20614
20614
20614
20614
20614
20614
20614
20614
20614
20614
20614
20614
20614
20614
20614
20614
20614
20614
20614
20614
20614
20614
12257
17801
19507
19780
19805
19806
19806
19806
19806
19806
19806
19806
19806
19806
19806
19806
19806
19806
19806
19806
19806
19806
19806
19806
19806
19806
19806
19806
19806
19806
19806
19806
19806
19806
19806
19806
19806
19806
19806
19806
13069
18916
20427
20695
20727
20728
20728
20728
20728
20728
20728
20728
20728
20728
20728
20728
20728
20728
20728
20728
20728
20728
20728
20728
20728
20728
20728
20728
20728
20728
20728
20728
20728
20728
20728
20728
20728
20728
20728
20728
12778
18808
20623
21028
21066
21066
21066
21066
21066
21066
21066
21066
21066
21066
21066
21066
21066
21066
21066
21066
21066
21066
21066
21066
21066
21066
21066
21066
21066
21066
21066
21066
21066
21066
21066
21066
21066
21066
21066
21066
12586
18369
20169
20616
20657
20657
20657
20657
20657
20657
20657
20657
20657
20657
20657
20657
20657
20657
20657
20657
20657
20657
20657
20657
20657
20657
20657
20657
20657
20657
20657
20657
20657
20657
20657
20657
20657
20657
20657
20657
12598
18188
19813
20127
20164
20165
20165
20165
20165
20165
20165
20165
20165
20165
20165
20165
20165
20165
20165
20165
20165
20165
20165
20165
20165
20165
20165
20165
20165
20165
20165
20165
20165
20165
20165
20165
20165
20165
20165
20165
12485
18053
19583
19933
19952
19953
19954
19954
19954
19954
19954
19954
19954
19954
19954
19954
19954
19954
19954
19954
19954
19954
19954
19954
19954
19954
19954
19954
19954
19954
19954
19954
19954
19954
19954
19954
19954
19954
19954
19954
12418
18030
19560
19810
19835
19835
19835
19835
19835
19835
19835
19835
19835
19835
19835
19835
19835
19835
19835
19835
19835
19835
19835
19835
19835
19835
19835
19835
19835
19835
19835
19835
19835
19835
19835
19835
19835
19835
19835
19835
12635
18491
20322
20706
20750
20753
20754
20754
20754
20754
20754
20754
20754
20754
20754
20754
20754
20754
20754
20754
20754
20754
20754
20754
20754
20754
20754
20754
20754
20754
20754
20754
20754
20754
20754
20754
20754
20754
20754
20754
12777
18973
21015
21489
21533
21539
21540
21540
21540
21540
21540
21540
21540
21540
21540
21540
21540
21540
21540
21540
21540
21540
21540
21540
21540
21540
21540
21540
21540
21540
21540
21540
21540
21540
21540
21540
21540
21540
21540
21540
12715
18633
20324
20638
20699
20711
20711
20711
20711
20711
20711
20711
20711
20711
20711
20711
20711
20711
20711
20711
20711
20711
20711
20711
20711
20711
20711
20711
20711
20711
20711
20711
20711
20711
20711
20711
20711
20711
20711
20711
12717
18802
20740
21298
21413
21432
21432
21432
21432
21432
21432
21432
21432
21432
21432
21432
21432
21432
21432
21432
21432
21432
21432
21432
21432
21432
21432
21432
21432
21432
21432
21432
21432
21432
21432
21432
21432
21432
21432
21432
12725
18764
20759
21320
21444
21458
21459
21459
21459
21459
21459
21459
21459
21459
21459
21459
21459
21459
21459
21459
21459
21459
21459
21459
21459
21459
21459
21459
21459
21459
21459
21459
21459
21459
21459
21459
21459
21459
21459
21459
12831
18788
20461
20679
20710
20728
20728
20728
20728
20728
20728
20728
20728
20728
20728
20728
20728
20728
20728
20728
20728
20728
20728
20728
20728
20728
20728
20728
20728
20728
20728
20728
20728
20728
20728
20728
20728
20728
20728
20728
12701
18837
20771
21226
21260
21262
21262
21262
21262
21262
21262
21262
21262
21262
21262
21262
21262
21262
21262
21262
21262
21262
21262
21262
21262
21262
21262
21262
21262
21262
21262
21262
21262
21262
21262
21262
21262
21262
21262
21262
12981
19298
21351
21721
21779
21795
21795
21795
21795
21795
21795
21795
21795
21795
21795
21795
21795
21795
21795
21795
21795
21795
21795
21795
21795
21795
21795
21795
21795
21795
21795
21795
21795
21795
21795
21795
21795
21795
21795
21795
12649
18875
21048
21602
21692
21713
21728
21728
21728
21728
21728
21728
21728
21728
21728
21728
21728
21728
21728
21728
21728
21728
21728
21728
21728
21728
21728
21728
21728
21728
21728
21728
21728
21728
21728
21728
21728
21728
21728
21728
12667
18401
20021
20248
20254
20255
20255
20255
20255
20255
20255
20255
20255
20255
20255
20255
20255
20255
20255
20255
20255
20255
20255
20255
20255
20255
20255
20255
20255
20255
20255
20255
20255
20255
20255
20255
20255
20255
20255
20255
12562
18509
20320
20796
20882
20925
20925
20925
20925
20925
20925
20925
20925
20925
20925
20925
20925
20925
20925
20925
20925
20925
20925
20925
20925
20925
20925
20925
20925
20925
20925
20925
20925
20925
20925
20925
20925
20925
20925
20925
12820
18636
20287
20706
20803
20805
20805
20805
20805
20805
20805
20805
20805
20805
20805
20805
20805
20805
20805
20805
20805
20805
20805
20805
20805
20805
20805
20805
20805
20805
20805
20805
20805
20805
20805
20805
20805
20805
20805
20805
12644
18793
20762
21194
21307
21309
21309
21309
21309
21309
21309
21309
21309
21309
21309
21309
21309
21309
21309
21309
21309
21309
21309
21309
21309
21309
21309
21309
21309
21309
21309
21309
21309
21309
21309
21309
21309
21309
21309
21309
12590
18547
20498
20977
21109
21153
21154
21154
21154
21154
21154
21154
21154
21154
21154
21154
21154
21154
21154
21154
21154
21154
21154
21154
21154
21154
21154
21154
21154
21154
21154
21154
21154
21154
21154
21154
21154
21154
21154
21154
12797
18989
20966
21340
21394
21407
21407
21407
21407
21407
21407
21407
21407
21407
21407
21407
21407
21407
21407
21407
21407
21407
21407
21407
21407
21407
21407
21407
21407
21407
21407
21407
21407
21407
21407
21407
21407
21407
21407
21407
12840
18790
20396
20769
20817
20817
20817
20817
20817
20817
20817
20817
20817
20817
20817
20817
20817
20817
20817
20817
20817
20817
20817
20817
20817
20817
20817
20817
20817
20817
20817
20817
20817
20817
20817
20817
20817
20817
20817
20817
12865
19034
20913
21313
21376
21377
21377
21377
21377
21377
21377
21377
21377
21377
21377
21377
21377
21377
21377
21377
21377
21377
21377
21377
21377
21377
21377
21377
21377
21377
21377
21377
21377
21377
21377
21377
21377
21377
21377
21377
12673
18627
20553
21002
21056
21073
21074
21075
21075
21075
21075
21075
21075
21075
21075
21075
21075
21075
21075
21075
21075
21075
21075
21075
21075
21075
21075
21075
21075
21075
21075
21075
21075
21075
21075
21075
21075
21075
21075
21075
12716
18759
20536
20909
20981
20982
20982
20982
20982
20982
20982
20982
20982
20982
20982
20982
20982
20982
20982
20982
20982
20982
20982
20982
20982
20982
20982
20982
20982
20982
20982
20982
20982
20982
20982
20982
20982
20982
20982
20982
12813
18701
20424
20710
20783
20783
20783
20783
20783
20783
20783
20783
20783
20783
20783
20783
20783
20783
20783
20783
20783
20783
20783
20783
20783
20783
20783
20783
20783
20783
20783
20783
20783
20783
20783
20783
20783
20783
20783
20783
12679
18834
20783
21154
21210
21210
21210
21210
21210
21210
21210
21210
21210
21210
21210
21210
21210
21210
21210
21210
21210
21210
21210
21210
21210
21210
21210
21210
21210
21210
21210
21210
21210
21210
21210
21210
21210
21210
21210
21210
12680
18579
20520
20994
21061
21066
21066
21066
21066
21066
21066
21066
21066
21066
21066
21066
21066
21066
21066
21066
21066
21066
21066
21066
21066
21066
21066
21066
21066
21066
21066
21066
21066
21066
21066
21066
21066
21066
21066
21066
