3741850
6638910
8756690
10193490
11109620
11669680
12008840
12203980
12313470
12371210
12405110
12424760
12436150
12440620
12443170
12444910
12445830
12446700
12447440
12447550
12447600
12447630
12447660
12447680
12447690
12447690
12447690
12447690
12447690
12447690
12447690
12447690
12447690
12447690
12447690
12447690
12447690
12447690
12447690
12447690
3661140
6494610
8531110
9924200
10802040
11342370
11679230
11877980
11985240
12045740
12079830
12099630
12106890
12109420
12111040
12111910
12112600
12112700
12112740
12112750
12112760
12112770
12112780
12112790
12112790
12112790
12112790
12112790
12112790
12112790
12112790
12112790
12112790
12112790
12112790
12112790
12112790
12112790
12112790
12112790
3636810
6457490
8491980
9880380
10750020
11258250
11548950
11714760
11814180
11870330
11900840
11917590
11926630
11931700
11934990
11935830
11936540
11937180
11937690
11937700
11937700
11937700
11937700
11937700
11937700
11937700
11937700
11937700
11937700
11937700
11937700
11937700
11937700
11937700
11937700
11937700
11937700
11937700
11937700
11937700
3608700
6411330
8447750
9818140
10687900
11211710
11521290
11695630
11790760
11838930
11866160
11881220
11891530
11896410
11898790
11899820
11900660
11901300
11901340
11901350
11901350
11901350
11901350
11901350
11901350
11901350
11901350
11901350
11901350
11901350
11901350
11901350
11901350
11901350
11901350
11901350
11901350
11901350
11901350
11901350
3648770
6452660
8486060
9877090
10767380
11319990
11656650
11848710
11956970
12018620
12052630
12070070
12079710
12084350
12086790
12088350
12089310
12089490
12089580
12089640
12089650
12089660
12089670
12089680
12089690
12089690
12089690
12089690
12089690
12089690
12089690
12089690
12089690
12089690
12089690
12089690
12089690
12089690
12089690
12089690
3638960
6461430
8517390
9925640
10817800
11362820
11678200
11866090
11971440
12024880
12050170
12064170
12074160
12077430
12078630
12079540
12079750
12079870
12079940
12079980
12079990
12079990
12079990
12079990
12079990
12079990
12079990
12079990
12079990
12079990
12079990
12079990
12079990
12079990
12079990
12079990
12079990
12079990
12079990
12079990
3609850
6422770
8477120
9891940
10793930
11345650
11671990
11855380
11960020
12020330
12056680
12077260
12091970
12100920
12106860
12109800
12112630
12114790
12116310
12116930
12117590
12117640
12117670
12117700
12117730
12117750
12117750
12117750
12117750
12117750
12117750
12117750
12117750
12117750
12117750
12117750
12117750
12117750
12117750
12117750
3586560
6397150
8466060
9921740
10908030
11519340
11893940
12117180
12247440
12320230
12360320
12384110
12397920
12406160
12409620
12412410
12413910
12415210
12415350
12415420
12415480
12415540
12415590
12415630
12415650
12415660
12415660
12415660
12415660
12415660
12415660
12415660
12415660
12415660
12415660
12415660
12415660
12415660
12415660
12415660
3641140
6520180
8667280
10168450
11141650
11768440
12143680
12363810
12489570
12561060
12603600
12623100
12632100
12636550
12639180
12640420
12641390
12641630
12641730
12641810
12641870
12641880
12641880
12641880
12641880
12641880
12641880
12641880
12641880
12641880
12641880
12641880
12641880
12641880
12641880
12641880
12641880
12641880
12641880
12641880
3585790
6388100
8444810
9892250
10826680
11415560
11798160
12026180
12161940
12244160
12292260
12318000
12330800
12336490
12340140
12342260
12343190
12343410
12343580
12343700
12343790
12343820
12343830
12343840
12343840
12343840
12343840
12343840
12343840
12343840
12343840
12343840
12343840
12343840
12343840
12343840
12343840
12343840
12343840
12343840
3596730
6416850
8504910
9959100
10927490
11543320
11907050
12121690
12247000
12319400
12364000
12390790
12403800
12410430
12413440
12415510
12416250
12416900
12417510
12418020
12418040
12418050
12418060
12418060
12418060
12418060
12418060
12418060
12418060
12418060
12418060
12418060
12418060
12418060
12418060
12418060
12418060
12418060
12418060
12418060
3724540
6612390
8708810
10124380
11014320
11568460
11883940
12067430
12169390
12217460
12243280
12254530
12259270
12260290
12260940
12261290
12261520
12261710
12261810
12261880
12261930
12261940
12261950
12261950
12261950
12261950
12261950
12261950
12261950
12261950
12261950
12261950
12261950
12261950
12261950
12261950
12261950
12261950
12261950
12261950
3544870
6274190
8222920
9560910
10408370
10927080
11233160
11410000
11510140
11571440
11605160
11626510
11637930
11645080
11649000
11651400
11652370
11653120
11653320
11653440
11653500
11653550
11653570
11653590
11653600
11653610
11653610
11653610
11653610
11653610
11653610
11653610
11653610
11653610
11653610
11653610
11653610
11653610
11653610
11653610
3611740
6413680
8465050
9869510
10767600
11313420
11654320
11845670
11958530
12019270
12054630
12078080
12088340
12092700
12094100
12094540
12094850
12094990
12095080
12095130
12095140
12095140
12095140
12095140
12095140
12095140
12095140
12095140
12095140
12095140
12095140
12095140
12095140
12095140
12095140
12095140
12095140
12095140
12095140
12095140
3744020
6649620
8754900
10162200
11075530
11624290
11950490
12140750
12250110
12318930
12356730
12376770
12388780
12395730
12400250
12402660
12404810
12405670
12405870
12406020
12406100
12406140
12406170
12406200
12406220
12406230
12406230
12406230
12406230
12406230
12406230
12406230
12406230
12406230
12406230
12406230
12406230
12406230
12406230
12406230
3611100
6445210
8500180
9920270
10863350
11459690
11821430
12044230
12171380
12246060
12282590
12302890
12312770
12318130
12318880
12319280
12319520
12319650
12319730
12319780
12319780
12319780
12319780
12319780
12319780
12319780
12319780
12319780
12319780
12319780
12319780
12319780
12319780
12319780
12319780
12319780
12319780
12319780
12319780
12319780
3685030
6561460
8655540
10104770
11048990
11635830
11970220
12170460
12275370
12330310
12356610
12370730
12378940
12383600
12385760
12386890
12387200
12387380
12387500
12387580
12387620
12387640
12387650
12387660
12387670
12387680
12387690
12387690
12387690
12387690
12387690
12387690
12387690
12387690
12387690
12387690
12387690
12387690
12387690
12387690
3751970
6678140
8805840
10258790
11209020
11785850
12136500
12351360
12468290
12534510
12572920
12592640
12604190
12610050
12613500
12615280
12616260
12616470
12616600
12616670
12616700
12616710
12616710
12616710
12616710
12616710
12616710
12616710
12616710
12616710
12616710
12616710
12616710
12616710
12616710
12616710
12616710
12616710
12616710
12616710
3665550
6516300
8604410
10000080
10897000
11444310
11768920
11959100
12064880
12125500
12157790
12172440
12177920
12180740
12182050
12182520
12182750
12182840
12182920
12182970
12182990
12183000
12183000
12183000
12183000
12183000
12183000
12183000
12183000
12183000
12183000
12183000
12183000
12183000
12183000
12183000
12183000
12183000
12183000
12183000
3559430
6311660
8321100
9684750
10580450
11136000
11476490
11681030
11801070
11872130
11912810
11937140
11950270
11957610
11961390
11963110
11964660
11964890
11965000
11965050
11965070
11965090
11965100
11965110
11965120
11965130
11965140
11965140
11965140
11965140
11965140
11965140
11965140
11965140
11965140
11965140
11965140
11965140
11965140
11965140
3656410
6484010
8517600
9905770
10797540
11355950
11692210
11891400
12009130
12067170
12099670
12119450
12130920
12136920
12140740
12142370
12143820
12144080
12144190
12144260
12144300
12144330
12144350
12144350
12144350
12144350
12144350
12144350
12144350
12144350
12144350
12144350
12144350
12144350
12144350
12144350
12144350
12144350
12144350
12144350
3635850
6461740
8568640
10036330
10999700
11599240
11978290
12204900
12334300
12413220
12462520
12490230
12506460
12514600
12518120
12520750
12522130
12522380
12522540
12522640
12522720
12522800
12522880
12522930
12522970
12522980
12522980
12522980
12522980
12522980
12522980
12522980
12522980
12522980
12522980
12522980
12522980
12522980
12522980
12522980
3629170
6436530
8473210
9873430
10766980
11318200
11659610
11849890
11956700
12012490
12038860
12056760
12064070
12068040
12070450
12072130
12073530
12074230
12074320
12074380
12074410
12074420
12074430
12074440
12074440
12074440
12074440
12074440
12074440
12074440
12074440
12074440
12074440
12074440
12074440
12074440
12074440
12074440
12074440
12074440
3635730
6428110
8413930
9752640
10551840
11018750
11277730
11425430
11508490
11554990
11584560
11599740
11609820
11613750
11615870
11616150
11616300
11616390
11616450
11616490
11616510
11616510
11616510
11616510
11616510
11616510
11616510
11616510
11616510
11616510
11616510
11616510
11616510
11616510
11616510
11616510
11616510
11616510
11616510
11616510
3678490
6537950
8649520
10101250
11038720
11636620
12005130
12224700
12349570
12430940
12483240
12518190
12536210
12544500
12549580
12552730
12554220
12555080
12555290
12555420
12555490
12555510
12555530
12555550
12555560
12555570
12555570
12555570
12555570
12555570
12555570
12555570
12555570
12555570
12555570
12555570
12555570
12555570
12555570
12555570
3616510
6435970
8483540
9883840
10780590
11324090
11652880
11843050
11955970
12019830
12057800
12079470
12094390
12105180
12112670
12118490
12122010
12124660
12125840
12126980
12128100
12128740
12129370
12129930
12130440
12131030
12131060
12131080
12131100
12131120
12131130
12131140
12131140
12131140
12131140
12131140
12131140
12131140
12131140
12131140
3612580
6422040
8489280
9913980
10833430
11401680
11747070
11954810
12070610
12139890
12171580
12189540
12198440
12202920
12204700
12205670
12205960
12206150
12206280
12206380
12206430
12206480
12206520
12206540
12206560
12206580
12206580
12206580
12206580
12206580
12206580
12206580
12206580
12206580
12206580
12206580
12206580
12206580
12206580
12206580
3642730
6483830
8534990
9915850
10774850
11281080
11572890
11725430
11812220
11857750
11886080
11901010
11906690
11910110
11912440
11913340
11914080
11914230
11914330
11914390
11914420
11914440
11914460
11914470
11914470
11914470
11914470
11914470
11914470
11914470
11914470
11914470
11914470
11914470
11914470
11914470
11914470
11914470
11914470
11914470
3771280
6728720
8885730
10355610
11281810
11840920
12168030
12351400
12448790
12503430
12533440
12549100
12557110
12560560
12563200
12565140
12565940
12566700
12567340
12567380
12567380
12567380
12567380
12567380
12567380
12567380
12567380
12567380
12567380
12567380
12567380
12567380
12567380
12567380
12567380
12567380
12567380
12567380
12567380
12567380
3610030
6423690
8479530
9877730
10764070
11306180
11630640
11822000
11928020
11989180
12026230
12044660
12053970
12059780
12063940
12065920
12067270
12067990
12068110
12068180
12068230
12068280
12068310
12068330
12068340
12068340
12068340
12068340
12068340
12068340
12068340
12068340
12068340
12068340
12068340
12068340
12068340
12068340
12068340
12068340
3698010
6595540
8692830
10146800
11082520
11670980
12028180
12231970
12345170
12408300
12441320
12459050
12467930
12475450
12480000
12480560
12480890
12481130
12481280
12481370
12481410
12481440
12481450
12481460
12481470
12481470
12481470
12481470
12481470
12481470
12481470
12481470
12481470
12481470
12481470
12481470
12481470
12481470
12481470
12481470
3659950
6478460
8557730
10006800
10936110
11528170
11900140
12113330
12235420
12301400
12341800
12366520
12380830
12389130
12394600
12398270
12400360
12401230
12401480
12401620
12401710
12401790
12401850
12401880
12401890
12401890
12401890
12401890
12401890
12401890
12401890
12401890
12401890
12401890
12401890
12401890
12401890
12401890
12401890
12401890
3600270
6393000
8467560
9876610
10789700
11356840
11707790
11912210
12030730
12099610
12137470
12156340
12165660
12170240
12172980
12174950
12176280
12176950
12177670
12178320
12178390
12178460
12178500
12178530
12178550
12178570
12178580
12178590
12178590
12178590
12178590
12178590
12178590
12178590
12178590
12178590
12178590
12178590
12178590
12178590
3656500
6466420
8489970
9850650
10725610
11261180
11571740
11749820
11849460
11899920
11922200
11936150
11940290
11943280
11945010
11945980
11946800
11947490
11948170
11948200
11948210
11948220
11948230
11948230
11948230
11948230
11948230
11948230
11948230
11948230
11948230
11948230
11948230
11948230
11948230
11948230
11948230
11948230
11948230
11948230
3594330
6328210
8247290
9517380
10303610
10772020
11029350
11174210
11254860
11301120
11329830
11344010
11352910
11356790
11358930
11360260
11360480
11360640
11360720
11360760
11360790
11360810
11360810
11360810
11360810
11360810
11360810
11360810
11360810
11360810
11360810
11360810
11360810
11360810
11360810
11360810
11360810
11360810
11360810
11360810
3668040
6498890
8506460
9841070
10647200
11116700
11392730
11548760
11638570
11686050
11711630
11726190
11734750
11738440
11739320
11739790
11740120
11740340
11740460
11740540
11740590
11740630
11740660
11740680
11740690
11740700
11740700
11740700
11740700
11740700
11740700
11740700
11740700
11740700
11740700
11740700
11740700
11740700
11740700
11740700
3684940
6515320
8577220
9936010
10802500
11354140
11691290
11885480
11994900
12052460
12082000
12098380
12106560
12110370
12112900
12114530
12115390
12115660
12115800
12115900
12115970
12116030
12116070
12116080
12116090
12116090
12116090
12116090
12116090
12116090
12116090
12116090
12116090
12116090
12116090
12116090
12116090
12116090
12116090
12116090
3666750
6523700
8571340
9959760
10847960
11400050
11731470
11921130
12034440
12103280
12138900
12158330
12168890
12175860
12179470
12181080
12181890
12182080
12182230
12182360
12182450
12182490
12182510
12182530
12182540
12182550
12182560
12182560
12182560
12182560
12182560
12182560
12182560
12182560
12182560
12182560
12182560
12182560
12182560
12182560
3640900
6423330
8441390
9813290
10670390
11181640
11490590
11663510
11766080
11827750
11867560
11886680
11898650
11904050
11908140
11909740
11910020
11910210
11910300
11910350
11910380
11910390
11910390
11910390
11910390
11910390
11910390
11910390
11910390
11910390
11910390
11910390
11910390
11910390
11910390
11910390
11910390
11910390
11910390
11910390
3669180
6541830
8633430
10058280
10973900
11535670
11859730
12045220
12157750
12219670
12253080
12269690
12281320
12287320
12290130
12291170
12292010
12292860
12293550
12293630
12293670
12293690
12293700
12293710
12293710
12293710
12293710
12293710
12293710
12293710
12293710
12293710
12293710
12293710
12293710
12293710
12293710
12293710
12293710
12293710
3580290
6351450
8382200
9748860
10641860
11203900
11549670
11739690
11845680
11905110
11937120
11953620
11960650
11964080
11967360
11969220
11970520
11971210
11971820
11972410
11972960
11972960
11972960
11972960
11972960
11972960
11972960
11972960
11972960
11972960
11972960
11972960
11972960
11972960
11972960
11972960
11972960
11972960
11972960
11972960
3576110
6332910
8320260
9682700
10521800
11031520
11336170
11512880
11619360
11675810
11709960
11729700
11741180
11746700
11749980
11753160
11755010
11756730
11757870
11758510
11759060
11759630
11760140
11760720
11761290
11761290
11761290
11761290
11761290
11761290
11761290
11761290
11761290
11761290
11761290
11761290
11761290
11761290
11761290
11761290
3604140
6385500
8410400
9789540
10685720
11229260
11554070
11749190
11857200
11919900
11949370
11964960
11974390
11977700
11978890
11979830
11980060
11980200
11980300
11980380
11980410
11980420
11980430
11980440
11980450
11980460
11980470
11980470
11980470
11980470
11980470
11980470
11980470
11980470
11980470
11980470
11980470
11980470
11980470
11980470
3649100
6480200
8554310
9966420
10866240
11433760
11769680
11973800
12086000
12143760
12180260
12203060
12214780
12221590
12226520
12229120
12229930
12230680
12231270
12231950
12232000
12232040
12232070
12232100
12232130
12232150
12232150
12232150
12232150
12232150
12232150
12232150
12232150
12232150
12232150
12232150
12232150
12232150
12232150
12232150
3766600
6668890
8737510
10102680
10953140
11454670
11747480
11917310
12005350
12053010
12077940
12091170
12098390
12102010
12103700
12105180
12105940
12106000
12106060
12106100
12106110
12106110
12106110
12106110
12106110
12106110
12106110
12106110
12106110
12106110
12106110
12106110
12106110
12106110
12106110
12106110
12106110
12106110
12106110
12106110
3650480
6484950
8561710
9990690
10924220
11489050
11820600
12010630
12122700
12184140
12218020
12238790
12250170
12254070
12254840
12255320
12255540
12255670
12255750
12255800
12255840
12255870
12255870
12255870
12255870
12255870
12255870
12255870
12255870
12255870
12255870
12255870
12255870
12255870
12255870
12255870
12255870
12255870
12255870
12255870
3619510
6447180
8524020
9976340
10933250
11546790
11917240
12138920
12266810
12346460
12394170
12418820
12433320
12440940
12447350
12450730
12451570
12452350
12453020
12453080
12453120
12453150
12453170
12453190
12453190
12453190
12453190
12453190
12453190
12453190
12453190
12453190
12453190
12453190
12453190
12453190
12453190
12453190
12453190
12453190
3703910
6574180
8702160
10164930
11112480
11698010
12048470
12259560
12374420
12433700
12463620
12481380
12491920
12496580
12498510
12499030
12499330
12499520
12499660
12499750
12499820
12499850
12499870
12499870
12499870
12499870
12499870
12499870
12499870
12499870
12499870
12499870
12499870
12499870
12499870
12499870
12499870
12499870
12499870
12499870
3626850
6459630
8576970
10062440
11040460
11672590
12046120
12270090
12401770
12476920
12518660
12546580
12564390
12573460
12577460
12578980
12579240
12579390
12579480
12579530
12579560
12579580
12579580
12579580
12579580
12579580
12579580
12579580
12579580
12579580
12579580
12579580
12579580
12579580
12579580
12579580
12579580
12579580
12579580
12579580
3600620
6381090
8417780
9814390
10707370
11236950
11545050
11723180
11823660
11879020
11912330
11928650
11938140
11944360
11948350
11951620
11952390
11953050
11953110
11953150
11953190
11953220
11953230
11953240
11953250
11953260
11953270
11953270
11953270
11953270
11953270
11953270
11953270
11953270
11953270
11953270
11953270
11953270
11953270
11953270
3624200
6432460
8458590
9789250
10619600
11128100
11416480
11582050
11665070
11711020
11735580
11748320
11756690
11759840
11760510
11760910
11761130
11761290
11761390
11761440
11761470
11761490
11761490
11761490
11761490
11761490
11761490
11761490
11761490
11761490
11761490
11761490
11761490
11761490
11761490
11761490
11761490
11761490
11761490
11761490
3644720
6470870
8505300
9881410
10755820
11296810
11623440
11827350
11942130
12005270
12037870
12056720
12067320
12071600
12073770
12075260
12076650
12077900
12078480
12079090
12079560
12079560
12079560
12079560
12079560
12079560
12079560
12079560
12079560
12079560
12079560
12079560
12079560
12079560
12079560
12079560
12079560
12079560
12079560
12079560
3551100
6310300
8343160
9753220
10658690
11232890
11576400
11787830
11906750
11972710
12011250
12030740
12045200
12052880
12058360
12060430
12061880
12062610
12063290
12063390
12063460
12063500
12063530
12063560
12063580
12063600
12063620
12063630
12063630
12063630
12063630
12063630
12063630
12063630
12063630
12063630
12063630
12063630
12063630
12063630
3565090
6307080
8258250
9520030
10288500
10743710
10989770
11118870
11193370
11234200
11256490
11269190
11273770
11276030
11276460
11276700
11276830
11276890
11276950
11276980
11277000
11277010
11277020
11277030
11277030
11277030
11277030
11277030
11277030
11277030
11277030
11277030
11277030
11277030
11277030
11277030
11277030
11277030
11277030
11277030
3604430
6394260
8407170
9776480
10659440
11199980
11513900
11696410
11796160
11851990
11883530
11900060
11908620
11913680
11916080
11917110
11917430
11917630
11917770
11917860
11917920
11917920
11917920
11917920
11917920
11917920
11917920
11917920
11917920
11917920
11917920
11917920
11917920
11917920
11917920
11917920
11917920
11917920
11917920
11917920
3635920
6469050
8564020
10011610
10932660
11507090
11853110
12061040
12177240
12244570
12282550
12304990
12317780
12325930
12329990
12331650
12331930
12332130
12332230
12332300
12332330
12332360
12332390
12332410
12332420
12332420
12332420
12332420
12332420
12332420
12332420
12332420
12332420
12332420
12332420
12332420
12332420
12332420
12332420
12332420
3670300
6490560
8498350
9839290
10663890
11149170
11418580
11570910
11647670
11687530
11703990
11712280
11714800
11716810
11717750
11717980
11718100
11718170
11718200
11718220
11718230
11718230
11718230
11718230
11718230
11718230
11718230
11718230
11718230
11718230
11718230
11718230
11718230
11718230
11718230
11718230
11718230
11718230
11718230
11718230
3681530
6589170
8716440
10203200
11174640
11787740
12149200
12360030
12485460
12562240
12604000
12626330
12640800
12649150
12652810
12654470
12655370
12655540
12655610
12655640
12655660
12655670
12655680
12655690
12655700
12655700
12655700
12655700
12655700
12655700
12655700
12655700
12655700
12655700
12655700
12655700
12655700
12655700
12655700
12655700
3614670
6383390
8385190
9724760
10570750
11078800
11384710
11549390
11640580
11693990
11723210
11738620
11748200
11753330
11756500
11758580
11758750
11758860
11758900
11758930
11758960
11758970
11758970
11758970
11758970
11758970
11758970
11758970
11758970
11758970
11758970
11758970
11758970
11758970
11758970
11758970
11758970
11758970
11758970
11758970
3648610
6480890
8563930
9961140
10858740
11413980
11746070
11945920
12058180
12127020
12164730
12190020
12201830
12209450
12212570
12213820
12214810
12215080
12215260
12215340
12215380
12215410
12215430
12215440
12215450
12215460
12215470
12215470
12215470
12215470
12215470
12215470
12215470
12215470
12215470
12215470
12215470
12215470
12215470
12215470
3650300
6494340
8611640
10093990
11065110
11698150
12102570
12345680
12487350
12577320
12628380
12660210
12677390
12687350
12693880
12698460
12701140
12702010
12702770
12703500
12703580
12703640
12703660
12703670
12703670
12703670
12703670
12703670
12703670
12703670
12703670
12703670
12703670
12703670
12703670
12703670
12703670
12703670
12703670
12703670
3663500
6549290
8705610
10222020
11248560
11922930
12343760
12608060
12765730
12866960
12932660
12974050
12998520
13011740
13020370
13026520
13030710
13032640
13033410
13033590
13033710
13033780
13033840
13033870
13033890
13033900
13033910
13033910
13033910
13033910
13033910
13033910
13033910
13033910
13033910
13033910
13033910
13033910
13033910
13033910
3691920
6539270
8579080
9951460
10826240
11348080
11654650
11823450
11908910
11955560
11985400
12001610
12009510
12013370
12015210
12015600
12015840
12015960
12016030
12016070
12016110
12016130
12016140
12016150
12016160
12016170
12016170
12016170
12016170
12016170
12016170
12016170
12016170
12016170
12016170
12016170
12016170
12016170
12016170
12016170
3623230
6415820
8435680
9833620
10727850
11273900
11606140
11793100
11900130
11957240
11992140
12010700
12023190
12030760
12036510
12040540
12042940
12044160
12044770
12044820
12044850
12044870
12044880
12044880
12044880
12044880
12044880
12044880
12044880
12044880
12044880
12044880
12044880
12044880
12044880
12044880
12044880
12044880
12044880
12044880
3666510
6505420
8604920
10011120
10922990
11481200
11810460
12001590
12116820
12179890
12215950
12235200
12244830
12249640
12253010
12255120
12256490
12256680
12256800
12256870
12256910
12256930
12256950
12256950
12256950
12256950
12256950
12256950
12256950
12256950
12256950
12256950
12256950
12256950
12256950
12256950
12256950
12256950
12256950
12256950
3613310
6401670
8421990
9796180
10674770
11199620
11502530
11669580
11764070
11816380
11847550
11863940
11872920
11875940
11877300
11878440
11878760
11878890
11878970
11878990
11879010
11879010
11879010
11879010
11879010
11879010
11879010
11879010
11879010
11879010
11879010
11879010
11879010
11879010
11879010
11879010
11879010
11879010
11879010
11879010
3600820
6419970
8546370
10052520
11049190
11675900
12048090
12272210
12403730
12477220
12516970
12540500
12553140
12561420
12567210
12571450
12575150
12577160
12578470
12579220
12579810
12579860
12579900
12579930
12579940
12579940
12579940
12579940
12579940
12579940
12579940
12579940
12579940
12579940
12579940
12579940
12579940
12579940
12579940
12579940
3657400
6471880
8486050
9816730
10632960
11110860
11380850
11527670
11606460
11649860
11669090
11679220
11684900
11687890
11689400
11690730
11690840
11690910
11690950
11690970
11690980
11690980
11690980
11690980
11690980
11690980
11690980
11690980
11690980
11690980
11690980
11690980
11690980
11690980
11690980
11690980
11690980
11690980
11690980
11690980
3745120
6622800
8696140
10084640
10955080
11452490
11716130
11867150
11959060
12007010
12034240
12049420
12058190
12063120
12065240
12066180
12066410
12066540
12066590
12066610
12066620
12066630
12066640
12066650
12066650
12066650
12066650
12066650
12066650
12066650
12066650
12066650
12066650
12066650
12066650
12066650
12066650
12066650
12066650
12066650
3607510
6414270
8458870
9861860
10749920
11291540
11612650
11802320
11920750
11988570
12033040
12058860
12072560
12082480
12089750
12093910
12096920
12099310
12101240
12101350
12101390
12101420
12101420
12101420
12101420
12101420
12101420
12101420
12101420
12101420
12101420
12101420
12101420
12101420
12101420
12101420
12101420
12101420
12101420
12101420
3671650
6517280
8608180
10038260
10948310
11502820
11838430
12034820
12148260
12217520
12260160
12280770
12292690
12300400
12304560
12307530
12308940
12310250
12310380
12310490
12310560
12310580
12310590
12310600
12310610
12310620
12310630
12310640
12310640
12310640
12310640
12310640
12310640
12310640
12310640
12310640
12310640
12310640
12310640
12310640
3672870
6516520
8577700
9961280
10829530
11366330
11669740
11837080
11930910
11980050
12003320
12014860
12021530
12024970
12027100
12028530
12028680
12028750
12028780
12028800
12028800
12028800
12028800
12028800
12028800
12028800
12028800
12028800
12028800
12028800
12028800
12028800
12028800
12028800
12028800
12028800
12028800
12028800
12028800
12028800
3540640
6270770
8237330
9558240
10383730
10885430
11194610
11373090
11470760
11525130
11554480
11571170
11578060
11582050
11584550
11585590
11586520
11587290
11587440
11587570
11587620
11587670
11587700
11587710
11587720
11587730
11587740
11587750
11587750
11587750
11587750
11587750
11587750
11587750
11587750
11587750
11587750
11587750
11587750
11587750
3701460
6541760
8610140
10017730
10910420
11449100
11766690
11957210
12070120
12137520
12176770
12197600
12205320
12210470
12212470
12213560
12214520
12214710
12214820
12214860
12214880
12214900
12214920
12214940
12214960
12214960
12214960
12214960
12214960
12214960
12214960
12214960
12214960
12214960
12214960
12214960
12214960
12214960
12214960
12214960
3538610
6278120
8248970
9577200
10415780
10932160
11245230
11424190
11525840
11580830
11613150
11633950
11647880
11656370
11662370
11665250
11667070
11667280
11667420
11667480
11667510
11667540
11667560
11667570
11667580
11667590
11667590
11667590
11667590
11667590
11667590
11667590
11667590
11667590
11667590
11667590
11667590
11667590
11667590
11667590
3623240
6432100
8466470
9855540
10750340
11280390
11598110
11789030
11893960
11952260
11985140
12005390
12017810
12024750
12029090
12032250
12034100
12035320
12035980
12036040
12036070
12036100
12036110
12036110
12036110
12036110
12036110
12036110
12036110
12036110
12036110
12036110
12036110
12036110
12036110
12036110
12036110
12036110
12036110
12036110
3647700
6502350
8622990
10095830
11055010
11666440
12044390
12279510
12421880
12504790
12552690
12581380
12599600
12610270
12614700
12618230
12619900
12620730
12620960
12621130
12621260
12621380
12621490
12621570
12621630
12621650
12621650
12621650
12621650
12621650
12621650
12621650
12621650
12621650
12621650
12621650
12621650
12621650
12621650
12621650
3742120
6656050
8755250
10174550
11070630
11598270
11901890
12073700
12173300
12230960
12264520
12284060
12293480
12298960
12301360
12302320
12303140
12303780
12304360
12304400
12304410
12304410
12304410
12304410
12304410
12304410
12304410
12304410
12304410
12304410
12304410
12304410
12304410
12304410
12304410
12304410
12304410
12304410
12304410
12304410
3687730
6572970
8674470
10105920
11029020
11603110
11947590
12156920
12275120
12345990
12391820
12419160
12433230
12443370
12450470
12453760
12456390
12456660
12456820
12456920
12456990
12457050
12457090
12457120
12457140
12457160
12457180
12457190
12457190
12457190
12457190
12457190
12457190
12457190
12457190
12457190
12457190
12457190
12457190
12457190
3729660
6670320
8851020
10361820
11350930
11979550
12363890
12595240
12733250
12813770
12858590
12881180
12895590
12904000
12909000
12911730
12913720
12914610
12915440
12915620
12915750
12915860
12915930
12915990
12916010
12916020
12916030
12916040
12916050
12916060
12916070
12916080
12916090
12916100
12916110
12916120
12916120
12916120
12916120
12916120
3614480
6399560
8416830
9782320
10650380
11173040
11478530
11649840
11746770
11800550
11830190
11845840
11854920
11858750
11859900
11860840
11861080
11861220
11861310
11861370
11861380
11861380
11861380
11861380
11861380
11861380
11861380
11861380
11861380
11861380
11861380
11861380
11861380
11861380
11861380
11861380
11861380
11861380
11861380
11861380
3510460
6268400
8314700
9764460
10721430
11318780
11685750
11911970
12052580
12130760
12175060
12198640
12211070
12217760
12221600
12224190
12224950
12225080
12225140
12225180
12225200
12225210
12225220
12225220
12225220
12225220
12225220
12225220
12225220
12225220
12225220
12225220
12225220
12225220
12225220
12225220
12225220
12225220
12225220
12225220
3576920
6360650
8423860
9887210
10866940
11489870
11887420
12135370
12276030
12354170
12398320
12423550
12437520
12444030
12446740
12447960
12448850
12449040
12449160
12449220
12449250
12449260
12449270
12449280
12449290
12449290
12449290
12449290
12449290
12449290
12449290
12449290
12449290
12449290
12449290
12449290
12449290
12449290
12449290
12449290
3696210
6588700
8734500
10212680
11194310
11811360
12188310
12415920
12556140
12640980
12688590
12719760
12738950
12750920
12757630
12759470
12760570
12760920
12761170
12761340
12761460
12761520
12761550
12761560
12761560
12761560
12761560
12761560
12761560
12761560
12761560
12761560
12761560
12761560
12761560
12761560
12761560
12761560
12761560
12761560
3562690
6402410
8527930
10035340
11062230
11723590
12141110
12397700
12550780
12642070
12696760
12725640
12742030
12752170
12757390
12760250
12762450
12763820
12765180
12765870
12765930
12765980
12766010
12766020
12766020
12766020
12766020
12766020
12766020
12766020
12766020
12766020
12766020
12766020
12766020
12766020
12766020
12766020
12766020
12766020
3599730
6370610
8372400
9716110
10575320
11101460
11421890
11609580
11716210
11774720
11808290
11822290
11830740
11835730
11837910
11839330
11840140
11840810
11841500
11841520
11841540
11841560
11841580
11841600
11841620
11841640
11841660
11841670
11841680
11841680
11841680
11841680
11841680
11841680
11841680
11841680
11841680
11841680
11841680
11841680
3648820
6476520
8561570
9984870
10921450
11522670
11893220
12111240
12240380
12312840
12350110
12370490
12381580
12386120
12389020
12390620
12391410
12391580
12391670
12391740
12391790
12391820
12391830
12391840
12391840
12391840
12391840
12391840
12391840
12391840
12391840
12391840
12391840
12391840
12391840
12391840
12391840
12391840
12391840
12391840
3652560
6503200
8582790
10001760
10893210
11449440
11781020
11978580
12100610
12168530
12208780
12234180
12247370
12255760
12260530
12263020
12264850
12266120
12267350
12267400
12267420
12267440
12267450
12267450
12267450
12267450
12267450
12267450
12267450
12267450
12267450
12267450
12267450
12267450
12267450
12267450
12267450
12267450
12267450
12267450
3614540
6412420
8481810
9898080
10803220
11356620
11684350
11869120
11982870
12052320
12086980
12102690
12111070
12113860
12115590
12115960
12116210
12116330
12116400
12116420
12116430
12116440
12116450
12116460
12116460
12116460
12116460
12116460
12116460
12116460
12116460
12116460
12116460
12116460
12116460
12116460
12116460
12116460
12116460
12116460
3740850
6636060
8766820
10195630
11094520
11652920
11981030
12167000
12279080
12345590
12381410
12401150
12412420
12418260
12420910
12423160
12424570
12425410
12425610
12425750
12425860
12425940
12426000
12426040
12426070
12426090
12426110
12426120
12426130
12426140
12426140
12426140
12426140
12426140
12426140
12426140
12426140
12426140
12426140
12426140
3599200
6391280
8385200
9725350
10598430
11146500
11469670
11661430
11776600
11839700
11870510
11887680
11897760
11902130
11904360
11905830
11907220
11907980
11908060
11908110
11908130
11908140
11908150
11908150
11908150
11908150
11908150
11908150
11908150
11908150
11908150
11908150
11908150
11908150
11908150
11908150
11908150
11908150
11908150
11908150
3642900
6511680
8621510
10107660
11078910
11702260
12079940
12313290
12443450
12512870
12556310
12582560
12595570
12601580
12605980
12608650
12610510
12610710
12610810
12610870
12610930
12610950
12610960
12610960
12610960
12610960
12610960
12610960
12610960
12610960
12610960
12610960
12610960
12610960
12610960
12610960
12610960
12610960
12610960
12610960
3778240
6764700
8955630
10466000
11466770
12085050
12457690
12676490
12796860
12862420
12899010
12920740
12932340
12937130
12940490
12942760
12943230
12943450
12943600
12943670
12943700
12943720
12943730
12943740
12943740
12943740
12943740
12943740
12943740
12943740
12943740
12943740
12943740
12943740
12943740
12943740
12943740
12943740
12943740
12943740
3602580
6395470
8428140
9837490
10752440
11304900
11645020
11846920
11955830
12013000
12045070
12061260
12068260
12071880
12073280
12073710
12073970
12074170
12074270
12074330
12074370
12074370
12074370
12074370
12074370
12074370
12074370
12074370
12074370
12074370
12074370
12074370
12074370
12074370
12074370
12074370
12074370
12074370
12074370
12074370
3675200
6556320
8701460
10200160
11187020
11803380
12175330
12391770
12511760
12578070
12614560
12632360
12641870
12647100
12649680
12651360
12652250
12652390
12652470
12652500
12652530
12652550
12652550
12652550
12652550
12652550
12652550
12652550
12652550
12652550
12652550
12652550
12652550
12652550
12652550
12652550
12652550
12652550
12652550
12652550
3608070
6364970
8331640
9668120
10499720
10980440
11257060
11410270
11495480
11540170
11564450
11578420
11584800
11587760
11589250
11590020
11590170
11590270
11590330
11590380
11590390
11590390
11590390
11590390
11590390
11590390
11590390
11590390
11590390
11590390
11590390
11590390
11590390
11590390
11590390
11590390
11590390
11590390
11590390
11590390
3544070
6327460
8370420
9794290
10722400
11319440
11686540
11894140
12012120
12080490
12122050
12142100
12154170
12158840
12161820
12164550
12165370
12165570
12165670
12165730
12165760
12165780
12165790
12165800
12165810
12165820
12165820
12165820
12165820
12165820
12165820
12165820
12165820
12165820
12165820
12165820
12165820
12165820
12165820
12165820
3688430
6534800
8619950
10037500
10943520
11493280
11815910
12001840
12104530
12162200
12198250
12215120
12224740
12230720
12233020
12233460
12233730
12233890
12233960
12233980
12233990
12233990
12233990
12233990
12233990
12233990
12233990
12233990
12233990
12233990
12233990
12233990
12233990
12233990
12233990
12233990
12233990
12233990
12233990
12233990
3502220
6232910
8283480
9710080
10649740
11226680
11581580
11791820
11912640
11984560
12018140
12039530
12050360
12054800
12058620
12060860
12061730
12062520
12063090
12063130
12063140
12063140
12063140
12063140
12063140
12063140
12063140
12063140
12063140
12063140
12063140
12063140
12063140
12063140
12063140
12063140
12063140
12063140
12063140
12063140
3642260
6498670
8592400
10026350
10966760
11530650
11872910
12070400
12183750
12250830
12292800
12316260
12330010
12338170
12342760
12345340
12346760
12347010
12347160
12347260
12347320
12347370
12347390
12347410
12347430
12347450
12347460
12347470
12347470
12347470
12347470
12347470
12347470
12347470
12347470
12347470
12347470
12347470
12347470
12347470
3571220
6337700
8361480
9755920
10664270
11239620
11600490
11815940
11938880
12006870
12048620
12071640
12086020
12093630
12095950
12097450
12097640
12097750
12097800
12097830
12097860
12097870
12097870
12097870
12097870
12097870
12097870
12097870
12097870
12097870
12097870
12097870
12097870
12097870
12097870
12097870
12097870
12097870
12097870
12097870
3729430
6570590
8556580
9842750
10614660
11052610
11302450
11442330
11522490
11569040
11596110
11613010
11623180
11628780
11631140
11632620
11633400
11634090
11634220
11634310
11634370
11634410
11634430
11634440
11634440
11634440
11634440
11634440
11634440
11634440
11634440
11634440
11634440
11634440
11634440
11634440
11634440
11634440
11634440
11634440
3538310
6275050
8287580
9663110
10555200
11114050
11462410
11656450
11761340
11823080
11853510
11870380
11878620
11882000
11883690
11885000
11885080
11885100
11885120
11885130
11885140
11885140
11885140
11885140
11885140
11885140
11885140
11885140
11885140
11885140
11885140
11885140
11885140
11885140
11885140
11885140
11885140
11885140
11885140
11885140
3615930
6400520
8407040
9747670
10601500
11114850
11418560
11582820
11677510
11734460
11761850
11776540
11784440
11787780
11789940
11791870
11793240
11793940
11794040
11794120
11794150
11794170
11794180
11794180
11794180
11794180
11794180
11794180
11794180
11794180
11794180
11794180
11794180
11794180
11794180
11794180
11794180
11794180
11794180
11794180
3779090
6728740
8922810
10423750
11394860
11992100
12334180
12529460
12642650
12714250
12755110
12778310
12790940
12796090
12797990
12799020
12799810
12800500
12801140
12801750
12802340
12802370
12802390
12802400
12802400
12802400
12802400
12802400
12802400
12802400
12802400
12802400
12802400
12802400
12802400
12802400
12802400
12802400
12802400
12802400
3639240
6507190
8626080
10091100
11054150
11673270
12047840
12270950
12407210
12479350
12519480
12544710
12555070
12560620
12565440
12567640
12568600
12568830
12568940
12569000
12569030
12569050
12569070
12569070
12569070
12569070
12569070
12569070
12569070
12569070
12569070
12569070
12569070
12569070
12569070
12569070
12569070
12569070
12569070
12569070
3616950
6405050
8435710
9801310
10681480
11225870
11545240
11726440
11823130
11877320
11905100
11920770
11930160
11934390
11936600
11938000
11938230
11938370
11938450
11938470
11938480
11938480
11938480
11938480
11938480
11938480
11938480
11938480
11938480
11938480
11938480
11938480
11938480
11938480
11938480
11938480
11938480
11938480
11938480
11938480
3569150
6338190
8358300
9740760
10654250
11231080
11584130
11801140
11921740
11988950
12022310
12039760
12047670
12051460
12053500
12054070
12054380
12054570
12054690
12054740
12054780
12054820
12054860
12054900
12054930
12054940
12054950
12054960
12054970
12054970
12054970
12054970
12054970
12054970
12054970
12054970
12054970
12054970
12054970
12054970
3593100
6361730
8343520
9657000
10468980
10942330
11209850
11364530
11451820
11504850
11535250
11549120
11557610
11562820
11564400
11565220
11565370
11565480
11565530
11565550
11565560
11565570
11565580
11565590
11565590
11565590
11565590
11565590
11565590
11565590
11565590
11565590
11565590
11565590
11565590
11565590
11565590
11565590
11565590
11565590
3589890
6406540
8452210
9840720
10724710
11288900
11613390
11807440
11909330
11968780
12005310
12025350
12036220
12041700
12045050
12046570
12047930
12048670
12049340
12049390
12049420
12049440
12049450
12049460
12049460
12049460
12049460
12049460
12049460
12049460
12049460
12049460
12049460
12049460
12049460
12049460
12049460
12049460
12049460
12049460
3626020
6432450
8473890
9857040
10725670
11256960
11575470
11760020
11869130
11933230
11965490
11985360
11994200
11998650
12000030
12000490
12000770
12000960
12001080
12001160
12001220
12001250
12001260
12001270
12001270
12001270
12001270
12001270
12001270
12001270
12001270
12001270
12001270
12001270
12001270
12001270
12001270
12001270
12001270
12001270
3748910
6622830
8702040
10083700
10959600
11476030
11778520
11940740
12032830
12086020
12116030
12130270
12136390
12139050
12140860
12141730
12141900
12142000
12142070
12142100
12142120
12142120
12142120
12142120
12142120
12142120
12142120
12142120
12142120
12142120
12142120
12142120
12142120
12142120
12142120
12142120
12142120
12142120
12142120
12142120
3691570
6593890
8764980
10274200
11279160
11920500
12308910
12541660
12682070
12756830
12796700
12819320
12832210
12839840
12843880
12845810
12846960
12847920
12848740
12848940
12849110
12849190
12849250
12849290
12849320
12849340
12849360
12849380
12849380
12849380
12849380
12849380
12849380
12849380
12849380
12849380
12849380
12849380
12849380
12849380
3484530
6190390
8191990
9575050
10498660
11081150
11434900
11658500
11786070
11862870
11907380
11933130
11948600
11958820
11968400
11973110
11976480
11978800
11979550
11980250
11980370
11980450
11980470
11980480
11980490
11980500
11980500
11980500
11980500
11980500
11980500
11980500
11980500
11980500
11980500
11980500
11980500
11980500
11980500
11980500
3558510
6317490
8371380
9795810
10737090
11320840
11680890
11896780
12021120
12088390
12129190
12151390
12165940
12174270
12179240
12180800
12181780
12182650
12183340
12183950
12184500
12185100
12185120
12185130
12185130
12185130
12185130
12185130
12185130
12185130
12185130
12185130
12185130
12185130
12185130
12185130
12185130
12185130
12185130
12185130
3611620
6400620
8460350
9897720
10806580
11366770
11721790
11932330
12041060
12103730
12137180
12156410
12166760
12171870
12174490
12176120
12177030
12177830
12178580
12178690
12178770
12178820
12178870
12178910
12178910
12178910
12178910
12178910
12178910
12178910
12178910
12178910
12178910
12178910
12178910
12178910
12178910
12178910
12178910
12178910
3702030
6575370
8672130
10114290
11037500
11617780
11959460
12166030
12289320
12360380
12398430
12420240
12430640
12438640
12443640
12445840
12447240
12448010
12448120
12448150
12448180
12448210
12448220
12448230
12448240
12448250
12448250
12448250
12448250
12448250
12448250
12448250
12448250
12448250
12448250
12448250
12448250
12448250
12448250
12448250
3614820
6449350
8538590
9985550
10927550
11524060
11887670
12106810
12228180
12297970
12333990
12353180
12363460
12369670
12374320
12377260
12378840
12379630
12379820
12379970
12380080
12380140
12380160
12380180
12380180
12380180
12380180
12380180
12380180
12380180
12380180
12380180
12380180
12380180
12380180
12380180
12380180
12380180
12380180
12380180
3598970
6418530
8495760
9939220
10871820
11434210
11778760
11991620
12115330
12187960
12227270
12246440
12255680
12261970
12265790
12268860
12270140
12270330
12270490
12270620
12270720
12270790
12270820
12270850
12270860
12270860
12270860
12270860
12270860
12270860
12270860
12270860
12270860
12270860
12270860
12270860
12270860
12270860
12270860
12270860
3620310
6418800
8471950
9866240
10788580
11361520
11692910
11888330
12004010
12063620
12098610
12118920
12129210
12133740
12136000
12137490
12137720
12137850
12137930
12137950
12137960
12137970
12137970
12137970
12137970
12137970
12137970
12137970
12137970
12137970
12137970
12137970
12137970
12137970
12137970
12137970
12137970
12137970
12137970
12137970
3680890
6530830
8654660
10116800
11040650
11617600
11961060
12157000
12258230
12313820
12343170
12359300
12368660
12373520
12376300
12378380
12379180
12379330
12379430
12379490
12379540
12379570
12379580
12379590
12379600
12379610
12379610
12379610
12379610
12379610
12379610
12379610
12379610
12379610
12379610
12379610
12379610
12379610
12379610
12379610
3553490
6288840
8281860
9663430
10563870
11128000
11471720
11666700
11773690
11838960
11876190
11899030
11912970
11918670
11921620
11922130
11922450
11922640
11922740
11922770
11922780
11922780
11922780
11922780
11922780
11922780
11922780
11922780
11922780
11922780
11922780
11922780
11922780
11922780
11922780
11922780
11922780
11922780
11922780
11922780
3749840
6694460
8827670
10279880
11193190
11751880
12077420
12261340
12355160
12405330
12432650
12451600
12459350
12462800
12464130
12464600
12464910
12465150
12465310
12465390
12465450
12465490
12465500
12465510
12465520
12465520
12465520
12465520
12465520
12465520
12465520
12465520
12465520
12465520
12465520
12465520
12465520
12465520
12465520
12465520
3702870
6598720
8709130
10166400
11108780
11715330
12087570
12312990
12442080
12520280
12568470
12594210
12606690
12614110
12618670
12621340
12622800
12623630
12624390
12625220
12625390
12625470
12625530
12625570
12625590
12625600
12625610
12625620
12625630
12625640
12625640
12625640
12625640
12625640
12625640
12625640
12625640
12625640
12625640
12625640
3539890
6282520
8276300
9661100
10559260
11120760
11466230
11670560
11789320
11865090
11906700
11928040
11937970
11943700
11948440
11950710
11952060
11952810
11953470
11953540
11953570
11953590
11953600
11953600
11953600
11953600
11953600
11953600
11953600
11953600
11953600
11953600
11953600
11953600
11953600
11953600
11953600
11953600
11953600
11953600
3703370
6556580
8627920
10013170
10901280
11443400
11754780
11920550
12014560
12067850
12096980
12112390
12121490
12126480
12129260
12130760
12130980
12131100
12131170
12131230
12131260
12131290
12131290
12131290
12131290
12131290
12131290
12131290
12131290
12131290
12131290
12131290
12131290
12131290
12131290
12131290
12131290
12131290
12131290
12131290
3720390
6624870
8726140
10146550
11045250
11586800
11885270
12043300
12132860
12176870
12204670
12216030
12223040
12227860
12229900
12230160
12230300
12230360
12230410
12230430
12230430
12230430
12230430
12230430
12230430
12230430
12230430
12230430
12230430
12230430
12230430
12230430
12230430
12230430
12230430
12230430
12230430
12230430
12230430
12230430
3773430
6673150
8746700
10116500
10962220
11453450
11740160
11895830
11978580
12019600
12038930
12047500
12050960
12052320
12052760
12053060
12053330
12053480
12053550
12053570
12053580
12053590
12053590
12053590
12053590
12053590
12053590
12053590
12053590
12053590
12053590
12053590
12053590
12053590
12053590
12053590
12053590
12053590
12053590
12053590
3754080
6677670
8800010
10215030
11109910
11667040
11976720
12164510
12272860
12329130
12356210
12368880
12375540
12379350
12381060
12382440
12383150
12383220
12383270
12383300
12383330
12383350
12383360
12383360
12383360
12383360
12383360
12383360
12383360
12383360
12383360
12383360
12383360
12383360
12383360
12383360
12383360
12383360
12383360
12383360
3645260
6508940
8617670
10064020
11017150
11606200
11961530
12171840
12285350
12355070
12392790
12414620
12426590
12431930
12434270
12435290
12436100
12436770
12437480
12437550
12437590
12437620
12437620
12437620
12437620
12437620
12437620
12437620
12437620
12437620
12437620
12437620
12437620
12437620
12437620
12437620
12437620
12437620
12437620
12437620
3634390
6454630
8530530
9943560
10852660
11430940
11771990
11972590
12088050
12155040
12190770
12213980
12227390
12234650
12239300
12242080
12242930
12243120
12243260
12243340
12243400
12243420
12243430
12243440
12243450
12243450
12243450
12243450
12243450
12243450
12243450
12243450
12243450
12243450
12243450
12243450
12243450
12243450
12243450
12243450
3675480
6516300
8590790
10007160
10902340
11448540
11763850
11938680
12036900
12089660
12117520
12128120
12133870
12135610
12136380
12136740
12136940
12137070
12137150
12137180
12137180
12137180
12137180
12137180
12137180
12137180
12137180
12137180
12137180
12137180
12137180
12137180
12137180
12137180
12137180
12137180
12137180
12137180
12137180
12137180
3593000
6348720
8363000
9738530
10619040
11164960
11497070
11701570
11822790
11893230
11929410
11948370
11960710
11969220
11973680
11975770
11977590
11978310
11978390
11978440
11978480
11978500
11978510
11978520
11978520
11978520
11978520
11978520
11978520
11978520
11978520
11978520
11978520
11978520
11978520
11978520
11978520
11978520
11978520
11978520
3642380
6439750
8451030
9793570
10647940
11163730
11469170
11632790
11719770
11766450
11791790
11804720
11811010
11813550
11814030
11814320
11814460
11814560
11814630
11814670
11814690
11814690
11814690
11814690
11814690
11814690
11814690
11814690
11814690
11814690
11814690
11814690
11814690
11814690
11814690
11814690
11814690
11814690
11814690
11814690
3651550
6472150
8514470
9901480
10786460
11346490
11675760
11863130
11963080
12015860
12044920
12063220
12074520
12080960
12085730
12087790
12088730
12088960
12089060
12089110
12089120
12089120
12089120
12089120
12089120
12089120
12089120
12089120
12089120
12089120
12089120
12089120
12089120
12089120
12089120
12089120
12089120
12089120
12089120
12089120
3657380
6481340
8506970
9891330
10761870
11277810
11574500
11749360
11842050
11893920
11923250
11936640
11943620
11945120
11945700
11946010
11946190
11946320
11946420
11946470
11946510
11946540
11946560
11946560
11946560
11946560
11946560
11946560
11946560
11946560
11946560
11946560
11946560
11946560
11946560
11946560
11946560
11946560
11946560
11946560
3650140
6480590
8524340
9920430
10822350
11375280
11696080
11888180
11998470
12059090
12097350
12121060
12135060
12142110
12145110
12146790
12147670
12148440
12149030
12149060
12149080
12149080
12149080
12149080
12149080
12149080
12149080
12149080
12149080
12149080
12149080
12149080
12149080
12149080
12149080
12149080
12149080
12149080
12149080
12149080
3679140
6502930
8561880
9958370
10826820
11349140
11650390
11823500
11928090
11981500
12011430
12029770
12039870
12046220
12049280
12050920
12052440
12053850
12054520
12055110
12055120
12055120
12055120
12055120
12055120
12055120
12055120
12055120
12055120
12055120
12055120
12055120
12055120
12055120
12055120
12055120
12055120
12055120
12055120
12055120
3561730
6345820
8376250
9782890
10695230
11260560
11606450
11806250
11909070
11966620
11997440
12014710
12024450
12030620
12034510
12037650
12039490
12040190
12040280
12040330
12040350
12040360
12040360
12040360
12040360
12040360
12040360
12040360
12040360
12040360
12040360
12040360
12040360
12040360
12040360
12040360
12040360
12040360
12040360
12040360
3711900
6599290
8707750
10150020
11057980
11628790
11965310
12165770
12273140
12338970
12377520
12397940
12408700
12414220
12418200
12419750
12420600
12420780
12420900
12420950
12421000
12421030
12421050
12421060
12421070
12421070
12421070
12421070
12421070
12421070
12421070
12421070
12421070
12421070
12421070
12421070
12421070
12421070
12421070
12421070
3610810
6405040
8412530
9804740
10712950
11275330
11595550
11782340
11885300
11939260
11970310
11987070
11994240
11998900
12002160
12004050
12004260
12004400
12004470
12004500
12004520
12004530
12004530
12004530
12004530
12004530
12004530
12004530
12004530
12004530
12004530
12004530
12004530
12004530
12004530
12004530
12004530
12004530
12004530
12004530
3647970
6479840
8559820
10000060
10929000
11517410
11871370
12085200
12212950
12287450
12331660
12359530
12377770
12389640
12395350
12398600
12400050
12400810
12401530
12401580
12401610
12401630
12401640
12401640
12401640
12401640
12401640
12401640
12401640
12401640
12401640
12401640
12401640
12401640
12401640
12401640
12401640
12401640
12401640
12401640
3624540
6460150
8546650
9962020
10866440
11423810
11746170
11935600
12039480
12099340
12131840
12149360
12159550
12164380
12166570
12167960
12168680
12168780
12168840
12168870
12168890
12168890
12168890
12168890
12168890
12168890
12168890
12168890
12168890
12168890
12168890
12168890
12168890
12168890
12168890
12168890
12168890
12168890
12168890
12168890
3626930
6463810
8542060
9965330
10884490
11450850
11794240
11997500
12108090
12167380
12201170
12217050
12226740
12230930
12233260
12234340
12234670
12234860
12235000
12235080
12235130
12235160
12235180
12235190
12235200
12235200
12235200
12235200
12235200
12235200
12235200
12235200
12235200
12235200
12235200
12235200
12235200
12235200
12235200
12235200
3644320
6475870
8565970
10016240
10949220
11529720
11884760
12086330
12201610
12270940
12309490
12333330
12345700
12353460
12358730
12360380
12361280
12361500
12361650
12361740
12361790
12361840
12361870
12361890
12361890
12361890
12361890
12361890
12361890
12361890
12361890
12361890
12361890
12361890
12361890
12361890
12361890
12361890
12361890
12361890
3630260
6480790
8628420
10108550
11100170
11729860
12117830
12359090
12498890
12579640
12625770
12654900
12672350
12681050
12684460
12686740
12687810
12688710
12689550
12690300
12690370
12690400
12690410
12690420
12690420
12690420
12690420
12690420
12690420
12690420
12690420
12690420
12690420
12690420
12690420
12690420
12690420
12690420
12690420
12690420
3585230
6385460
8445630
9899490
10874730
11482770
11849250
12070690
12202110
12280010
12322670
12349310
12363580
12372210
12376950
12379880
12381550
12381840
12382000
12382080
12382110
12382120
12382130
12382140
12382150
12382160
12382160
12382160
12382160
12382160
12382160
12382160
12382160
12382160
12382160
12382160
12382160
12382160
12382160
12382160
3614660
6431800
8543690
10008740
10970460
11571490
11940480
12160880
12284140
12353640
12387510
12408400
12420570
12429150
12432540
12435330
12435570
12435710
12435800
12435820
12435830
12435830
12435830
12435830
12435830
12435830
12435830
12435830
12435830
12435830
12435830
12435830
12435830
12435830
12435830
12435830
12435830
12435830
12435830
12435830
3649100
6465450
8529600
9944810
10870830
11452590
11791530
11988130
12097580
12151880
12180830
12197310
12205640
12209390
12210570
12210940
12211180
12211280
12211340
12211360
12211370
12211380
12211390
12211400
12211400
12211400
12211400
12211400
12211400
12211400
12211400
12211400
12211400
12211400
12211400
12211400
12211400
12211400
12211400
12211400
3713990
6633800
8783520
10254230
11201380
11795820
12150610
12366610
12488920
12556330
12589980
12610580
12624440
12630430
12635560
12638500
12639340
12640110
12640780
12640860
12640920
12640940
12640960
12640970
12640980
12640990
12641000
12641010
12641010
12641010
12641010
12641010
12641010
12641010
12641010
12641010
12641010
12641010
12641010
12641010
3624610
6464500
8523410
9952150
10896450
11483250
11837680
12038790
12156800
12222570
12263070
12282960
12293000
12300280
12303380
12305790
12307010
12308150
12308800
12308880
12308940
12308980
12309000
12309000
12309000
12309000
12309000
12309000
12309000
12309000
12309000
12309000
12309000
12309000
12309000
12309000
12309000
12309000
12309000
12309000
3644930
6468430
8508360
9895570
10776790
11332400
11662960
11861350
11977440
12039960
12070240
12087070
12097240
12102220
12105850
12106890
12107190
12107380
12107490
12107540
12107560
12107560
12107560
12107560
12107560
12107560
12107560
12107560
12107560
12107560
12107560
12107560
12107560
12107560
12107560
12107560
12107560
12107560
12107560
12107560
3725840
6595620
8684650
10079000
10960380
11506680
11828000
12016340
12117280
12175850
12211170
12230710
12241560
12247500
12249960
12252200
12253040
12253210
12253330
12253370
12253410
12253420
12253420
12253420
12253420
12253420
12253420
12253420
12253420
12253420
12253420
12253420
12253420
12253420
12253420
12253420
12253420
12253420
12253420
12253420
3689380
6532460
8577760
9933900
10773360
11270150
11546630
11695740
11772100
11812240
11833030
11842120
11845340
11846790
11847830
11848090
11848200
11848240
11848270
11848280
11848290
11848290
11848290
11848290
11848290
11848290
11848290
11848290
11848290
11848290
11848290
11848290
11848290
11848290
11848290
11848290
11848290
11848290
11848290
11848290
3619940
6442160
8527080
9948190
10884220
11481730
11859820
12089480
12226630
12307330
12353900
12378110
12392500
12402000
12406620
12409060
12410780
12411650
12412440
12412580
12412680
12412730
12412760
12412780
12412800
12412810
12412810
12412810
12412810
12412810
12412810
12412810
12412810
12412810
12412810
12412810
12412810
12412810
12412810
12412810
3697720
6579440
8692460
10111290
11016820
11564240
11889590
12082810
12196850
12267670
12311910
12338190
12351980
12359590
12364680
12367650
12368660
12368970
12369150
12369280
12369360
12369400
12369430
12369450
12369460
12369470
12369470
12369470
12369470
12369470
12369470
12369470
12369470
12369470
12369470
12369470
12369470
12369470
12369470
12369470
3667350
6505270
8567970
9984320
10873600
11415600
11728440
11908140
12008630
12063280
12089470
12100200
12105800
12107530
12108180
12108560
12108730
12108810
12108840
12108850
12108850
12108850
12108850
12108850
12108850
12108850
12108850
12108850
12108850
12108850
12108850
12108850
12108850
12108850
12108850
12108850
12108850
12108850
12108850
12108850
3624620
6419990
8429960
9798860
10650750
11167640
11479600
11658700
11754280
11807270
11834480
11849650
11858350
11864330
11868160
11870620
11871850
11871960
11872040
11872070
11872090
11872110
11872120
11872130
11872140
11872150
11872150
11872150
11872150
11872150
11872150
11872150
11872150
11872150
11872150
11872150
11872150
11872150
11872150
11872150
3652180
6482180
8514820
9891000
10760580
11295850
11609400
11780450
11871460
11917640
11942120
11956750
11964960
11967790
11969510
11969860
11970000
11970100
11970120
11970140
11970160
11970160
11970160
11970160
11970160
11970160
11970160
11970160
11970160
11970160
11970160
11970160
11970160
11970160
11970160
11970160
11970160
11970160
11970160
11970160
3606210
6416000
8490610
9919760
10853190
11429550
11778990
11986860
12106380
12176690
12217600
12241510
12258790
12266510
12270910
12273770
12274680
12274910
12275050
12275160
12275250
12275320
12275340
12275350
12275360
12275360
12275360
12275360
12275360
12275360
12275360
12275360
12275360
12275360
12275360
12275360
12275360
12275360
12275360
12275360
3607460
6377720
8409470
9775700
10635880
11152630
11452410
11630050
11730670
11788610
11818250
11832670
11841790
11848580
11852480
11854920
11856320
11857620
11858910
11860060
11860100
11860120
11860120
11860120
11860120
11860120
11860120
11860120
11860120
11860120
11860120
11860120
11860120
11860120
11860120
11860120
11860120
11860120
11860120
11860120
3585620
6370500
8386150
9751980
10613060
11126240
11415700
11575310
11656060
11697200
11718570
11729950
11735450
11738610
11739690
11740030
11740160
11740200
11740220
11740240
11740250
11740250
11740250
11740250
11740250
11740250
11740250
11740250
11740250
11740250
11740250
11740250
11740250
11740250
11740250
11740250
11740250
11740250
11740250
11740250
3655480
6462960
8462930
9804820
10606070
11074240
11343960
11492750
11577920
11618170
11640570
11649490
11654610
11657110
11657530
11657810
11658010
11658120
11658180
11658230
11658240
11658240
11658240
11658240
11658240
11658240
11658240
11658240
11658240
11658240
11658240
11658240
11658240
11658240
11658240
11658240
11658240
11658240
11658240
11658240
3678640
6533470
8641780
10124740
11091280
11715220
12096580
12329850
12467280
12548810
12593950
12623330
12640970
12651230
12657840
12661750
12663340
12664750
12665450
12666170
12666280
12666330
12666360
12666380
12666390
12666400
12666410
12666420
12666420
12666420
12666420
12666420
12666420
12666420
12666420
12666420
12666420
12666420
12666420
12666420
3676740
6552160
8671770
10113910
11044090
11608790
11944940
12142980
12254600
12315530
12346270
12359250
12367340
12371160
12373090
12373640
12373970
12374130
12374240
12374340
12374430
12374520
12374570
12374600
12374620
12374640
12374650
12374660
12374660
12374660
12374660
12374660
12374660
12374660
12374660
12374660
12374660
12374660
12374660
12374660
3620240
6419650
8466410
9863620
10780700
11355040
11707390
11911820
12036570
12100580
12135970
12155900
12164960
12170480
12172600
12174370
12175750
12175990
12176180
12176290
12176340
12176370
12176390
12176400
12176400
12176400
12176400
12176400
12176400
12176400
12176400
12176400
12176400
12176400
12176400
12176400
12176400
12176400
12176400
12176400
3629010
6452390
8538650
9981950
10930890
11519550
11878800
12098370
12223820
12299030
12343650
12366980
12382420
12391110
12395720
12397970
12398900
12399170
12399370
12399520
12399600
12399650
12399680
12399690
12399700
12399700
12399700
12399700
12399700
12399700
12399700
12399700
12399700
12399700
12399700
12399700
12399700
12399700
12399700
12399700
3583210
6369670
8408050
9791760
10681720
11229640
11566840
11757600
11871630
11935870
11975570
11997050
12008900
12015930
12021470
12024700
12024880
12024990
12025080
12025140
12025160
12025180
12025190
12025190
12025190
12025190
12025190
12025190
12025190
12025190
12025190
12025190
12025190
12025190
12025190
12025190
12025190
12025190
12025190
12025190
3696380
6543230
8606810
10028840
10932130
11480340
11795850
11970410
12073620
12136160
12173160
12191260
12202590
12209210
12211000
12212510
12213370
12214040
12214120
12214180
12214230
12214270
12214290
12214310
12214310
12214310
12214310
12214310
12214310
12214310
12214310
12214310
12214310
12214310
12214310
12214310
12214310
12214310
12214310
12214310
3550000
6312940
8332230
9716650
10622410
11198280
11543250
11759860
11884100
11963000
12010350
12032970
12045990
12051100
12053140
12054300
12055200
12055950
12056570
12056590
12056600
12056600
12056600
12056600
12056600
12056600
12056600
12056600
12056600
12056600
12056600
12056600
12056600
12056600
12056600
12056600
12056600
12056600
12056600
12056600
3730220
6659650
8806790
10250770
11189320
11767130
12096350
12290330
12394280
12447600
12474560
12489150
12497890
12504550
12508790
12511840
12514350
12515690
12516360
12516970
12517580
12517600
12517620
12517630
12517630
12517630
12517630
12517630
12517630
12517630
12517630
12517630
12517630
12517630
12517630
12517630
12517630
12517630
12517630
12517630
3570140
6331480
8327220
9682700
10543510
11055760
11355490
11527100
11623920
11683870
11716080
11728440
11732900
11736520
11737100
11737430
11737600
11737660
11737700
11737720
11737740
11737740
11737740
11737740
11737740
11737740
11737740
11737740
11737740
11737740
11737740
11737740
11737740
11737740
11737740
11737740
11737740
11737740
11737740
11737740
3805940
6789930
8928330
10369490
11285840
11830620
12134150
12310100
12404170
12453670
12477620
12489500
12494180
12496370
12497470
12497750
12497920
12498010
12498080
12498100
12498110
12498110
12498110
12498110
12498110
12498110
12498110
12498110
12498110
12498110
12498110
12498110
12498110
12498110
12498110
12498110
12498110
12498110
12498110
12498110
3779330
6730400
8881530
10366450
11307560
11894500
12251560
12458660
12586360
12658610
12694280
12712970
12723930
12728860
12730320
12730830
12731110
12731240
12731310
12731360
12731370
12731370
12731370
12731370
12731370
12731370
12731370
12731370
12731370
12731370
12731370
12731370
12731370
12731370
12731370
12731370
12731370
12731370
12731370
12731370
3612670
6386860
8391780
9744250
10613680
11150180
11463700
11641880
11744620
11802790
11834520
11852580
11864050
11870690
11874090
11875040
11875840
11876420
11876470
11876500
11876520
11876540
11876550
11876550
11876550
11876550
11876550
11876550
11876550
11876550
11876550
11876550
11876550
11876550
11876550
11876550
11876550
11876550
11876550
11876550
3612060
6388930
8376280
9700060
10534430
11049760
11356400
11528090
11623410
11676160
11705520
11723740
11736640
11742990
11746650
11749600
11751480
11753200
11753820
11754420
11754450
11754470
11754480
11754480
11754480
11754480
11754480
11754480
11754480
11754480
11754480
11754480
11754480
11754480
11754480
11754480
11754480
11754480
11754480
11754480
3636750
6460410
8487970
9849740
10702390
11221620
11518480
11696150
11803690
11863140
11895940
11911810
11918680
11924340
11925560
11925990
11926220
11926370
11926480
11926530
11926550
11926550
11926550
11926550
11926550
11926550
11926550
11926550
11926550
11926550
11926550
11926550
11926550
11926550
11926550
11926550
11926550
11926550
11926550
11926550
3606280
6434520
8489500
9882870
10754840
11279390
11587310
11768960
11857450
11905700
11931900
11945210
11952510
11956400
11959000
11959840
11960520
11961140
11961190
11961200
11961200
11961200
11961200
11961200
11961200
11961200
11961200
11961200
11961200
11961200
11961200
11961200
11961200
11961200
11961200
11961200
11961200
11961200
11961200
11961200
3586610
6351810
8383570
9763720
10637310
11186330
11511400
11702930
11816490
11879910
11921640
11948100
11962670
11967870
11970090
11970910
11971670
11972330
11973040
11973120
11973170
11973210
11973220
11973220
11973220
11973220
11973220
11973220
11973220
11973220
11973220
11973220
11973220
11973220
11973220
11973220
11973220
11973220
11973220
11973220
3620720
6437580
8513200
9966120
10917120
11533240
11922460
12158980
12302930
12389250
12439200
12470620
12489170
12498710
12506430
12510750
12513240
12513570
12513750
12513850
12513910
12513970
12514000
12514030
12514050
12514060
12514060
12514060
12514060
12514060
12514060
12514060
12514060
12514060
12514060
12514060
12514060
12514060
12514060
12514060
3676670
6571360
8715340
10213660
11196950
11799120
12163910
12383490
12514660
12590020
12629850
12652030
12664670
12670760
12674210
12675890
12677270
12678020
12678760
12678860
12678900
12678920
12678930
12678930
12678930
12678930
12678930
12678930
12678930
12678930
12678930
12678930
12678930
12678930
12678930
12678930
12678930
12678930
12678930
12678930
3637410
6446330
8503940
9926320
10865100
11439750
11790200
12006110
12134450
12208750
12249520
12273800
12288060
12297700
12302180
12305680
12306540
12306720
12306840
12306910
12306970
12307010
12307030
12307040
12307050
12307050
12307050
12307050
12307050
12307050
12307050
12307050
12307050
12307050
12307050
12307050
12307050
12307050
12307050
12307050
3625260
6430560
8505380
9942870
10874760
11454010
11796780
12007540
12128550
12200580
12244440
12270940
12284820
12294560
12300880
12305300
12308010
12309370
12310610
12311300
12311380
12311430
12311450
12311470
12311470
12311470
12311470
12311470
12311470
12311470
12311470
12311470
12311470
12311470
12311470
12311470
12311470
12311470
12311470
12311470
3604060
6370930
8373050
9735690
10619550
11171440
11489450
11666160
11771880
11825850
11854410
11869290
11879550
11884880
11887840
11889390
11889680
11889880
11890020
11890100
11890130
11890160
11890170
11890180
11890190
11890190
11890190
11890190
11890190
11890190
11890190
11890190
11890190
11890190
11890190
11890190
11890190
11890190
11890190
11890190
3547620
6330160
8351880
9762020
10667070
11228390
11561830
11765520
11881520
11945620
11983380
12001510
12010970
12015610
12017710
12018920
12019910
12020130
12020270
12020390
12020460
12020500
12020530
12020530
12020530
12020530
12020530
12020530
12020530
12020530
12020530
12020530
12020530
12020530
12020530
12020530
12020530
12020530
12020530
12020530
3647860
6496460
8565530
10015010
10960900
11554370
11913610
12136300
12263470
12337890
12378010
12399260
12411130
12419380
12423630
12425850
12426840
12427640
12427810
12427920
12427990
12428020
12428050
12428060
12428060
12428060
12428060
12428060
12428060
12428060
12428060
12428060
12428060
12428060
12428060
12428060
12428060
12428060
12428060
12428060
3491590
6235250
8305080
9796340
10784380
11432550
11833790
12084250
12234220
12324680
12380930
12414520
12435480
12447460
12455150
12458410
12461050
12462960
12464290
12465080
12465180
12465280
12465320
12465360
12465390
12465420
12465440
12465460
12465480
12465500
12465520
12465530
12465540
12465550
12465550
12465550
12465550
12465550
12465550
12465550
3676980
6519540
8586010
9987980
10856960
11370080
11665110
11825020
11917540
11969360
11993640
12009020
12016980
12020020
12021130
12022030
12022170
12022260
12022310
12022350
12022370
12022370
12022370
12022370
12022370
12022370
12022370
12022370
12022370
12022370
12022370
12022370
12022370
12022370
12022370
12022370
12022370
12022370
12022370
12022370
3617140
6435110
8495720
9943060
10882800
11470470
11834610
12060530
12199870
12284810
12333260
12360020
12373380
12380720
12384440
12387090
12388990
12389730
12389830
12389880
12389890
12389900
12389900
12389900
12389900
12389900
12389900
12389900
12389900
12389900
12389900
12389900
12389900
12389900
12389900
12389900
12389900
12389900
12389900
12389900
3702550
6568460
8635540
10011000
10893800
11447730
11771670
11959950
12064400
12121340
12151530
12169250
12178300
12183870
12186190
12188290
12189130
12189300
12189400
12189460
12189510
12189550
12189590
12189610
12189620
12189620
12189620
12189620
12189620
12189620
12189620
12189620
12189620
12189620
12189620
12189620
12189620
12189620
12189620
12189620
3593110
6432230
8567820
10047960
11012540
11630320
12021700
12257170
12390900
12468110
12505400
12523500
12532230
12536420
12537860
12538990
12539840
12540570
12541260
12541890
12541910
12541930
12541950
12541970
12541970
12541970
12541970
12541970
12541970
12541970
12541970
12541970
12541970
12541970
12541970
12541970
12541970
12541970
12541970
12541970
3590740
6390740
8442550
9847570
10747250
11307610
11664760
11881940
12020780
12104900
12158860
12192940
12211830
12222480
12229670
12235600
12240980
12245240
12247590
12248780
12249410
12249490
12249530
12249550
12249550
12249550
12249550
12249550
12249550
12249550
12249550
12249550
12249550
12249550
12249550
12249550
12249550
12249550
12249550
12249550
3652360
6508940
8611270
10040800
10983550
11566230
11921540
12126010
12237490
12303080
12339640
12361500
12373950
12382480
12386270
12389130
12390610
12392070
12392240
12392370
12392440
12392480
12392510
12392520
12392530
12392530
12392530
12392530
12392530
12392530
12392530
12392530
12392530
12392530
12392530
12392530
12392530
12392530
12392530
12392530
3644830
6459320
8543970
9979370
10894980
11450970
11781580
11974550
12092270
12154580
12191910
12212010
12224530
12233150
12237660
12239950
12241450
12242340
12243170
12243840
12243900
12243930
12243950
12243960
12243960
12243960
12243960
12243960
12243960
12243960
12243960
12243960
12243960
12243960
12243960
12243960
12243960
12243960
12243960
12243960
3646090
6466470
8504110
9907190
10833020
11424280
11780710
12000800
12126470
12191990
12226560
12246190
12256260
12261650
12264900
12267300
12268850
12270230
12270960
12271070
12271120
12271140
12271150
12271150
12271150
12271150
12271150
12271150
12271150
12271150
12271150
12271150
12271150
12271150
12271150
12271150
12271150
12271150
12271150
12271150
3619870
6450420
8516320
9942670
10883070
11483460
11844970
12062730
12195990
12277950
12326450
12352600
12372100
12382610
12389230
12392520
12394600
12395900
12396730
12397370
12397950
12398010
12398060
12398080
12398090
12398090
12398090
12398090
12398090
12398090
12398090
12398090
12398090
12398090
12398090
12398090
12398090
12398090
12398090
12398090
3696900
6578750
8707670
10183230
11157120
11777640
12144220
12360840
12483800
12548190
12586660
12608640
12619830
12625980
12627210
12627640
12627950
12628150
12628280
12628330
12628370
12628390
12628400
12628410
12628420
12628420
12628420
12628420
12628420
12628420
12628420
12628420
12628420
12628420
12628420
12628420
12628420
12628420
12628420
12628420
3712010
6599870
8677360
10105090
11022680
11572060
11882520
12065140
12164940
12215510
12242040
12255440
12263130
12267460
12268720
12269160
12269440
12269610
12269690
12269720
12269740
12269750
12269750
12269750
12269750
12269750
12269750
12269750
12269750
12269750
12269750
12269750
12269750
12269750
12269750
12269750
12269750
12269750
12269750
12269750
3604260
6413270
8463270
9864930
10784440
11361390
11718010
11935280
12058300
12129080
12166970
12186170
12196320
12202680
12206260
12208970
12210350
12211650
12211760
12211840
12211880
12211910
12211940
12211970
12212000
12212020
12212030
12212030
12212030
12212030
12212030
12212030
12212030
12212030
12212030
12212030
12212030
12212030
12212030
12212030
3605520
6431490
8513640
9958060
10891110
11467550
11809360
12018000
12142330
12214080
12257380
12285910
12300070
12307090
12309690
12310740
12311080
12311290
12311410
12311480
12311520
12311560
12311580
12311590
12311590
12311590
12311590
12311590
12311590
12311590
12311590
12311590
12311590
12311590
12311590
12311590
12311590
12311590
12311590
12311590
