20182
37473
51677
63264
71885
78478
83456
87058
89505
91028
92039
92717
93154
93367
93505
93601
93654
93702
93737
93748
93753
93756
93759
93761
93762
93762
93762
93762
93762
93762
93762
93762
93762
93762
93762
93762
93762
93762
93762
93762
19911
36966
50803
62153
70572
76947
81734
85151
87414
88862
89814
90429
90726
90862
90946
90994
91024
91034
91038
91039
91040
91041
91042
91043
91043
91043
91043
91043
91043
91043
91043
91043
91043
91043
91043
91043
91043
91043
91043
91043
19896
36881
50829
62061
70518
76764
81381
84546
86805
88247
89153
89697
90016
90211
90345
90390
90422
90447
90459
90460
90460
90460
90460
90460
90460
90460
90460
90460
90460
90460
90460
90460
90460
90460
90460
90460
90460
90460
90460
90460
19815
36789
50657
61843
70156
76517
81228
84544
86803
88266
89156
89726
90133
90348
90469
90533
90578
90603
90607
90608
90608
90608
90608
90608
90608
90608
90608
90608
90608
90608
90608
90608
90608
90608
90608
90608
90608
90608
90608
90608
19883
36866
50783
62083
70499
77010
81855
85383
87863
89543
90643
91295
91713
91943
92070
92148
92205
92223
92232
92238
92239
92240
92241
92242
92243
92243
92243
92243
92243
92243
92243
92243
92243
92243
92243
92243
92243
92243
92243
92243
19916
37119
51108
62609
71134
77627
82411
85951
88374
89857
90748
91329
91743
91914
91995
92047
92068
92080
92087
92091
92092
92092
92092
92092
92092
92092
92092
92092
92092
92092
92092
92092
92092
92092
92092
92092
92092
92092
92092
92092
19735
36724
50474
61735
70229
76690
81556
84958
87349
88817
89761
90376
90833
91104
91269
91368
91456
91516
91551
91574
91601
91606
91609
91612
91615
91617
91617
91617
91617
91617
91617
91617
91617
91617
91617
91617
91617
91617
91617
91617
19824
36931
50889
62414
71343
78147
83276
87036
89727
91546
92669
93410
93894
94211
94362
94485
94557
94609
94623
94630
94636
94642
94647
94651
94653
94654
94654
94654
94654
94654
94654
94654
94654
94654
94654
94654
94654
94654
94654
94654
19978
37261
51511
63256
72124
79111
84226
87987
90696
92580
93909
94689
95121
95371
95517
95602
95660
95684
95694
95702
95708
95709
95709
95709
95709
95709
95709
95709
95709
95709
95709
95709
95709
95709
95709
95709
95709
95709
95709
95709
19786
36884
50948
62546
71320
78026
83175
86906
89523
91310
92532
93351
93851
94108
94278
94373
94427
94449
94466
94478
94487
94490
94491
94492
94492
94492
94492
94492
94492
94492
94492
94492
94492
94492
94492
94492
94492
94492
94492
94492
19749
36834
50952
62640
71534
78400
83612
87448
90190
92087
93427
94273
94755
95028
95173
95263
95298
95324
95346
95358
95360
95361
95362
95362
95362
95362
95362
95362
95362
95362
95362
95362
95362
95362
95362
95362
95362
95362
95362
95362
20167
37512
51647
63217
71910
78535
83368
86897
89332
90824
91768
92269
92548
92650
92715
92750
92773
92792
92802
92809
92814
92815
92816
92816
92816
92816
92816
92816
92816
92816
92816
92816
92816
92816
92816
92816
92816
92816
92816
92816
19672
36530
50209
61275
69620
75978
80534
83710
85924
87452
88406
89098
89499
89785
89982
90105
90163
90199
90219
90231
90237
90242
90244
90246
90247
90248
90248
90248
90248
90248
90248
90248
90248
90248
90248
90248
90248
90248
90248
90248
19846
36868
50905
62261
70872
77406
82363
85937
88487
90115
91194
91979
92381
92583
92684
92728
92759
92773
92782
92787
92788
92788
92788
92788
92788
92788
92788
92788
92788
92788
92788
92788
92788
92788
92788
92788
92788
92788
92788
92788
20165
37413
51576
62943
71557
77956
82691
86039
88356
90090
91218
91896
92356
92661
92879
93003
93101
93148
93168
93183
93191
93195
93198
93201
93203
93204
93204
93204
93204
93204
93204
93204
93204
93204
93204
93204
93204
93204
93204
93204
19782
36784
50674
61994
70580
77174
82109
85786
88439
90291
91448
92191
92594
92857
92932
92972
92996
93009
93017
93022
93022
93022
93022
93022
93022
93022
93022
93022
93022
93022
93022
93022
93022
93022
93022
93022
93022
93022
93022
93022
19999
37177
51312
62777
71516
78252
83143
86748
89244
90877
91869
92462
92815
93047
93185
93259
93290
93308
93320
93328
93332
93334
93335
93336
93337
93338
93339
93339
93339
93339
93339
93339
93339
93339
93339
93339
93339
93339
93339
93339
20141
37457
51678
63203
71997
78629
83547
87210
89660
91368
92479
93164
93578
93813
93963
94063
94122
94143
94156
94163
94166
94167
94167
94167
94167
94167
94167
94167
94167
94167
94167
94167
94167
94167
94167
94167
94167
94167
94167
94167
19923
37068
51074
62370
70825
77313
82006
85424
87812
89428
90473
91041
91316
91481
91573
91620
91643
91652
91660
91665
91667
91668
91668
91668
91668
91668
91668
91668
91668
91668
91668
91668
91668
91668
91668
91668
91668
91668
91668
91668
19763
36767
50550
61764
70331
76980
81857
85424
88029
89831
90974
91769
92263
92568
92751
92845
92922
92945
92956
92961
92963
92965
92966
92967
92968
92969
92970
92970
92970
92970
92970
92970
92970
92970
92970
92970
92970
92970
92970
92970
19906
37076
50895
62260
70746
77369
82252
85869
88438
90147
91213
91904
92349
92598
92746
92831
92898
92924
92935
92942
92946
92949
92951
92951
92951
92951
92951
92951
92951
92951
92951
92951
92951
92951
92951
92951
92951
92951
92951
92951
19878
36916
51085
62680
71501
78259
83443
87267
89911
91719
92983
93804
94335
94642
94799
94906
94966
94991
95007
95017
95025
95033
95041
95046
95050
95051
95051
95051
95051
95051
95051
95051
95051
95051
95051
95051
95051
95051
95051
95051
19834
36891
50863
62341
70927
77533
82502
86047
88538
90100
91021
91641
91982
92184
92308
92398
92460
92491
92500
92506
92509
92510
92511
92512
92512
92512
92512
92512
92512
92512
92512
92512
92512
92512
92512
92512
92512
92512
92512
92512
19905
36907
50707
61923
70005
76019
80311
83342
85447
86782
87750
88254
88599
88758
88853
88881
88896
88905
88911
88915
88917
88917
88917
88917
88917
88917
88917
88917
88917
88917
88917
88917
88917
88917
88917
88917
88917
88917
88917
88917
19930
37049
51178
62776
71464
78214
83319
87102
89644
91502
92793
93675
94229
94551
94747
94867
94938
94985
95006
95019
95026
95028
95030
95032
95033
95034
95034
95034
95034
95034
95034
95034
95034
95034
95034
95034
95034
95034
95034
95034
19855
36874
50843
62251
70923
77615
82570
86143
88621
90288
91394
92040
92479
92778
92981
93134
93213
93283
93323
93359
93393
93418
93442
93459
93471
93491
93494
93496
93498
93500
93501
93502
93502
93502
93502
93502
93502
93502
93502
93502
19852
36846
50910
62340
71098
77769
82863
86633
89126
90828
91813
92439
92822
93036
93136
93194
93223
93242
93255
93265
93270
93275
93279
93281
93283
93285
93285
93285
93285
93285
93285
93285
93285
93285
93285
93285
93285
93285
93285
93285
19903
36941
50801
62098
70427
76668
81162
84248
86375
87730
88652
89209
89465
89612
89728
89779
89814
89829
89839
89845
89848
89850
89852
89853
89853
89853
89853
89853
89853
89853
89853
89853
89853
89853
89853
89853
89853
89853
89853
89853
20200
37601
51789
63369
71866
78247
82956
86239
88451
89859
90676
91228
91522
91672
91780
91857
91898
91935
91960
91964
91964
91964
91964
91964
91964
91964
91964
91964
91964
91964
91964
91964
91964
91964
91964
91964
91964
91964
91964
91964
19792
36738
50637
61874
70090
76370
80970
84272
86528
88120
89173
89807
90153
90383
90565
90646
90703
90736
90748
90755
90760
90765
90768
90770
90771
90771
90771
90771
90771
90771
90771
90771
90771
90771
90771
90771
90771
90771
90771
90771
19971
37231
51375
62924
71593
78179
83089
86542
88931
90525
91526
92129
92471
92755
92937
92993
93026
93050
93065
93074
93078
93081
93082
93083
93084
93084
93084
93084
93084
93084
93084
93084
93084
93084
93084
93084
93084
93084
93084
93084
19909
36989
51047
62652
71382
78094
83233
86963
89617
91418
92650
93484
94018
94380
94615
94787
94879
94927
94952
94966
94975
94983
94989
94992
94993
94993
94993
94993
94993
94993
94993
94993
94993
94993
94993
94993
94993
94993
94993
94993
19791
36789
50805
62230
70820
77536
82445
85922
88453
90115
91171
91771
92118
92303
92421
92501
92556
92584
92617
92643
92650
92657
92661
92664
92666
92668
92669
92670
92670
92670
92670
92670
92670
92670
92670
92670
92670
92670
92670
92670
19954
37033
50940
62247
70768
77252
81905
85205
87408
88788
89612
90149
90407
90589
90684
90742
90785
90815
90844
90847
90848
90849
90850
90850
90850
90850
90850
90850
90850
90850
90850
90850
90850
90850
90850
90850
90850
90850
90850
90850
19782
36628
50150
61056
69245
75409
79770
82790
84810
86121
86964
87446
87790
87944
88041
88096
88118
88134
88142
88146
88149
88151
88151
88151
88151
88151
88151
88151
88151
88151
88151
88151
88151
88151
88151
88151
88151
88151
88151
88151
19938
37043
50834
61952
70025
75869
80189
83195
85234
86511
87353
87912
88300
88513
88601
88648
88681
88703
88715
88723
88728
88732
88735
88737
88738
88739
88739
88739
88739
88739
88739
88739
88739
88739
88739
88739
88739
88739
88739
88739
19990
37087
51202
62476
70891
77344
82238
85667
88146
89807
90811
91435
91824
92010
92146
92231
92278
92305
92319
92329
92336
92342
92346
92347
92348
92348
92348
92348
92348
92348
92348
92348
92348
92348
92348
92348
92348
92348
92348
92348
20043
37340
51277
62589
71147
77762
82629
86112
88668
90443
91509
92204
92597
92865
93031
93114
93156
93175
93190
93203
93212
93216
93218
93220
93221
93222
93223
93223
93223
93223
93223
93223
93223
93223
93223
93223
93223
93223
93223
93223
19876
36819
50723
61982
70394
76669
81239
84452
86675
88240
89335
89921
90338
90566
90741
90823
90851
90870
90879
90884
90887
90888
90888
90888
90888
90888
90888
90888
90888
90888
90888
90888
90888
90888
90888
90888
90888
90888
90888
90888
19974
37125
51285
62730
71417
78025
82819
86197
88597
90148
91110
91640
92023
92272
92397
92462
92507
92553
92583
92591
92595
92597
92598
92599
92599
92599
92599
92599
92599
92599
92599
92599
92599
92599
92599
92599
92599
92599
92599
92599
19743
36534
50381
61545
69881
76360
81180
84543
86874
88410
89388
89946
90220
90368
90501
90570
90622
90652
90674
90694
90710
90710
90710
90710
90710
90710
90710
90710
90710
90710
90710
90710
90710
90710
90710
90710
90710
90710
90710
90710
19676
36513
50193
61403
69614
75814
80500
83702
85926
87437
88395
88965
89294
89495
89628
89751
89819
89874
89910
89935
89951
89969
89981
90000
90018
90018
90018
90018
90018
90018
90018
90018
90018
90018
90018
90018
90018
90018
90018
90018
19749
36546
50354
61635
70133
76634
81308
84752
87129
88797
89755
90339
90697
90872
90952
91007
91030
91044
91054
91062
91065
91066
91067
91068
91069
91070
91071
91071
91071
91071
91071
91071
91071
91071
91071
91071
91071
91071
91071
91071
19838
36773
50588
61929
70440
76960
81770
85373
87818
89382
90458
91217
91648
91900
92081
92185
92227
92263
92283
92312
92317
92321
92324
92327
92330
92332
92332
92332
92332
92332
92332
92332
92332
92332
92332
92332
92332
92332
92332
92332
20200
37624
51787
63153
71603
77881
82436
85769
87943
89316
90171
90675
90968
91135
91226
91296
91333
91339
91345
91349
91350
91350
91350
91350
91350
91350
91350
91350
91350
91350
91350
91350
91350
91350
91350
91350
91350
91350
91350
91350
19937
37053
51133
62679
71363
78043
82884
86443
88953
90573
91621
92294
92730
92925
93002
93050
93072
93085
93093
93098
93102
93105
93105
93105
93105
93105
93105
93105
93105
93105
93105
93105
93105
93105
93105
93105
93105
93105
93105
93105
19882
37059
51225
62804
71681
78552
83656
87455
90065
91907
93090
93839
94314
94608
94859
95002
95047
95086
95114
95120
95124
95127
95129
95131
95131
95131
95131
95131
95131
95131
95131
95131
95131
95131
95131
95131
95131
95131
95131
95131
20054
37201
51411
63060
71781
78503
83480
87156
89672
91232
92235
92880
93310
93542
93657
93709
93739
93758
93772
93781
93788
93791
93793
93793
93793
93793
93793
93793
93793
93793
93793
93793
93793
93793
93793
93793
93793
93793
93793
93793
19836
36939
51177
62951
71950
78886
84103
87897
90574
92434
93605
94447
95019
95341
95507
95581
95607
95622
95631
95636
95639
95641
95641
95641
95641
95641
95641
95641
95641
95641
95641
95641
95641
95641
95641
95641
95641
95641
95641
95641
19826
36768
50819
62287
70933
77364
82122
85544
87831
89350
90341
90881
91245
91477
91642
91774
91812
91839
91845
91849
91853
91856
91857
91858
91859
91860
91861
91861
91861
91861
91861
91861
91861
91861
91861
91861
91861
91861
91861
91861
19844
36835
50649
61684
69800
75995
80380
83560
85544
86863
87681
88214
88583
88742
88809
88849
88871
88887
88897
88902
88905
88907
88907
88907
88907
88907
88907
88907
88907
88907
88907
88907
88907
88907
88907
88907
88907
88907
88907
88907
19829
36815
50523
61579
69811
76057
80679
84105
86496
88091
89089
89726
90123
90317
90417
90488
90549
90596
90615
90637
90645
90645
90645
90645
90645
90645
90645
90645
90645
90645
90645
90645
90645
90645
90645
90645
90645
90645
90645
90645
19593
36397
50182
61474
70004
76646
81591
85301
87833
89554
90717
91418
91889
92150
92347
92437
92504
92538
92567
92577
92584
92588
92591
92594
92596
92598
92600
92601
92601
92601
92601
92601
92601
92601
92601
92601
92601
92601
92601
92601
19744
36660
50349
61282
69333
75386
79673
82638
84589
85903
86689
87179
87403
87512
87555
87579
87592
87598
87604
87607
87609
87610
87611
87612
87612
87612
87612
87612
87612
87612
87612
87612
87612
87612
87612
87612
87612
87612
87612
87612
19817
36915
50889
62279
70781
77333
82049
85480
87811
89338
90269
90869
91218
91451
91574
91638
91670
91690
91704
91713
91719
91719
91719
91719
91719
91719
91719
91719
91719
91719
91719
91719
91719
91719
91719
91719
91719
91719
91719
91719
19885
37023
51247
62860
71622
78365
83444
87116
89766
91507
92653
93415
93875
94183
94355
94443
94471
94491
94501
94508
94511
94514
94517
94519
94520
94520
94520
94520
94520
94520
94520
94520
94520
94520
94520
94520
94520
94520
94520
94520
20008
37146
51115
62476
70875
77205
81721
84903
86963
88258
88968
89407
89581
89704
89759
89782
89794
89801
89804
89806
89807
89807
89807
89807
89807
89807
89807
89807
89807
89807
89807
89807
89807
89807
89807
89807
89807
89807
89807
89807
19961
37335
51591
63338
72264
79169
84388
88233
90948
92815
94027
94778
95289
95617
95788
95876
95927
95944
95951
95954
95956
95957
95958
95959
95960
95960
95960
95960
95960
95960
95960
95960
95960
95960
95960
95960
95960
95960
95960
95960
19749
36608
50329
61397
69673
75901
80440
83531
85747
87266
88199
88765
89138
89339
89461
89552
89569
89580
89584
89587
89590
89591
89591
89591
89591
89591
89591
89591
89591
89591
89591
89591
89591
89591
89591
89591
89591
89591
89591
89591
19945
37271
51394
62844
71562
78180
83153
86758
89287
91062
92181
92955
93395
93689
93845
93931
93991
94018
94036
94044
94048
94051
94053
94054
94055
94056
94057
94057
94057
94057
94057
94057
94057
94057
94057
94057
94057
94057
94057
94057
19919
37095
51212
62869
71685
78595
83781
87656
90396
92295
93579
94461
95048
95420
95683
95868
95980
96028
96065
96099
96107
96113
96115
96116
96116
96116
96116
96116
96116
96116
96116
96116
96116
96116
96116
96116
96116
96116
96116
96116
19952
37169
51405
63114
72129
79233
84617
88778
91831
93998
95615
96712
97482
97946
98263
98488
98634
98710
98748
98766
98778
98785
98791
98794
98796
98797
98798
98798
98798
98798
98798
98798
98798
98798
98798
98798
98798
98798
98798
98798
19947
36986
50881
62110
70496
76816
81382
84651
86762
88112
89068
89675
90036
90227
90333
90372
90396
90408
90415
90419
90423
90425
90426
90427
90428
90429
90429
90429
90429
90429
90429
90429
90429
90429
90429
90429
90429
90429
90429
90429
19864
36848
50659
62026
70485
77003
81874
85243
87600
89060
90054
90662
91092
91381
91605
91735
91819
91863
91885
91890
91893
91895
91896
91896
91896
91896
91896
91896
91896
91896
91896
91896
91896
91896
91896
91896
91896
91896
91896
91896
19980
37111
51164
62460
70967
77414
82221
85695
88209
89836
90868
91506
91884
92092
92234
92328
92387
92406
92418
92425
92429
92431
92433
92433
92433
92433
92433
92433
92433
92433
92433
92433
92433
92433
92433
92433
92433
92433
92433
92433
19847
36876
50811
62143
70676
77180
81965
85293
87722
89248
90298
90923
91314
91499
91596
91671
91703
91716
91724
91726
91728
91728
91728
91728
91728
91728
91728
91728
91728
91728
91728
91728
91728
91728
91728
91728
91728
91728
91728
91728
19807
36873
51003
62817
71770
78671
83754
87563
90302
92035
93124
93839
94284
94605
94833
94984
95120
95204
95257
95293
95313
95318
95322
95325
95326
95326
95326
95326
95326
95326
95326
95326
95326
95326
95326
95326
95326
95326
95326
95326
19849
36838
50548
61507
69576
75675
80093
83231
85182
86480
87194
87622
87878
88021
88094
88149
88160
88167
88171
88173
88174
88174
88174
88174
88174
88174
88174
88174
88174
88174
88174
88174
88174
88174
88174
88174
88174
88174
88174
88174
20158
37344
51394
62714
71095
77351
81680
84692
86824
88148
88960
89464
89756
89937
90032
90087
90110
90123
90128
90130
90131
90132
90133
90134
90134
90134
90134
90134
90134
90134
90134
90134
90134
90134
90134
90134
90134
90134
90134
90134
19774
36849
50833
62315
70859
77363
82213
85736
88258
89931
91141
91929
92402
92731
92990
93133
93239
93322
93398
93409
93413
93416
93416
93416
93416
93416
93416
93416
93416
93416
93416
93416
93416
93416
93416
93416
93416
93416
93416
93416
19909
37010
51061
62483
71003
77509
82288
85820
88311
90050
91194
91890
92302
92566
92748
92850
92913
92966
92979
92990
92997
92999
93000
93001
93002
93003
93004
93005
93005
93005
93005
93005
93005
93005
93005
93005
93005
93005
93005
93005
19914
37012
50938
62234
70591
77003
81565
84727
86934
88338
89144
89596
89873
90022
90118
90183
90198
90205
90208
90210
90210
90210
90210
90210
90210
90210
90210
90210
90210
90210
90210
90210
90210
90210
90210
90210
90210
90210
90210
90210
19678
36539
50246
61320
69535
75752
80423
83802
86081
87579
88525
89141
89479
89683
89816
89881
89935
89973
89988
90001
90006
90011
90014
90015
90016
90017
90018
90019
90019
90019
90019
90019
90019
90019
90019
90019
90019
90019
90019
90019
20004
37079
51101
62575
71270
77675
82368
85859
88336
90045
91123
91763
92106
92348
92470
92540
92597
92616
92627
92631
92633
92635
92637
92639
92641
92641
92641
92641
92641
92641
92641
92641
92641
92641
92641
92641
92641
92641
92641
92641
19631
36533
50357
61539
69854
76213
81078
84427
86753
88313
89322
89998
90494
90797
91007
91100
91165
91186
91200
91206
91209
91212
91214
91215
91216
91217
91217
91217
91217
91217
91217
91217
91217
91217
91217
91217
91217
91217
91217
91217
19904
37033
50969
62385
71096
77496
82241
85733
87997
89498
90446
91067
91490
91716
91877
91998
92066
92110
92137
92143
92146
92149
92150
92150
92150
92150
92150
92150
92150
92150
92150
92150
92150
92150
92150
92150
92150
92150
92150
92150
19893
37116
51216
62975
71767
78700
83969
87903
90791
92764
94122
95002
95615
96019
96228
96386
96475
96519
96542
96559
96572
96584
96595
96603
96609
96611
96611
96611
96611
96611
96611
96611
96611
96611
96611
96611
96611
96611
96611
96611
20170
37510
51767
63398
71964
78474
83174
86354
88553
90068
91045
91673
92030
92266
92389
92446
92489
92514
92533
92537
92538
92538
92538
92538
92538
92538
92538
92538
92538
92538
92538
92538
92538
92538
92538
92538
92538
92538
92538
92538
19996
37275
51567
63165
71976
78685
83688
87422
90038
91899
93167
93990
94461
94812
95054
95188
95295
95322
95338
95348
95355
95361
95365
95368
95370
95372
95374
95375
95375
95375
95375
95375
95375
95375
95375
95375
95375
95375
95375
95375
20133
37611
52062
63912
72928
79942
85187
89056
91781
93710
95033
95771
96276
96610
96798
96915
96997
97047
97091
97109
97122
97133
97140
97146
97148
97149
97150
97151
97152
97153
97154
97155
97156
97157
97158
97159
97159
97159
97159
97159
19808
36743
50646
62005
70460
76901
81632
84918
87201
88679
89615
90205
90606
90794
90870
90925
90949
90963
90972
90978
90979
90979
90979
90979
90979
90979
90979
90979
90979
90979
90979
90979
90979
90979
90979
90979
90979
90979
90979
90979
19546
36419
50300
61779
70428
77084
82113
85859
88571
90500
91771
92530
92993
93272
93422
93525
93562
93575
93581
93585
93587
93588
93589
93589
93589
93589
93589
93589
93589
93589
93589
93589
93589
93589
93589
93589
93589
93589
93589
93589
19757
36830
50881
62549
71563
78437
83794
87841
90636
92561
93856
94741
95319
95619
95773
95856
95906
95925
95937
95943
95946
95947
95948
95949
95950
95950
95950
95950
95950
95950
95950
95950
95950
95950
95950
95950
95950
95950
95950
95950
20025
37366
51681
63350
72281
79230
84477
88323
90996
92850
94062
94878
95393
95732
95935
96041
96112
96147
96172
96189
96201
96207
96210
96211
96211
96211
96211
96211
96211
96211
96211
96211
96211
96211
96211
96211
96211
96211
96211
96211
19699
36872
50953
62542
71436
78409
83696
87554
90343
92374
93787
94647
95155
95506
95716
95846
95949
96008
96066
96096
96102
96107
96110
96111
96111
96111
96111
96111
96111
96111
96111
96111
96111
96111
96111
96111
96111
96111
96111
96111
19776
36734
50493
61624
69974
76373
81038
84441
86797
88319
89375
89956
90294
90481
90582
90646
90688
90716
90746
90748
90750
90752
90754
90756
90758
90760
90762
90763
90764
90764
90764
90764
90764
90764
90764
90764
90764
90764
90764
90764
19888
36873
50885
62214
70852
77544
82697
86442
89138
90924
92038
92750
93196
93416
93550
93632
93672
93689
93698
93705
93710
93713
93714
93715
93715
93715
93715
93715
93715
93715
93715
93715
93715
93715
93715
93715
93715
93715
93715
93715
19872
36967
51057
62499
70953
77475
82202
85578
88031
89636
90736
91443
91865
92119
92284
92377
92443
92492
92537
92542
92544
92546
92547
92547
92547
92547
92547
92547
92547
92547
92547
92547
92547
92547
92547
92547
92547
92547
92547
92547
19853
36820
50787
62232
70846
77436
82285
85786
88269
89988
91036
91671
92041
92203
92298
92335
92360
92372
92379
92381
92382
92383
92384
92385
92385
92385
92385
92385
92385
92385
92385
92385
92385
92385
92385
92385
92385
92385
92385
92385
20121
37266
51481
62893
71389
77933
82703
86090
88445
90065
91073
91682
92107
92340
92488
92596
92659
92704
92724
92738
92749
92757
92763
92767
92770
92772
92774
92775
92776
92777
92777
92777
92777
92777
92777
92777
92777
92777
92777
92777
19762
36812
50720
62041
70647
77250
82111
85726
88234
89864
90839
91425
91770
91934
92040
92109
92170
92207
92215
92220
92222
92223
92224
92224
92224
92224
92224
92224
92224
92224
92224
92224
92224
92224
92224
92224
92224
92224
92224
92224
19842
36996
51185
62910
71778
78655
83702
87498
90179
91934
93158
93950
94393
94643
94810
94921
94990
95010
95020
95026
95032
95034
95035
95035
95035
95035
95035
95035
95035
95035
95035
95035
95035
95035
95035
95035
95035
95035
95035
95035
20350
38001
52539
64385
73358
80313
85558
89420
92097
93934
95097
95866
96324
96569
96749
96859
96906
96928
96943
96950
96953
96955
96956
96957
96957
96957
96957
96957
96957
96957
96957
96957
96957
96957
96957
96957
96957
96957
96957
96957
19788
36724
50646
62023
70643
77217
82057
85633
88100
89683
90784
91428
91777
91983
92084
92127
92153
92173
92183
92189
92193
92193
92193
92193
92193
92193
92193
92193
92193
92193
92193
92193
92193
92193
92193
92193
92193
92193
92193
92193
19991
37248
51575
63385
72332
79251
84427
88248
90848
92682
93835
94523
94928
95178
95319
95409
95459
95473
95481
95484
95487
95489
95489
95489
95489
95489
95489
95489
95489
95489
95489
95489
95489
95489
95489
95489
95489
95489
95489
95489
19947
36911
50785
62090
70487
76751
81325
84478
86564
87913
88742
89242
89529
89669
89740
89778
89793
89803
89809
89814
89815
89815
89815
89815
89815
89815
89815
89815
89815
89815
89815
89815
89815
89815
89815
89815
89815
89815
89815
89815
19670
36592
50412
61759
70447
77111
82192
85792
88269
89997
91189
91868
92295
92528
92670
92787
92830
92850
92860
92866
92869
92871
92872
92873
92874
92875
92875
92875
92875
92875
92875
92875
92875
92875
92875
92875
92875
92875
92875
92875
19949
36968
50873
62173
70602
76984
81713
84979
87136
88613
89605
90161
90538
90785
90898
90942
90969
90985
90992
90994
90995
90995
90995
90995
90995
90995
90995
90995
90995
90995
90995
90995
90995
90995
90995
90995
90995
90995
90995
90995
19541
36380
50376
61957
70747
77468
82577
86324
88968
90739
91835
92570
92990
93200
93387
93494
93542
93582
93600
93604
93605
93605
93605
93605
93605
93605
93605
93605
93605
93605
93605
93605
93605
93605
93605
93605
93605
93605
93605
93605
19973
37216
51394
62969
71717
78342
83279
86804
89325
91041
92157
92865
93343
93652
93838
93940
94004
94029
94044
94054
94060
94065
94067
94069
94071
94073
94074
94075
94075
94075
94075
94075
94075
94075
94075
94075
94075
94075
94075
94075
19733
36680
50532
61939
70562
77163
82206
85967
88550
90279
91529
92310
92812
93105
93220
93292
93311
93322
93327
93330
93333
93334
93334
93334
93334
93334
93334
93334
93334
93334
93334
93334
93334
93334
93334
93334
93334
93334
93334
93334
20110
37388
51244
62237
70281
76246
80443
83316
85209
86471
87267
87787
88141
88350
88469
88539
88578
88608
88621
88630
88636
88640
88642
88643
88643
88643
88643
88643
88643
88643
88643
88643
88643
88643
88643
88643
88643
88643
88643
88643
19601
36421
50240
61550
70068
76657
81502
84994
87371
89021
90036
90709
91065
91208
91299
91352
91360
91362
91364
91365
91366
91366
91366
91366
91366
91366
91366
91366
91366
91366
91366
91366
91366
91366
91366
91366
91366
91366
91366
91366
19836
36800
50642
61816
70135
76425
81173
84378
86632
88193
89099
89632
89954
90093
90192
90268
90327
90358
90368
90376
90379
90381
90382
90382
90382
90382
90382
90382
90382
90382
90382
90382
90382
90382
90382
90382
90382
90382
90382
90382
20240
37681
51948
63514
72329
78974
83854
87314
89702
91441
92641
93401
93884
94126
94238
94302
94342
94372
94397
94419
94439
94442
94444
94445
94445
94445
94445
94445
94445
94445
94445
94445
94445
94445
94445
94445
94445
94445
94445
94445
19983
37210
51408
63048
71837
78759
83885
87671
90377
92170
93375
94260
94711
94954
95163
95266
95323
95346
95357
95363
95366
95368
95370
95370
95370
95370
95370
95370
95370
95370
95370
95370
95370
95370
95370
95370
95370
95370
95370
95370
19782
36629
50350
61447
69709
76061
80698
84076
86335
87854
88760
89352
89706
89895
89999
90061
90084
90098
90106
90108
90109
90109
90109
90109
90109
90109
90109
90109
90109
90109
90109
90109
90109
90109
90109
90109
90109
90109
90109
90109
19682
36573
50331
61554
70067
76699
81701
85462
88045
89852
90965
91657
92019
92242
92368
92425
92456
92475
92487
92492
92496
92500
92504
92508
92511
92512
92513
92514
92515
92515
92515
92515
92515
92515
92515
92515
92515
92515
92515
92515
19737
36626
50374
61407
69519
75592
79841
82907
84967
86448
87421
87950
88292
88501
88581
88624
88639
88650
88655
88657
88658
88659
88660
88661
88661
88661
88661
88661
88661
88661
88661
88661
88661
88661
88661
88661
88661
88661
88661
88661
19806
36856
50791
62190
70678
77216
82014
85546
87935
89590
90786
91503
91927
92163
92303
92377
92435
92470
92498
92503
92506
92508
92509
92510
92510
92510
92510
92510
92510
92510
92510
92510
92510
92510
92510
92510
92510
92510
92510
92510
19831
36795
50736
61950
70267
76557
81225
84548
86879
88414
89378
90078
90455
90666
90765
90811
90839
90858
90870
90878
90884
90887
90888
90889
90889
90889
90889
90889
90889
90889
90889
90889
90889
90889
90889
90889
90889
90889
90889
90889
20186
37425
51516
62893
71391
77911
82771
86084
88351
89848
90821
91426
91726
91875
91978
92026
92043
92053
92060
92063
92065
92065
92065
92065
92065
92065
92065
92065
92065
92065
92065
92065
92065
92065
92065
92065
92065
92065
92065
92065
20029
37300
51648
63496
72498
79497
84720
88612
91499
93398
94616
95435
95944
96278
96487
96602
96678
96735
96778
96798
96815
96823
96829
96833
96836
96838
96840
96842
96842
96842
96842
96842
96842
96842
96842
96842
96842
96842
96842
96842
19488
36223
50041
61363
69991
76721
81754
85511
88089
89880
91055
91797
92252
92572
92867
93026
93129
93205
93241
93272
93284
93292
93294
93295
93296
93297
93297
93297
93297
93297
93297
93297
93297
93297
93297
93297
93297
93297
93297
93297
19593
36453
50391
61794
70434
77017
81939
85510
88116
89890
91084
91783
92263
92550
92735
92813
92872
92920
92950
92972
92988
93009
93011
93012
93012
93012
93012
93012
93012
93012
93012
93012
93012
93012
93012
93012
93012
93012
93012
93012
19795
36693
50591
61884
70402
76852
81856
85516
87926
89591
90635
91310
91721
91959
92104
92189
92241
92282
92318
92329
92337
92342
92347
92351
92351
92351
92351
92351
92351
92351
92351
92351
92351
92351
92351
92351
92351
92351
92351
92351
20061
37320
51333
62832
71381
77890
82808
86383
89001
90803
91956
92694
93071
93364
93552
93655
93717
93755
93766
93769
93772
93775
93776
93777
93778
93779
93779
93779
93779
93779
93779
93779
93779
93779
93779
93779
93779
93779
93779
93779
19764
36730
50693
61970
70409
76864
81635
85258
87684
89398
90465
91058
91462
91732
91924
92062
92142
92182
92201
92216
92227
92233
92235
92237
92237
92237
92237
92237
92237
92237
92237
92237
92237
92237
92237
92237
92237
92237
92237
92237
19778
36807
50778
62368
70998
77551
82405
85985
88528
90292
91454
92123
92501
92740
92888
93000
93050
93069
93085
93098
93108
93115
93118
93121
93122
93122
93122
93122
93122
93122
93122
93122
93122
93122
93122
93122
93122
93122
93122
93122
19845
36834
50854
62168
70786
77419
82400
85952
88589
90299
91458
92202
92607
92826
92935
93006
93029
93042
93050
93052
93053
93054
93054
93054
93054
93054
93054
93054
93054
93054
93054
93054
93054
93054
93054
93054
93054
93054
93054
93054
19975
37117
51341
62927
71579
78262
83241
86923
89363
90983
91968
92567
92957
93170
93292
93383
93424
93439
93449
93455
93460
93463
93464
93465
93466
93467
93467
93467
93467
93467
93467
93467
93467
93467
93467
93467
93467
93467
93467
93467
19676
36474
50331
61621
70233
76765
81614
84966
87202
88737
89730
90415
90912
91131
91270
91321
91353
91372
91382
91385
91386
91386
91386
91386
91386
91386
91386
91386
91386
91386
91386
91386
91386
91386
91386
91386
91386
91386
91386
91386
20123
37490
51677
63167
71740
78313
83177
86671
88994
90501
91439
92086
92432
92621
92715
92762
92793
92817
92833
92841
92847
92851
92852
92853
92854
92854
92854
92854
92854
92854
92854
92854
92854
92854
92854
92854
92854
92854
92854
92854
19950
37198
51289
62895
71684
78480
83568
87312
89847
91583
92775
93438
93789
94063
94246
94357
94425
94469
94506
94550
94567
94575
94581
94585
94587
94588
94589
94590
94591
94592
94592
94592
94592
94592
94592
94592
94592
94592
94592
94592
19603
36622
50282
61583
70006
76548
81494
85118
87712
89556
90753
91483
91891
92152
92353
92463
92520
92556
92583
92590
92593
92595
92596
92596
92596
92596
92596
92596
92596
92596
92596
92596
92596
92596
92596
92596
92596
92596
92596
92596
20117
37313
51436
62821
71370
77729
82386
85703
87889
89357
90281
90808
91133
91320
91442
91514
91536
91548
91555
91561
91564
91567
91567
91567
91567
91567
91567
91567
91567
91567
91567
91567
91567
91567
91567
91567
91567
91567
91567
91567
20142
37395
51586
62938
71415
77873
82565
85849
88019
89339
90286
90759
91070
91279
91366
91392
91406
91412
91417
91419
91419
91419
91419
91419
91419
91419
91419
91419
91419
91419
91419
91419
91419
91419
91419
91419
91419
91419
91419
91419
20220
37465
51458
62702
70912
77096
81587
84713
86709
87964
88688
89077
89267
89364
89408
89438
89465
89480
89487
89489
89490
89491
89491
89491
89491
89491
89491
89491
89491
89491
89491
89491
89491
89491
89491
89491
89491
89491
89491
89491
20157
37488
51602
63000
71485
77941
82623
86036
88408
89862
90737
91263
91578
91764
91857
91917
91949
91956
91961
91964
91967
91969
91970
91970
91970
91970
91970
91970
91970
91970
91970
91970
91970
91970
91970
91970
91970
91970
91970
91970
19922
37034
51191
62641
71413
78097
83093
86730
89228
91013
92133
92834
93251
93473
93590
93653
93695
93723
93755
93762
93766
93769
93769
93769
93769
93769
93769
93769
93769
93769
93769
93769
93769
93769
93769
93769
93769
93769
93769
93769
19849
36829
50784
62100
70681
77224
82079
85720
88218
89886
90963
91724
92246
92543
92735
92857
92903
92922
92936
92944
92950
92952
92953
92954
92955
92955
92955
92955
92955
92955
92955
92955
92955
92955
92955
92955
92955
92955
92955
92955
19980
37029
51116
62493
71086
77619
82474
85917
88329
89900
90853
91328
91630
91765
91842
91878
91898
91911
91919
91922
91922
91922
91922
91922
91922
91922
91922
91922
91922
91922
91922
91922
91922
91922
91922
91922
91922
91922
91922
91922
19805
36690
50606
61955
70407
76912
81770
85294
87822
89601
90645
91254
91669
91935
92108
92200
92265
92298
92306
92311
92315
92317
92318
92319
92319
92319
92319
92319
92319
92319
92319
92319
92319
92319
92319
92319
92319
92319
92319
92319
19907
36901
50790
62038
70450
76750
81320
84500
86568
87921
88856
89408
89686
89823
89871
89900
89914
89924
89931
89935
89937
89937
89937
89937
89937
89937
89937
89937
89937
89937
89937
89937
89937
89937
89937
89937
89937
89937
89937
89937
19888
36943
50816
62182
70769
77398
82206
85655
88006
89501
90496
91156
91584
91838
92042
92131
92186
92209
92219
92224
92225
92225
92225
92225
92225
92225
92225
92225
92225
92225
92225
92225
92225
92225
92225
92225
92225
92225
92225
92225
19886
36848
50573
61830
70299
76614
81206
84574
86745
88149
89054
89574
89882
89993
90051
90082
90100
90113
90123
90128
90132
90135
90137
90137
90137
90137
90137
90137
90137
90137
90137
90137
90137
90137
90137
90137
90137
90137
90137
90137
19942
37124
51062
62400
70926
77469
82327
85742
88074
89573
90591
91285
91749
92025
92169
92259
92308
92346
92366
92369
92371
92371
92371
92371
92371
92371
92371
92371
92371
92371
92371
92371
92371
92371
92371
92371
92371
92371
92371
92371
19956
36979
50916
62333
70866
77312
81970
85319
87744
89224
90189
90853
91278
91562
91712
91798
91872
91935
91963
91983
91984
91984
91984
91984
91984
91984
91984
91984
91984
91984
91984
91984
91984
91984
91984
91984
91984
91984
91984
91984
19681
36712
50644
61984
70499
77112
82100
85778
88260
89881
90857
91492
91881
92147
92302
92421
92488
92519
92528
92533
92535
92536
92536
92536
92536
92536
92536
92536
92536
92536
92536
92536
92536
92536
92536
92536
92536
92536
92536
92536
20112
37450
51619
63168
71830
78523
83471
87098
89489
91275
92400
93116
93529
93769
93933
94010
94056
94074
94086
94091
94096
94099
94101
94102
94103
94103
94103
94103
94103
94103
94103
94103
94103
94103
94103
94103
94103
94103
94103
94103
19753
36628
50333
61517
70048
76600
81322
84752
87053
88549
89509
90054
90342
90535
90666
90738
90759
90773
90780
90783
90785
90786
90786
90786
90786
90786
90786
90786
90786
90786
90786
90786
90786
90786
90786
90786
90786
90786
90786
90786
19920
37049
50983
62524
71139
77876
82852
86607
89320
91154
92338
93136
93712
94080
94300
94430
94497
94534
94567
94572
94575
94577
94578
94578
94578
94578
94578
94578
94578
94578
94578
94578
94578
94578
94578
94578
94578
94578
94578
94578
19839
36913
51031
62503
71123
77681
82539
86116
88470
90088
91076
91697
92092
92302
92404
92465
92498
92508
92514
92517
92519
92519
92519
92519
92519
92519
92519
92519
92519
92519
92519
92519
92519
92519
92519
92519
92519
92519
92519
92519
19805
36889
50923
62444
71056
77616
82510
86105
88545
90106
91145
91719
92064
92249
92365
92434
92467
92486
92500
92508
92513
92516
92518
92519
92520
92520
92520
92520
92520
92520
92520
92520
92520
92520
92520
92520
92520
92520
92520
92520
19906
37003
51052
62621
71289
77898
82943
86564
89122
90946
92110
92895
93352
93660
93875
93962
94013
94035
94050
94059
94064
94069
94072
94074
94074
94074
94074
94074
94074
94074
94074
94074
94074
94074
94074
94074
94074
94074
94074
94074
19904
37105
51369
62960
71876
78763
83942
87905
90575
92410
93630
94476
95012
95336
95521
95632
95700
95751
95796
95832
95839
95842
95843
95844
95844
95844
95844
95844
95844
95844
95844
95844
95844
95844
95844
95844
95844
95844
95844
95844
19691
36737
50718
62256
71133
77883
82980
86833
89484
91346
92609
93479
94048
94404
94605
94742
94831
94860
94876
94884
94887
94888
94889
94890
94891
94892
94892
94892
94892
94892
94892
94892
94892
94892
94892
94892
94892
94892
94892
94892
19826
36886
50930
62456
71151
77824
82899
86570
89185
90909
91995
92719
93195
93507
93651
93774
93798
93812
93821
93823
93824
93824
93824
93824
93824
93824
93824
93824
93824
93824
93824
93824
93824
93824
93824
93824
93824
93824
93824
93824
19877
36897
50769
62147
70782
77400
82356
85909
88391
89921
90905
91500
91865
92045
92124
92161
92185
92195
92201
92203
92204
92205
92206
92207
92207
92207
92207
92207
92207
92207
92207
92207
92207
92207
92207
92207
92207
92207
92207
92207
20048
37391
51552
63176
71896
78612
83671
87331
90007
91795
92898
93593
94082
94330
94531
94630
94675
94713
94741
94749
94755
94757
94759
94760
94761
94762
94763
94764
94764
94764
94764
94764
94764
94764
94764
94764
94764
94764
94764
94764
19807
36958
50969
62452
71199
77931
82954
86568
89126
90867
92070
92772
93191
93451
93566
93651
93695
93731
93757
93765
93771
93775
93777
93777
93777
93777
93777
93777
93777
93777
93777
93777
93777
93777
93777
93777
93777
93777
93777
93777
19889
36922
50868
62254
70738
77237
82096
85672
88194
89883
90844
91474
91867
92092
92260
92325
92355
92374
92385
92390
92392
92392
92392
92392
92392
92392
92392
92392
92392
92392
92392
92392
92392
92392
92392
92392
92392
92392
92392
92392
20180
37512
51610
63125
71703
78207
83039
86546
88840
90407
91443
92110
92532
92775
92904
93011
93056
93073
93085
93089
93093
93094
93094
93094
93094
93094
93094
93094
93094
93094
93094
93094
93094
93094
93094
93094
93094
93094
93094
93094
19927
37007
50905
62031
70317
76589
81071
84165
86224
87508
88300
88741
88946
89052
89117
89143
89154
89158
89161
89162
89163
89163
89163
89163
89163
89163
89163
89163
89163
89163
89163
89163
89163
89163
89163
89163
89163
89163
89163
89163
19769
36752
50595
61900
70366
76921
81892
85553
88153
89905
91169
91952
92494
92859
93087
93214
93308
93356
93396
93410
93420
93425
93428
93430
93432
93433
93433
93433
93433
93433
93433
93433
93433
93433
93433
93433
93433
93433
93433
93433
20020
37181
51221
62454
70912
77255
81905
85237
87593
89254
90402
91197
91679
91972
92169
92310
92372
92403
92421
92434
92442
92446
92449
92451
92452
92453
92453
92453
92453
92453
92453
92453
92453
92453
92453
92453
92453
92453
92453
92453
19947
37096
51096
62627
71254
77796
82677
86178
88661
90304
91324
91851
92138
92272
92337
92375
92392
92400
92403
92404
92404
92404
92404
92404
92404
92404
92404
92404
92404
92404
92404
92404
92404
92404
92404
92404
92404
92404
92404
92404
19925
37031
50984
62333
70731
77063
81817
85219
87523
89039
89888
90430
90754
90962
91111
91201
91246
91257
91265
91268
91270
91272
91273
91274
91275
91276
91276
91276
91276
91276
91276
91276
91276
91276
91276
91276
91276
91276
91276
91276
19912
37010
50968
62265
70833
77404
82239
85655
87970
89390
90278
90883
91236
91402
91496
91531
91545
91555
91557
91559
91561
91561
91561
91561
91561
91561
91561
91561
91561
91561
91561
91561
91561
91561
91561
91561
91561
91561
91561
91561
19839
36905
50887
62411
71085
77787
82740
86406
89037
90764
91930
92683
93241
93545
93712
93842
93894
93917
93931
93942
93951
93958
93960
93961
93962
93962
93962
93962
93962
93962
93962
93962
93962
93962
93962
93962
93962
93962
93962
93962
19808
36782
50651
61889
70102
76420
81009
84304
86605
88187
89123
89668
90034
90284
90440
90528
90590
90642
90693
90730
90734
90736
90736
90736
90736
90736
90736
90736
90736
90736
90736
90736
90736
90736
90736
90736
90736
90736
90736
90736
19730
36723
50503
61740
70121
76355
80887
84017
86086
87353
88125
88639
88916
89076
89145
89179
89192
89196
89198
89200
89201
89201
89201
89201
89201
89201
89201
89201
89201
89201
89201
89201
89201
89201
89201
89201
89201
89201
89201
89201
19891
36882
50576
61681
69656
75679
80070
83093
85214
86470
87267
87652
87891
88024
88066
88094
88114
88125
88131
88136
88137
88137
88137
88137
88137
88137
88137
88137
88137
88137
88137
88137
88137
88137
88137
88137
88137
88137
88137
88137
19984
37147
51301
62863
71572
78352
83416
87204
89871
91745
92983
93854
94448
94850
95121
95278
95359
95422
95453
95486
95497
95502
95505
95507
95508
95509
95510
95511
95511
95511
95511
95511
95511
95511
95511
95511
95511
95511
95511
95511
20028
37300
51492
63145
71845
78473
83462
87081
89585
91232
92278
92835
93176
93363
93478
93533
93566
93582
93593
93603
93612
93621
93626
93629
93631
93633
93634
93635
93635
93635
93635
93635
93635
93635
93635
93635
93635
93635
93635
93635
19877
36958
51041
62491
71168
77824
82834
86468
89076
90836
91957
92702
93140
93419
93553
93652
93712
93736
93755
93766
93771
93774
93776
93777
93777
93777
93777
93777
93777
93777
93777
93777
93777
93777
93777
93777
93777
93777
93777
93777
19857
36956
51050
62624
71367
78090
83049
86754
89315
91103
92328
93062
93592
93915
94103
94211
94265
94292
94312
94327
94335
94340
94343
94344
94345
94345
94345
94345
94345
94345
94345
94345
94345
94345
94345
94345
94345
94345
94345
94345
19684
36640
50587
61818
70318
76828
81649
85047
87480
89107
90191
90896
91301
91575
91778
91906
91924
91935
91944
91950
91952
91954
91955
91955
91955
91955
91955
91955
91955
91955
91955
91955
91955
91955
91955
91955
91955
91955
91955
91955
19964
37031
51002
62438
71062
77640
82398
85697
88023
89519
90567
91168
91560
91793
91894
91967
92014
92042
92050
92056
92061
92065
92067
92069
92069
92069
92069
92069
92069
92069
92069
92069
92069
92069
92069
92069
92069
92069
92069
92069
19600
36427
50181
61444
69964
76461
81240
84883
87362
89129
90354
91134
91617
91855
91981
92058
92109
92145
92168
92170
92171
92171
92171
92171
92171
92171
92171
92171
92171
92171
92171
92171
92171
92171
92171
92171
92171
92171
92171
92171
19994
37285
51461
62947
71587
78122
83003
86528
88850
90321
91223
91746
92074
92311
92462
92572
92667
92723
92751
92773
92795
92797
92799
92800
92800
92800
92800
92800
92800
92800
92800
92800
92800
92800
92800
92800
92800
92800
92800
92800
19664
36448
50187
61286
69640
75898
80404
83681
85953
87541
88578
89073
89324
89491
89549
89582
89599
89605
89609
89611
89613
89613
89613
89613
89613
89613
89613
89613
89613
89613
89613
89613
89613
89613
89613
89613
89613
89613
89613
89613
20351
37872
52266
63899
72581
79167
83897
87218
89488
90967
91841
92366
92639
92780
92851
92879
92896
92905
92912
92914
92915
92915
92915
92915
92915
92915
92915
92915
92915
92915
92915
92915
92915
92915
92915
92915
92915
92915
92915
92915
20186
37574
51915
63634
72296
78964
84016
87683
90274
92078
93266
94004
94476
94735
94842
94893
94921
94934
94941
94946
94947
94947
94947
94947
94947
94947
94947
94947
94947
94947
94947
94947
94947
94947
94947
94947
94947
94947
94947
94947
19783
36682
50559
61825
70222
76604
81280
84590
86830
88318
89307
89904
90310
90584
90729
90785
90826
90845
90850
90853
90855
90857
90858
90858
90858
90858
90858
90858
90858
90858
90858
90858
90858
90858
90858
90858
90858
90858
90858
90858
19839
36772
50530
61657
69941
76117
80690
83897
86019
87394
88224
88759
89152
89358
89490
89590
89661
89716
89739
89760
89763
89765
89766
89766
89766
89766
89766
89766
89766
89766
89766
89766
89766
89766
89766
89766
89766
89766
89766
89766
19812
36822
50584
61805
70084
76338
80830
84050
86380
87840
88819
89392
89689
89943
90026
90069
90092
90107
90118
90123
90125
90125
90125
90125
90125
90125
90125
90125
90125
90125
90125
90125
90125
90125
90125
90125
90125
90125
90125
90125
19768
36768
50698
61998
70415
76889
81512
84896
87076
88508
89451
89963
90264
90419
90523
90568
90597
90620
90625
90626
90626
90626
90626
90626
90626
90626
90626
90626
90626
90626
90626
90626
90626
90626
90626
90626
90626
90626
90626
90626
19712
36648
50479
61783
70245
76709
81526
85001
87348
88971
90102
90876
91358
91566
91671
91714
91751
91778
91810
91818
91823
91827
91828
91828
91828
91828
91828
91828
91828
91828
91828
91828
91828
91828
91828
91828
91828
91828
91828
91828
19847
36840
50845
62484
71160
77899
83008
86809
89582
91428
92718
93559
94127
94457
94722
94881
94974
95007
95025
95035
95041
95047
95050
95053
95055
95056
95056
95056
95056
95056
95056
95056
95056
95056
95056
95056
95056
95056
95056
95056
19943
37192
51403
63058
71804
78591
83597
87303
89929
91693
92790
93487
93932
94190
94340
94430
94490
94526
94561
94571
94575
94577
94578
94578
94578
94578
94578
94578
94578
94578
94578
94578
94578
94578
94578
94578
94578
94578
94578
94578
19917
37013
51167
62716
71535
78300
83315
86927
89543
91435
92626
93377
93867
94207
94382
94537
94584
94602
94614
94621
94627
94631
94633
94634
94635
94635
94635
94635
94635
94635
94635
94635
94635
94635
94635
94635
94635
94635
94635
94635
19794
36645
50609
62031
70590
77191
82023
85549
87978
89682
90870
91687
92178
92528
92770
92939
93054
93112
93158
93188
93196
93201
93203
93205
93205
93205
93205
93205
93205
93205
93205
93205
93205
93205
93205
93205
93205
93205
93205
93205
19819
36766
50636
62022
70692
77326
82178
85614
88113
89649
90594
91146
91548
91769
91909
91986
92015
92035
92049
92057
92060
92063
92064
92065
92066
92066
92066
92066
92066
92066
92066
92066
92066
92066
92066
92066
92066
92066
92066
92066
19596
36589
50469
61886
70491
77093
81928
85527
88001
89653
90777
91420
91781
92011
92143
92225
92285
92307
92321
92333
92340
92344
92347
92347
92347
92347
92347
92347
92347
92347
92347
92347
92347
92347
92347
92347
92347
92347
92347
92347
19948
37112
51164
62732
71599
78452
83527
87310
90043
91908
93073
93833
94318
94636
94827
94932
94992
95033
95050
95061
95068
95071
95074
95075
95075
95075
95075
95075
95075
95075
95075
95075
95075
95075
95075
95075
95075
95075
95075
95075
19453
36185
50001
61574
70288
77073
82214
86161
89029
91016
92351
93331
93945
94324
94586
94717
94825
94899
94954
94994
95004
95014
95018
95022
95025
95028
95030
95032
95034
95036
95038
95039
95040
95041
95041
95041
95041
95041
95041
95041
19935
37041
50989
62330
70604
76832
81453
84613
86845
88283
89112
89675
90003
90151
90223
90274
90288
90297
90302
90306
90308
90308
90308
90308
90308
90308
90308
90308
90308
90308
90308
90308
90308
90308
90308
90308
90308
90308
90308
90308
19801
36749
50696
62167
70809
77511
82608
86480
89182
91163
92498
93341
93819
94085
94223
94332
94405
94440
94450
94455
94456
94457
94457
94457
94457
94457
94457
94457
94457
94457
94457
94457
94457
94457
94457
94457
94457
94457
94457
94457
20074
37331
51457
62721
71168
77733
82593
86133
88505
90143
91173
91853
92251
92496
92611
92704
92749
92766
92776
92782
92787
92791
92795
92797
92798
92798
92798
92798
92798
92798
92798
92798
92798
92798
92798
92798
92798
92798
92798
92798
19738
36929
51042
62712
71537
78325
83611
87502
90228
92177
93332
94011
94416
94640
94745
94819
94865
94899
94929
94953
94955
94957
94959
94961
94961
94961
94961
94961
94961
94961
94961
94961
94961
94961
94961
94961
94961
94961
94961
94961
19774
36797
50644
62017
70358
76747
81535
85040
87614
89357
90619
91453
91977
92301
92513
92677
92825
92939
93018
93059
93083
93091
93095
93097
93097
93097
93097
93097
93097
93097
93097
93097
93097
93097
93097
93097
93097
93097
93097
93097
19930
37112
51331
62971
71797
78507
83618
87334
89824
91586
92707
93450
93915
94261
94445
94575
94645
94713
94730
94743
94750
94754
94757
94758
94759
94759
94759
94759
94759
94759
94759
94759
94759
94759
94759
94759
94759
94759
94759
94759
19879
36869
50997
62522
71091
77550
82336
85721
88133
89723
90843
91527
91960
92276
92454
92566
92638
92688
92732
92760
92766
92769
92771
92772
92772
92772
92772
92772
92772
92772
92772
92772
92772
92772
92772
92772
92772
92772
92772
92772
19927
37038
50950
62246
70823
77533
82522
86357
89018
90773
91851
92566
92988
93254
93423
93546
93623
93683
93717
93728
93733
93735
93736
93736
93736
93736
93736
93736
93736
93736
93736
93736
93736
93736
93736
93736
93736
93736
93736
93736
19801
36876
50845
62323
70992
77601
82474
86076
88716
90477
91700
92521
93145
93494
93727
93861
93952
94004
94048
94073
94092
94098
94103
94105
94106
94106
94106
94106
94106
94106
94106
94106
94106
94106
94106
94106
94106
94106
94106
94106
20016
37229
51338
62862
71565
78354
83383
86988
89534
91215
92332
93087
93543
93807
93891
93934
93965
93985
93998
94003
94007
94009
94010
94011
94012
94012
94012
94012
94012
94012
94012
94012
94012
94012
94012
94012
94012
94012
94012
94012
20084
37313
51310
62809
71420
77998
82719
86161
88536
90005
90981
91541
91881
92080
92167
92211
92239
92256
92264
92267
92269
92270
92270
92270
92270
92270
92270
92270
92270
92270
92270
92270
92270
92270
92270
92270
92270
92270
92270
92270
19800
36827
50766
62115
70840
77523
82492
86201
88792
90527
91625
92297
92688
92934
93097
93212
93272
93324
93335
93343
93347
93350
93353
93356
93359
93361
93362
93362
93362
93362
93362
93362
93362
93362
93362
93362
93362
93362
93362
93362
19809
36894
50928
62536
71211
77843
82657
86244
88849
90603
91813
92677
93157
93430
93573
93639
93673
93694
93706
93713
93717
93721
93723
93724
93724
93724
93724
93724
93724
93724
93724
93724
93724
93724
93724
93724
93724
93724
93724
93724
