20182.0
33595.0
42465.0
48794.0
54301.0
58556.0
61746.0
63976.0
65515.0
66460.0
67107.0
67561.0
67846.0
67991.0
68079.0
68143.0
68184.0
68218.0
68245.0
68256.0
68261.0
68264.0
68267.0
68269.0
68270.0
68270.0
68270.0
68270.0
68270.0
68270.0
68270.0
68270.0
68270.0
68270.0
68270.0
68270.0
68270.0
68270.0
68270.0
68270.0
19911.0
33248.0
41677.0
47557.0
52458.0
56413.0
59434.0
61617.0
63074.0
64018.0
64662.0
65049.0
65252.0
65352.0
65426.0
65458.0
65484.0
65494.0
65498.0
65499.0
65500.0
65501.0
65502.0
65503.0
65503.0
65503.0
65503.0
65503.0
65503.0
65503.0
65503.0
65503.0
65503.0
65503.0
65503.0
65503.0
65503.0
65503.0
65503.0
65503.0
19896.0
33181.0
41811.0
47949.0
53058.0
56888.0
59911.0
61980.0
63469.0
64445.0
65055.0
65437.0
65666.0
65799.0
65893.0
65934.0
65958.0
65977.0
65985.0
65986.0
65986.0
65986.0
65986.0
65986.0
65986.0
65986.0
65986.0
65986.0
65986.0
65986.0
65986.0
65986.0
65986.0
65986.0
65986.0
65986.0
65986.0
65986.0
65986.0
65986.0
19815.0
33059.0
41665.0
47721.0
52832.0
56865.0
60020.0
62196.0
63677.0
64624.0
65224.0
65650.0
65927.0
66086.0
66165.0
66211.0
66242.0
66251.0
66255.0
66256.0
66256.0
66256.0
66256.0
66256.0
66256.0
66256.0
66256.0
66256.0
66256.0
66256.0
66256.0
66256.0
66256.0
66256.0
66256.0
66256.0
66256.0
66256.0
66256.0
66256.0
19883.0
33136.0
41699.0
47973.0
53291.0
57472.0
60653.0
62969.0
64607.0
65631.0
66315.0
66773.0
67065.0
67205.0
67292.0
67356.0
67403.0
67421.0
67430.0
67436.0
67437.0
67438.0
67439.0
67440.0
67441.0
67441.0
67441.0
67441.0
67441.0
67441.0
67441.0
67441.0
67441.0
67441.0
67441.0
67441.0
67441.0
67441.0
67441.0
67441.0
19916.0
33315.0
41962.0
48043.0
53236.0
57371.0
60569.0
62909.0
64442.0
65413.0
66002.0
66363.0
66611.0
66736.0
66807.0
66853.0
66874.0
66886.0
66893.0
66897.0
66898.0
66898.0
66898.0
66898.0
66898.0
66898.0
66898.0
66898.0
66898.0
66898.0
66898.0
66898.0
66898.0
66898.0
66898.0
66898.0
66898.0
66898.0
66898.0
66898.0
19735.0
32748.0
41382.0
47551.0
52807.0
57006.0
60194.0
62494.0
64007.0
64995.0
65637.0
66048.0
66337.0
66528.0
66635.0
66708.0
66764.0
66808.0
66825.0
66840.0
66857.0
66862.0
66865.0
66868.0
66871.0
66873.0
66873.0
66873.0
66873.0
66873.0
66873.0
66873.0
66873.0
66873.0
66873.0
66873.0
66873.0
66873.0
66873.0
66873.0
19824.0
33031.0
41813.0
48112.0
53639.0
58071.0
61550.0
64108.0
65919.0
67060.0
67811.0
68274.0
68586.0
68797.0
68914.0
69001.0
69047.0
69077.0
69091.0
69098.0
69104.0
69110.0
69115.0
69119.0
69121.0
69122.0
69122.0
69122.0
69122.0
69122.0
69122.0
69122.0
69122.0
69122.0
69122.0
69122.0
69122.0
69122.0
69122.0
69122.0
19978.0
33457.0
42369.0
48820.0
54408.0
58959.0
62436.0
64979.0
66786.0
68070.0
68941.0
69461.0
69755.0
69947.0
70067.0
70142.0
70188.0
70212.0
70222.0
70230.0
70236.0
70237.0
70237.0
70237.0
70237.0
70237.0
70237.0
70237.0
70237.0
70237.0
70237.0
70237.0
70237.0
70237.0
70237.0
70237.0
70237.0
70237.0
70237.0
70237.0
19786.0
33028.0
41838.0
48280.0
53772.0
58088.0
61583.0
64070.0
65899.0
67106.0
67926.0
68489.0
68813.0
69004.0
69132.0
69209.0
69245.0
69267.0
69284.0
69296.0
69305.0
69308.0
69309.0
69310.0
69310.0
69310.0
69310.0
69310.0
69310.0
69310.0
69310.0
69310.0
69310.0
69310.0
69310.0
69310.0
69310.0
69310.0
69310.0
69310.0
19749.0
33194.0
42000.0
48320.0
53776.0
58256.0
61572.0
64034.0
65746.0
66911.0
67723.0
68243.0
68511.0
68668.0
68775.0
68841.0
68872.0
68892.0
68912.0
68918.0
68920.0
68921.0
68922.0
68922.0
68922.0
68922.0
68922.0
68922.0
68922.0
68922.0
68922.0
68922.0
68922.0
68922.0
68922.0
68922.0
68922.0
68922.0
68922.0
68922.0
20167.0
33652.0
42599.0
48985.0
54292.0
58611.0
61810.0
64061.0
65616.0
66538.0
67132.0
67489.0
67688.0
67790.0
67855.0
67890.0
67913.0
67932.0
67942.0
67949.0
67954.0
67955.0
67956.0
67956.0
67956.0
67956.0
67956.0
67956.0
67956.0
67956.0
67956.0
67956.0
67956.0
67956.0
67956.0
67956.0
67956.0
67956.0
67956.0
67956.0
19672.0
32812.0
41303.0
47291.0
52466.0
56490.0
59606.0
61770.0
63276.0
64306.0
64972.0
65454.0
65737.0
65935.0
66074.0
66163.0
66211.0
66245.0
66265.0
66277.0
66283.0
66288.0
66290.0
66292.0
66293.0
66294.0
66294.0
66294.0
66294.0
66294.0
66294.0
66294.0
66294.0
66294.0
66294.0
66294.0
66294.0
66294.0
66294.0
66294.0
19846.0
33184.0
41877.0
48029.0
53308.0
57578.0
60971.0
63343.0
64967.0
66019.0
66686.0
67185.0
67465.0
67605.0
67688.0
67732.0
67763.0
67777.0
67786.0
67791.0
67792.0
67792.0
67792.0
67792.0
67792.0
67792.0
67792.0
67792.0
67792.0
67792.0
67792.0
67792.0
67792.0
67792.0
67792.0
67792.0
67792.0
67792.0
67792.0
67792.0
20165.0
33611.0
42434.0
48621.0
53999.0
58120.0
61287.0
63613.0
65222.0
66374.0
67088.0
67552.0
67876.0
68097.0
68227.0
68317.0
68383.0
68416.0
68436.0
68451.0
68459.0
68463.0
68466.0
68469.0
68471.0
68472.0
68472.0
68472.0
68472.0
68472.0
68472.0
68472.0
68472.0
68472.0
68472.0
68472.0
68472.0
68472.0
68472.0
68472.0
19782.0
32844.0
41304.0
47456.0
52812.0
57088.0
60403.0
62864.0
64593.0
65757.0
66512.0
66967.0
67258.0
67451.0
67526.0
67566.0
67590.0
67603.0
67611.0
67616.0
67616.0
67616.0
67616.0
67616.0
67616.0
67616.0
67616.0
67616.0
67616.0
67616.0
67616.0
67616.0
67616.0
67616.0
67616.0
67616.0
67616.0
67616.0
67616.0
67616.0
19999.0
33335.0
42034.0
48287.0
53686.0
57964.0
61247.0
63608.0
65258.0
66309.0
66981.0
67380.0
67641.0
67809.0
67921.0
67979.0
68010.0
68028.0
68040.0
68048.0
68052.0
68054.0
68055.0
68056.0
68057.0
68058.0
68059.0
68059.0
68059.0
68059.0
68059.0
68059.0
68059.0
68059.0
68059.0
68059.0
68059.0
68059.0
68059.0
68059.0
20141.0
33575.0
42216.0
48361.0
53699.0
57887.0
61171.0
63556.0
65122.0
66222.0
66981.0
67442.0
67748.0
67905.0
68019.0
68101.0
68146.0
68167.0
68180.0
68187.0
68190.0
68191.0
68191.0
68191.0
68191.0
68191.0
68191.0
68191.0
68191.0
68191.0
68191.0
68191.0
68191.0
68191.0
68191.0
68191.0
68191.0
68191.0
68191.0
68191.0
19923.0
33044.0
41730.0
47990.0
53307.0
57481.0
60638.0
62886.0
64438.0
65434.0
66031.0
66433.0
66652.0
66779.0
66853.0
66900.0
66923.0
66932.0
66940.0
66945.0
66947.0
66948.0
66948.0
66948.0
66948.0
66948.0
66948.0
66948.0
66948.0
66948.0
66948.0
66948.0
66948.0
66948.0
66948.0
66948.0
66948.0
66948.0
66948.0
66948.0
19763.0
32989.0
41560.0
47730.0
52989.0
57264.0
60527.0
62900.0
64657.0
65889.0
66660.0
67165.0
67479.0
67684.0
67797.0
67865.0
67920.0
67943.0
67954.0
67959.0
67961.0
67963.0
67964.0
67965.0
67966.0
67967.0
67968.0
67968.0
67968.0
67968.0
67968.0
67968.0
67968.0
67968.0
67968.0
67968.0
67968.0
67968.0
67968.0
67968.0
19906.0
33126.0
41773.0
48090.0
53484.0
57765.0
61010.0
63377.0
65026.0
66091.0
66777.0
67238.0
67519.0
67692.0
67800.0
67861.0
67908.0
67934.0
67945.0
67952.0
67956.0
67959.0
67961.0
67961.0
67961.0
67961.0
67961.0
67961.0
67961.0
67961.0
67961.0
67961.0
67961.0
67961.0
67961.0
67961.0
67961.0
67961.0
67961.0
67961.0
19878.0
33170.0
41953.0
48362.0
53907.0
58469.0
61909.0
64373.0
66037.0
67207.0
67981.0
68520.0
68861.0
69084.0
69209.0
69284.0
69332.0
69357.0
69373.0
69383.0
69391.0
69399.0
69407.0
69412.0
69416.0
69417.0
69417.0
69417.0
69417.0
69417.0
69417.0
69417.0
69417.0
69417.0
69417.0
69417.0
69417.0
69417.0
69417.0
69417.0
19834.0
33101.0
41797.0
48245.0
53685.0
58043.0
61372.0
63689.0
65312.0
66278.0
66917.0
67331.0
67586.0
67744.0
67830.0
67896.0
67930.0
67955.0
67964.0
67970.0
67973.0
67974.0
67975.0
67976.0
67976.0
67976.0
67976.0
67976.0
67976.0
67976.0
67976.0
67976.0
67976.0
67976.0
67976.0
67976.0
67976.0
67976.0
67976.0
67976.0
19905.0
33087.0
41625.0
47695.0
52659.0
56509.0
59405.0
61412.0
62797.0
63670.0
64242.0
64588.0
64807.0
64916.0
64987.0
65015.0
65030.0
65039.0
65045.0
65049.0
65051.0
65051.0
65051.0
65051.0
65051.0
65051.0
65051.0
65051.0
65051.0
65051.0
65051.0
65051.0
65051.0
65051.0
65051.0
65051.0
65051.0
65051.0
65051.0
65051.0
19930.0
33207.0
41904.0
48072.0
53408.0
57838.0
61225.0
63858.0
65586.0
66894.0
67805.0
68407.0
68803.0
69023.0
69179.0
69271.0
69320.0
69361.0
69382.0
69395.0
69402.0
69404.0
69406.0
69408.0
69409.0
69410.0
69410.0
69410.0
69410.0
69410.0
69410.0
69410.0
69410.0
69410.0
69410.0
69410.0
69410.0
69410.0
69410.0
69410.0
19855.0
33228.0
42057.0
48437.0
53905.0
58271.0
61572.0
63907.0
65499.0
66580.0
67314.0
67744.0
68031.0
68264.0
68399.0
68494.0
68559.0
68605.0
68627.0
68649.0
68673.0
68688.0
68696.0
68705.0
68713.0
68727.0
68730.0
68732.0
68734.0
68736.0
68737.0
68738.0
68738.0
68738.0
68738.0
68738.0
68738.0
68738.0
68738.0
68738.0
19852.0
33184.0
41982.0
48308.0
53672.0
58065.0
61455.0
63913.0
65600.0
66736.0
67417.0
67841.0
68106.0
68266.0
68338.0
68386.0
68415.0
68434.0
68447.0
68457.0
68462.0
68467.0
68471.0
68473.0
68475.0
68477.0
68477.0
68477.0
68477.0
68477.0
68477.0
68477.0
68477.0
68477.0
68477.0
68477.0
68477.0
68477.0
68477.0
68477.0
19903.0
33083.0
41547.0
47642.0
52775.0
56714.0
59686.0
61748.0
63199.0
64146.0
64784.0
65165.0
65363.0
65480.0
65566.0
65611.0
65636.0
65651.0
65661.0
65667.0
65670.0
65672.0
65674.0
65675.0
65675.0
65675.0
65675.0
65675.0
65675.0
65675.0
65675.0
65675.0
65675.0
65675.0
65675.0
65675.0
65675.0
65675.0
65675.0
65675.0
20200.0
33689.0
42173.0
48203.0
53254.0
57351.0
60398.0
62493.0
63905.0
64839.0
65386.0
65754.0
65972.0
66100.0
66180.0
66237.0
66272.0
66297.0
66316.0
66320.0
66320.0
66320.0
66320.0
66320.0
66320.0
66320.0
66320.0
66320.0
66320.0
66320.0
66320.0
66320.0
66320.0
66320.0
66320.0
66320.0
66320.0
66320.0
66320.0
66320.0
19792.0
32786.0
41069.0
46798.0
51886.0
55776.0
58860.0
61064.0
62602.0
63610.0
64271.0
64671.0
64905.0
65053.0
65129.0
65194.0
65237.0
65260.0
65272.0
65279.0
65284.0
65289.0
65292.0
65294.0
65295.0
65295.0
65295.0
65295.0
65295.0
65295.0
65295.0
65295.0
65295.0
65295.0
65295.0
65295.0
65295.0
65295.0
65295.0
65295.0
19971.0
33525.0
42219.0
48408.0
53743.0
57935.0
61099.0
63416.0
64971.0
66017.0
66696.0
67133.0
67417.0
67611.0
67721.0
67777.0
67810.0
67834.0
67849.0
67858.0
67862.0
67865.0
67866.0
67867.0
67868.0
67868.0
67868.0
67868.0
67868.0
67868.0
67868.0
67868.0
67868.0
67868.0
67868.0
67868.0
67868.0
67868.0
67868.0
67868.0
19909.0
33241.0
41999.0
48296.0
53826.0
58320.0
61869.0
64459.0
66195.0
67384.0
68210.0
68782.0
69122.0
69336.0
69497.0
69599.0
69657.0
69691.0
69716.0
69730.0
69739.0
69747.0
69753.0
69756.0
69757.0
69757.0
69757.0
69757.0
69757.0
69757.0
69757.0
69757.0
69757.0
69757.0
69757.0
69757.0
69757.0
69757.0
69757.0
69757.0
19791.0
33051.0
41835.0
48102.0
53356.0
57588.0
60767.0
63066.0
64629.0
65641.0
66249.0
66645.0
66874.0
67009.0
67107.0
67173.0
67208.0
67232.0
67251.0
67263.0
67270.0
67277.0
67281.0
67284.0
67286.0
67288.0
67289.0
67290.0
67290.0
67290.0
67290.0
67290.0
67290.0
67290.0
67290.0
67290.0
67290.0
67290.0
67290.0
67290.0
19954.0
33159.0
41746.0
47943.0
53328.0
57504.0
60571.0
62695.0
64144.0
65058.0
65650.0
66021.0
66241.0
66381.0
66460.0
66510.0
66545.0
66563.0
66576.0
66579.0
66580.0
66581.0
66582.0
66582.0
66582.0
66582.0
66582.0
66582.0
66582.0
66582.0
66582.0
66582.0
66582.0
66582.0
66582.0
66582.0
66582.0
66582.0
66582.0
66582.0
19782.0
32878.0
41326.0
47348.0
52411.0
56387.0
59284.0
61232.0
62586.0
63425.0
63982.0
64294.0
64504.0
64624.0
64695.0
64732.0
64754.0
64770.0
64778.0
64782.0
64785.0
64787.0
64787.0
64787.0
64787.0
64787.0
64787.0
64787.0
64787.0
64787.0
64787.0
64787.0
64787.0
64787.0
64787.0
64787.0
64787.0
64787.0
64787.0
64787.0
19938.0
32875.0
41198.0
47138.0
52065.0
55859.0
58705.0
60795.0
62206.0
63075.0
63673.0
64070.0
64360.0
64505.0
64593.0
64640.0
64673.0
64695.0
64707.0
64715.0
64720.0
64724.0
64727.0
64729.0
64730.0
64731.0
64731.0
64731.0
64731.0
64731.0
64731.0
64731.0
64731.0
64731.0
64731.0
64731.0
64731.0
64731.0
64731.0
64731.0
19990.0
33383.0
42128.0
48388.0
53681.0
57934.0
61126.0
63441.0
65104.0
66165.0
66839.0
67265.0
67518.0
67692.0
67804.0
67867.0
67902.0
67929.0
67943.0
67953.0
67960.0
67966.0
67970.0
67971.0
67972.0
67972.0
67972.0
67972.0
67972.0
67972.0
67972.0
67972.0
67972.0
67972.0
67972.0
67972.0
67972.0
67972.0
67972.0
67972.0
20043.0
33438.0
42275.0
48517.0
53689.0
57846.0
60941.0
63166.0
64748.0
65853.0
66529.0
66970.0
67229.0
67379.0
67491.0
67550.0
67584.0
67603.0
67618.0
67631.0
67640.0
67644.0
67646.0
67648.0
67649.0
67650.0
67651.0
67651.0
67651.0
67651.0
67651.0
67651.0
67651.0
67651.0
67651.0
67651.0
67651.0
67651.0
67651.0
67651.0
19876.0
32965.0
41431.0
47556.0
52726.0
56741.0
59821.0
61966.0
63493.0
64512.0
65261.0
65693.0
65974.0
66126.0
66223.0
66283.0
66311.0
66330.0
66339.0
66344.0
66347.0
66348.0
66348.0
66348.0
66348.0
66348.0
66348.0
66348.0
66348.0
66348.0
66348.0
66348.0
66348.0
66348.0
66348.0
66348.0
66348.0
66348.0
66348.0
66348.0
19974.0
33397.0
42027.0
48198.0
53405.0
57577.0
60787.0
62971.0
64459.0
65452.0
66092.0
66452.0
66729.0
66900.0
66997.0
67052.0
67089.0
67115.0
67137.0
67145.0
67149.0
67151.0
67152.0
67153.0
67153.0
67153.0
67153.0
67153.0
67153.0
67153.0
67153.0
67153.0
67153.0
67153.0
67153.0
67153.0
67153.0
67153.0
67153.0
67153.0
19743.0
32824.0
41299.0
47055.0
52057.0
55994.0
59172.0
61313.0
62814.0
63786.0
64424.0
64768.0
64968.0
65080.0
65159.0
65208.0
65238.0
65252.0
65266.0
65272.0
65278.0
65278.0
65278.0
65278.0
65278.0
65278.0
65278.0
65278.0
65278.0
65278.0
65278.0
65278.0
65278.0
65278.0
65278.0
65278.0
65278.0
65278.0
65278.0
65278.0
19676.0
32523.0
41017.0
46907.0
51970.0
55948.0
59054.0
61244.0
62760.0
63759.0
64387.0
64789.0
65038.0
65191.0
65288.0
65369.0
65425.0
65448.0
65464.0
65477.0
65489.0
65497.0
65505.0
65516.0
65522.0
65522.0
65522.0
65522.0
65522.0
65522.0
65522.0
65522.0
65522.0
65522.0
65522.0
65522.0
65522.0
65522.0
65522.0
65522.0
19749.0
32836.0
41278.0
47389.0
52629.0
56720.0
59858.0
62104.0
63685.0
64757.0
65379.0
65765.0
66031.0
66172.0
66242.0
66287.0
66310.0
66324.0
66334.0
66342.0
66345.0
66346.0
66347.0
66348.0
66349.0
66350.0
66351.0
66351.0
66351.0
66351.0
66351.0
66351.0
66351.0
66351.0
66351.0
66351.0
66351.0
66351.0
66351.0
66351.0
19838.0
32957.0
41394.0
47387.0
52508.0
56670.0
59902.0
62233.0
63806.0
64834.0
65544.0
66021.0
66310.0
66446.0
66555.0
66621.0
66655.0
66671.0
66681.0
66704.0
66709.0
66713.0
66716.0
66719.0
66722.0
66724.0
66724.0
66724.0
66724.0
66724.0
66724.0
66724.0
66724.0
66724.0
66724.0
66724.0
66724.0
66724.0
66724.0
66724.0
20200.0
33770.0
42633.0
48909.0
54253.0
58347.0
61346.0
63449.0
64899.0
65798.0
66343.0
66679.0
66878.0
67003.0
67062.0
67104.0
67129.0
67135.0
67141.0
67145.0
67146.0
67146.0
67146.0
67146.0
67146.0
67146.0
67146.0
67146.0
67146.0
67146.0
67146.0
67146.0
67146.0
67146.0
67146.0
67146.0
67146.0
67146.0
67146.0
67146.0
19937.0
33297.0
42073.0
48475.0
53915.0
58219.0
61534.0
63901.0
65499.0
66585.0
67261.0
67704.0
67974.0
68115.0
68192.0
68240.0
68262.0
68275.0
68283.0
68288.0
68292.0
68295.0
68295.0
68295.0
68295.0
68295.0
68295.0
68295.0
68295.0
68295.0
68295.0
68295.0
68295.0
68295.0
68295.0
68295.0
68295.0
68295.0
68295.0
68295.0
19882.0
33319.0
42099.0
48440.0
54001.0
58452.0
61894.0
64429.0
66125.0
67337.0
68138.0
68615.0
68946.0
69142.0
69283.0
69374.0
69409.0
69440.0
69462.0
69468.0
69472.0
69475.0
69477.0
69479.0
69479.0
69479.0
69479.0
69479.0
69479.0
69479.0
69479.0
69479.0
69479.0
69479.0
69479.0
69479.0
69479.0
69479.0
69479.0
69479.0
20054.0
33413.0
42131.0
48468.0
53857.0
58163.0
61448.0
63800.0
65404.0
66486.0
67159.0
67590.0
67858.0
68032.0
68129.0
68181.0
68211.0
68230.0
68244.0
68253.0
68260.0
68263.0
68265.0
68265.0
68265.0
68265.0
68265.0
68265.0
68265.0
68265.0
68265.0
68265.0
68265.0
68265.0
68265.0
68265.0
68265.0
68265.0
68265.0
68265.0
19836.0
33365.0
42337.0
48805.0
54366.0
58934.0
62555.0
65101.0
66888.0
68090.0
68827.0
69339.0
69691.0
69893.0
69997.0
70049.0
70075.0
70090.0
70099.0
70104.0
70107.0
70109.0
70109.0
70109.0
70109.0
70109.0
70109.0
70109.0
70109.0
70109.0
70109.0
70109.0
70109.0
70109.0
70109.0
70109.0
70109.0
70109.0
70109.0
70109.0
19826.0
33196.0
41861.0
48037.0
53429.0
57462.0
60686.0
62878.0
64369.0
65384.0
66025.0
66411.0
66677.0
66839.0
66960.0
67046.0
67074.0
67093.0
67099.0
67103.0
67107.0
67110.0
67111.0
67112.0
67113.0
67114.0
67115.0
67115.0
67115.0
67115.0
67115.0
67115.0
67115.0
67115.0
67115.0
67115.0
67115.0
67115.0
67115.0
67115.0
19844.0
32773.0
41159.0
47044.0
52008.0
55913.0
58770.0
60856.0
62204.0
63071.0
63635.0
63980.0
64187.0
64314.0
64381.0
64421.0
64443.0
64459.0
64469.0
64474.0
64477.0
64479.0
64479.0
64479.0
64479.0
64479.0
64479.0
64479.0
64479.0
64479.0
64479.0
64479.0
64479.0
64479.0
64479.0
64479.0
64479.0
64479.0
64479.0
64479.0
19829.0
32797.0
41167.0
47073.0
52071.0
56013.0
59117.0
61385.0
62942.0
63961.0
64623.0
65034.0
65265.0
65421.0
65501.0
65558.0
65591.0
65628.0
65635.0
65641.0
65645.0
65645.0
65645.0
65645.0
65645.0
65645.0
65645.0
65645.0
65645.0
65645.0
65645.0
65645.0
65645.0
65645.0
65645.0
65645.0
65645.0
65645.0
65645.0
65645.0
19593.0
32753.0
41290.0
47268.0
52424.0
56576.0
59773.0
62147.0
63817.0
65014.0
65749.0
66248.0
66583.0
66764.0
66899.0
66975.0
67020.0
67044.0
67059.0
67069.0
67076.0
67080.0
67083.0
67086.0
67088.0
67090.0
67092.0
67093.0
67093.0
67093.0
67093.0
67093.0
67093.0
67093.0
67093.0
67093.0
67093.0
67093.0
67093.0
67093.0
19744.0
33010.0
41671.0
47672.0
52687.0
56520.0
59313.0
61242.0
62553.0
63363.0
63881.0
64181.0
64341.0
64438.0
64481.0
64505.0
64518.0
64524.0
64530.0
64533.0
64535.0
64536.0
64537.0
64538.0
64538.0
64538.0
64538.0
64538.0
64538.0
64538.0
64538.0
64538.0
64538.0
64538.0
64538.0
64538.0
64538.0
64538.0
64538.0
64538.0
19817.0
33167.0
41909.0
48035.0
53241.0
57221.0
60275.0
62566.0
64129.0
65146.0
65759.0
66131.0
66360.0
66507.0
66590.0
66644.0
66676.0
66696.0
66710.0
66719.0
66725.0
66725.0
66725.0
66725.0
66725.0
66725.0
66725.0
66725.0
66725.0
66725.0
66725.0
66725.0
66725.0
66725.0
66725.0
66725.0
66725.0
66725.0
66725.0
66725.0
19885.0
33439.0
42443.0
48844.0
54318.0
58639.0
62088.0
64540.0
66194.0
67281.0
68049.0
68527.0
68817.0
69023.0
69141.0
69217.0
69245.0
69265.0
69275.0
69282.0
69285.0
69288.0
69291.0
69293.0
69294.0
69294.0
69294.0
69294.0
69294.0
69294.0
69294.0
69294.0
69294.0
69294.0
69294.0
69294.0
69294.0
69294.0
69294.0
69294.0
20008.0
33674.0
42443.0
48548.0
53617.0
57625.0
60593.0
62615.0
63979.0
64764.0
65276.0
65581.0
65741.0
65838.0
65883.0
65906.0
65918.0
65925.0
65928.0
65930.0
65931.0
65931.0
65931.0
65931.0
65931.0
65931.0
65931.0
65931.0
65931.0
65931.0
65931.0
65931.0
65931.0
65931.0
65931.0
65931.0
65931.0
65931.0
65931.0
65931.0
19961.0
33555.0
42511.0
49038.0
54656.0
59179.0
62656.0
65221.0
67058.0
68231.0
69031.0
69536.0
69873.0
70069.0
70182.0
70250.0
70287.0
70304.0
70311.0
70314.0
70316.0
70317.0
70318.0
70319.0
70320.0
70320.0
70320.0
70320.0
70320.0
70320.0
70320.0
70320.0
70320.0
70320.0
70320.0
70320.0
70320.0
70320.0
70320.0
70320.0
19749.0
32858.0
41329.0
47299.0
52457.0
56389.0
59382.0
61407.0
62825.0
63818.0
64389.0
64779.0
65016.0
65171.0
65249.0
65298.0
65315.0
65326.0
65330.0
65333.0
65336.0
65337.0
65337.0
65337.0
65337.0
65337.0
65337.0
65337.0
65337.0
65337.0
65337.0
65337.0
65337.0
65337.0
65337.0
65337.0
65337.0
65337.0
65337.0
65337.0
19945.0
33487.0
42408.0
48762.0
54224.0
58570.0
61991.0
64460.0
66143.0
67386.0
68163.0
68699.0
69005.0
69211.0
69345.0
69415.0
69457.0
69484.0
69502.0
69510.0
69514.0
69517.0
69519.0
69520.0
69521.0
69522.0
69523.0
69523.0
69523.0
69523.0
69523.0
69523.0
69523.0
69523.0
69523.0
69523.0
69523.0
69523.0
69523.0
69523.0
19919.0
33247.0
42112.0
48559.0
54109.0
58565.0
62051.0
64604.0
66500.0
67755.0
68629.0
69227.0
69626.0
69858.0
70033.0
70146.0
70228.0
70268.0
70291.0
70311.0
70319.0
70325.0
70327.0
70328.0
70328.0
70328.0
70328.0
70328.0
70328.0
70328.0
70328.0
70328.0
70328.0
70328.0
70328.0
70328.0
70328.0
70328.0
70328.0
70328.0
19952.0
33287.0
42255.0
48734.0
54371.0
58999.0
62657.0
65388.0
67381.0
68804.0
69847.0
70548.0
71020.0
71310.0
71493.0
71634.0
71722.0
71768.0
71798.0
71816.0
71828.0
71835.0
71841.0
71844.0
71846.0
71847.0
71848.0
71848.0
71848.0
71848.0
71848.0
71848.0
71848.0
71848.0
71848.0
71848.0
71848.0
71848.0
71848.0
71848.0
19947.0
33178.0
41691.0
47782.0
52856.0
56888.0
59920.0
62137.0
63598.0
64522.0
65176.0
65563.0
65802.0
65941.0
66029.0
66068.0
66092.0
66104.0
66111.0
66115.0
66119.0
66121.0
66122.0
66123.0
66124.0
66125.0
66125.0
66125.0
66125.0
66125.0
66125.0
66125.0
66125.0
66125.0
66125.0
66125.0
66125.0
66125.0
66125.0
66125.0
19864.0
33020.0
41527.0
47610.0
52705.0
56805.0
59956.0
62191.0
63740.0
64680.0
65324.0
65782.0
66068.0
66257.0
66393.0
66461.0
66507.0
66533.0
66547.0
66552.0
66555.0
66557.0
66558.0
66558.0
66558.0
66558.0
66558.0
66558.0
66558.0
66558.0
66558.0
66558.0
66558.0
66558.0
66558.0
66558.0
66558.0
66558.0
66558.0
66558.0
19980.0
33109.0
41766.0
47974.0
53289.0
57528.0
60785.0
63101.0
64707.0
65752.0
66426.0
66850.0
67120.0
67282.0
67372.0
67434.0
67473.0
67492.0
67504.0
67511.0
67515.0
67517.0
67519.0
67519.0
67519.0
67519.0
67519.0
67519.0
67519.0
67519.0
67519.0
67519.0
67519.0
67519.0
67519.0
67519.0
67519.0
67519.0
67519.0
67519.0
19847.0
33142.0
41773.0
47985.0
53394.0
57634.0
60913.0
63213.0
64806.0
65828.0
66536.0
66965.0
67232.0
67379.0
67466.0
67525.0
67557.0
67570.0
67578.0
67580.0
67582.0
67582.0
67582.0
67582.0
67582.0
67582.0
67582.0
67582.0
67582.0
67582.0
67582.0
67582.0
67582.0
67582.0
67582.0
67582.0
67582.0
67582.0
67582.0
67582.0
19807.0
33217.0
42273.0
48833.0
54542.0
58987.0
62368.0
64877.0
66602.0
67795.0
68558.0
69041.0
69346.0
69559.0
69713.0
69798.0
69874.0
69904.0
69937.0
69961.0
69973.0
69978.0
69982.0
69985.0
69986.0
69986.0
69986.0
69986.0
69986.0
69986.0
69986.0
69986.0
69986.0
69986.0
69986.0
69986.0
69986.0
69986.0
69986.0
69986.0
19849.0
32816.0
41192.0
47083.0
51980.0
55849.0
58763.0
60819.0
62142.0
62994.0
63526.0
63822.0
64000.0
64095.0
64148.0
64197.0
64208.0
64215.0
64219.0
64221.0
64222.0
64222.0
64222.0
64222.0
64222.0
64222.0
64222.0
64222.0
64222.0
64222.0
64222.0
64222.0
64222.0
64222.0
64222.0
64222.0
64222.0
64222.0
64222.0
64222.0
20158.0
33414.0
41816.0
47756.0
52961.0
56919.0
59832.0
61824.0
63212.0
64104.0
64668.0
65024.0
65236.0
65353.0
65426.0
65463.0
65486.0
65499.0
65504.0
65506.0
65507.0
65508.0
65509.0
65510.0
65510.0
65510.0
65510.0
65510.0
65510.0
65510.0
65510.0
65510.0
65510.0
65510.0
65510.0
65510.0
65510.0
65510.0
65510.0
65510.0
19774.0
33085.0
41993.0
48395.0
53885.0
58135.0
61395.0
63692.0
65324.0
66379.0
67135.0
67649.0
67952.0
68161.0
68318.0
68417.0
68481.0
68532.0
68576.0
68587.0
68591.0
68594.0
68594.0
68594.0
68594.0
68594.0
68594.0
68594.0
68594.0
68594.0
68594.0
68594.0
68594.0
68594.0
68594.0
68594.0
68594.0
68594.0
68594.0
68594.0
19909.0
33140.0
41651.0
47747.0
52995.0
57117.0
60228.0
62432.0
63997.0
65066.0
65816.0
66278.0
66588.0
66760.0
66860.0
66916.0
66959.0
66982.0
66995.0
67006.0
67013.0
67015.0
67016.0
67017.0
67018.0
67019.0
67020.0
67021.0
67021.0
67021.0
67021.0
67021.0
67021.0
67021.0
67021.0
67021.0
67021.0
67021.0
67021.0
67021.0
19914.0
33134.0
41558.0
47518.0
52653.0
56751.0
59735.0
61841.0
63206.0
64142.0
64688.0
64980.0
65157.0
65276.0
65352.0
65387.0
65402.0
65409.0
65412.0
65414.0
65414.0
65414.0
65414.0
65414.0
65414.0
65414.0
65414.0
65414.0
65414.0
65414.0
65414.0
65414.0
65414.0
65414.0
65414.0
65414.0
65414.0
65414.0
65414.0
65414.0
19678.0
32693.0
41280.0
47372.0
52493.0
56532.0
59715.0
61982.0
63567.0
64567.0
65231.0
65649.0
65879.0
66035.0
66144.0
66203.0
66243.0
66277.0
66292.0
66305.0
66310.0
66315.0
66318.0
66319.0
66320.0
66321.0
66322.0
66323.0
66323.0
66323.0
66323.0
66323.0
66323.0
66323.0
66323.0
66323.0
66323.0
66323.0
66323.0
66323.0
20004.0
33287.0
41987.0
48117.0
53368.0
57469.0
60648.0
62893.0
64514.0
65627.0
66299.0
66735.0
66976.0
67142.0
67244.0
67304.0
67347.0
67366.0
67377.0
67381.0
67383.0
67385.0
67387.0
67389.0
67391.0
67391.0
67391.0
67391.0
67391.0
67391.0
67391.0
67391.0
67391.0
67391.0
67391.0
67391.0
67391.0
67391.0
67391.0
67391.0
19631.0
32697.0
41175.0
47251.0
52428.0
56563.0
59730.0
61923.0
63405.0
64437.0
65118.0
65576.0
65874.0
66049.0
66185.0
66262.0
66305.0
66326.0
66340.0
66346.0
66349.0
66352.0
66354.0
66355.0
66356.0
66357.0
66357.0
66357.0
66357.0
66357.0
66357.0
66357.0
66357.0
66357.0
66357.0
66357.0
66357.0
66357.0
66357.0
66357.0
19904.0
33367.0
42229.0
48563.0
53874.0
58012.0
61109.0
63461.0
64955.0
65910.0
66536.0
66887.0
67160.0
67304.0
67407.0
67480.0
67514.0
67546.0
67561.0
67567.0
67570.0
67573.0
67574.0
67574.0
67574.0
67574.0
67574.0
67574.0
67574.0
67574.0
67574.0
67574.0
67574.0
67574.0
67574.0
67574.0
67574.0
67574.0
67574.0
67574.0
19893.0
33352.0
42200.0
48641.0
54089.0
58580.0
62163.0
64841.0
66779.0
68086.0
68952.0
69554.0
69987.0
70235.0
70388.0
70484.0
70543.0
70573.0
70596.0
70613.0
70626.0
70638.0
70649.0
70657.0
70663.0
70665.0
70665.0
70665.0
70665.0
70665.0
70665.0
70665.0
70665.0
70665.0
70665.0
70665.0
70665.0
70665.0
70665.0
70665.0
20170.0
33724.0
42507.0
48758.0
54124.0
58216.0
61408.0
63540.0
65019.0
65988.0
66663.0
67085.0
67320.0
67472.0
67565.0
67618.0
67647.0
67664.0
67675.0
67679.0
67680.0
67680.0
67680.0
67680.0
67680.0
67680.0
67680.0
67680.0
67680.0
67680.0
67680.0
67680.0
67680.0
67680.0
67680.0
67680.0
67680.0
67680.0
67680.0
67680.0
19996.0
33707.0
42829.0
49329.0
54818.0
59133.0
62366.0
64796.0
66542.0
67773.0
68549.0
69054.0
69365.0
69576.0
69718.0
69804.0
69853.0
69880.0
69896.0
69906.0
69913.0
69919.0
69923.0
69926.0
69928.0
69930.0
69932.0
69933.0
69933.0
69933.0
69933.0
69933.0
69933.0
69933.0
69933.0
69933.0
69933.0
69933.0
69933.0
69933.0
20133.0
33733.0
42680.0
49168.0
54808.0
59422.0
62985.0
65640.0
67495.0
68778.0
69575.0
70073.0
70414.0
70626.0
70764.0
70845.0
70905.0
70941.0
70963.0
70981.0
70994.0
71005.0
71012.0
71018.0
71020.0
71021.0
71022.0
71023.0
71024.0
71025.0
71026.0
71027.0
71028.0
71029.0
71030.0
71031.0
71031.0
71031.0
71031.0
71031.0
19808.0
33065.0
41524.0
47507.0
52614.0
56653.0
59752.0
61876.0
63369.0
64377.0
64995.0
65399.0
65654.0
65784.0
65852.0
65899.0
65923.0
65937.0
65946.0
65952.0
65953.0
65953.0
65953.0
65953.0
65953.0
65953.0
65953.0
65953.0
65953.0
65953.0
65953.0
65953.0
65953.0
65953.0
65953.0
65953.0
65953.0
65953.0
65953.0
65953.0
19546.0
32771.0
41164.0
47195.0
52478.0
56682.0
59973.0
62427.0
64201.0
65404.0
66213.0
66716.0
67035.0
67224.0
67336.0
67393.0
67420.0
67433.0
67439.0
67443.0
67445.0
67446.0
67447.0
67447.0
67447.0
67447.0
67447.0
67447.0
67447.0
67447.0
67447.0
67447.0
67447.0
67447.0
67447.0
67447.0
67447.0
67447.0
67447.0
67447.0
19757.0
33240.0
42171.0
48603.0
54187.0
58657.0
62242.0
64915.0
66778.0
68093.0
68928.0
69503.0
69835.0
70049.0
70151.0
70216.0
70264.0
70283.0
70295.0
70301.0
70304.0
70305.0
70306.0
70307.0
70308.0
70308.0
70308.0
70308.0
70308.0
70308.0
70308.0
70308.0
70308.0
70308.0
70308.0
70308.0
70308.0
70308.0
70308.0
70308.0
20025.0
33626.0
42611.0
48972.0
54559.0
59082.0
62533.0
65095.0
66886.0
68126.0
68916.0
69484.0
69863.0
70100.0
70235.0
70327.0
70388.0
70423.0
70448.0
70465.0
70477.0
70483.0
70486.0
70487.0
70487.0
70487.0
70487.0
70487.0
70487.0
70487.0
70487.0
70487.0
70487.0
70487.0
70487.0
70487.0
70487.0
70487.0
70487.0
70487.0
19699.0
32928.0
41737.0
48140.0
53598.0
58139.0
61766.0
64412.0
66375.0
67688.0
68595.0
69143.0
69521.0
69760.0
69900.0
69990.0
70053.0
70090.0
70120.0
70132.0
70138.0
70143.0
70146.0
70147.0
70147.0
70147.0
70147.0
70147.0
70147.0
70147.0
70147.0
70147.0
70147.0
70147.0
70147.0
70147.0
70147.0
70147.0
70147.0
70147.0
19776.0
32996.0
41457.0
47506.0
52654.0
56821.0
59946.0
62243.0
63825.0
64869.0
65567.0
65940.0
66184.0
66331.0
66412.0
66460.0
66490.0
66512.0
66528.0
66530.0
66532.0
66534.0
66536.0
66538.0
66540.0
66542.0
66544.0
66545.0
66546.0
66546.0
66546.0
66546.0
66546.0
66546.0
66546.0
66546.0
66546.0
66546.0
66546.0
66546.0
19888.0
33195.0
41871.0
48010.0
53310.0
57568.0
60977.0
63424.0
65174.0
66358.0
67108.0
67614.0
67920.0
68086.0
68170.0
68224.0
68258.0
68275.0
68284.0
68291.0
68296.0
68299.0
68300.0
68301.0
68301.0
68301.0
68301.0
68301.0
68301.0
68301.0
68301.0
68301.0
68301.0
68301.0
68301.0
68301.0
68301.0
68301.0
68301.0
68301.0
19872.0
33035.0
41723.0
47795.0
53035.0
57187.0
60410.0
62742.0
64329.0
65402.0
66096.0
66561.0
66843.0
67021.0
67122.0
67183.0
67229.0
67266.0
67299.0
67304.0
67306.0
67308.0
67309.0
67309.0
67309.0
67309.0
67309.0
67309.0
67309.0
67309.0
67309.0
67309.0
67309.0
67309.0
67309.0
67309.0
67309.0
67309.0
67309.0
67309.0
19853.0
33022.0
41775.0
48056.0
53402.0
57484.0
60657.0
62912.0
64519.0
65638.0
66300.0
66731.0
66993.0
67123.0
67200.0
67237.0
67262.0
67274.0
67281.0
67283.0
67284.0
67285.0
67286.0
67287.0
67287.0
67287.0
67287.0
67287.0
67287.0
67287.0
67287.0
67287.0
67287.0
67287.0
67287.0
67287.0
67287.0
67287.0
67287.0
67287.0
20121.0
33434.0
42193.0
48463.0
53883.0
58139.0
61327.0
63602.0
65191.0
66265.0
66901.0
67314.0
67583.0
67766.0
67888.0
67952.0
67993.0
68022.0
68042.0
68056.0
68067.0
68075.0
68081.0
68085.0
68088.0
68090.0
68092.0
68093.0
68094.0
68095.0
68095.0
68095.0
68095.0
68095.0
68095.0
68095.0
68095.0
68095.0
68095.0
68095.0
19762.0
33192.0
41966.0
48147.0
53463.0
57746.0
60929.0
63220.0
64774.0
65776.0
66389.0
66769.0
67014.0
67140.0
67224.0
67273.0
67304.0
67321.0
67329.0
67334.0
67336.0
67337.0
67338.0
67338.0
67338.0
67338.0
67338.0
67338.0
67338.0
67338.0
67338.0
67338.0
67338.0
67338.0
67338.0
67338.0
67338.0
67338.0
67338.0
67338.0
19842.0
33408.0
42205.0
48482.0
53892.0
58253.0
61598.0
64000.0
65701.0
66840.0
67622.0
68134.0
68431.0
68625.0
68720.0
68793.0
68838.0
68858.0
68868.0
68874.0
68880.0
68882.0
68883.0
68883.0
68883.0
68883.0
68883.0
68883.0
68883.0
68883.0
68883.0
68883.0
68883.0
68883.0
68883.0
68883.0
68883.0
68883.0
68883.0
68883.0
20350.0
34141.0
43095.0
49665.0
55334.0
59813.0
63330.0
65930.0
67751.0
68998.0
69807.0
70336.0
70642.0
70813.0
70929.0
71009.0
71056.0
71078.0
71093.0
71100.0
71103.0
71105.0
71106.0
71107.0
71107.0
71107.0
71107.0
71107.0
71107.0
71107.0
71107.0
71107.0
71107.0
71107.0
71107.0
71107.0
71107.0
71107.0
71107.0
71107.0
19788.0
33022.0
41660.0
47857.0
53165.0
57389.0
60705.0
63087.0
64736.0
65809.0
66504.0
66966.0
67219.0
67389.0
67482.0
67525.0
67551.0
67571.0
67581.0
67587.0
67591.0
67591.0
67591.0
67591.0
67591.0
67591.0
67591.0
67591.0
67591.0
67591.0
67591.0
67591.0
67591.0
67591.0
67591.0
67591.0
67591.0
67591.0
67591.0
67591.0
19991.0
33576.0
42529.0
49067.0
54534.0
58977.0
62501.0
64972.0
66674.0
67808.0
68565.0
69009.0
69298.0
69468.0
69581.0
69643.0
69677.0
69691.0
69699.0
69702.0
69705.0
69707.0
69707.0
69707.0
69707.0
69707.0
69707.0
69707.0
69707.0
69707.0
69707.0
69707.0
69707.0
69707.0
69707.0
69707.0
69707.0
69707.0
69707.0
69707.0
19947.0
33383.0
41915.0
47872.0
52957.0
56929.0
59923.0
62106.0
63488.0
64365.0
64918.0
65236.0
65403.0
65497.0
65542.0
65572.0
65587.0
65597.0
65603.0
65608.0
65609.0
65609.0
65609.0
65609.0
65609.0
65609.0
65609.0
65609.0
65609.0
65609.0
65609.0
65609.0
65609.0
65609.0
65609.0
65609.0
65609.0
65609.0
65609.0
65609.0
19670.0
32726.0
41294.0
47491.0
52745.0
56969.0
60312.0
62658.0
64305.0
65355.0
66105.0
66554.0
66853.0
67016.0
67132.0
67205.0
67236.0
67256.0
67266.0
67272.0
67275.0
67277.0
67278.0
67279.0
67280.0
67281.0
67281.0
67281.0
67281.0
67281.0
67281.0
67281.0
67281.0
67281.0
67281.0
67281.0
67281.0
67281.0
67281.0
67281.0
19949.0
32924.0
41311.0
47355.0
52580.0
56624.0
59677.0
61843.0
63306.0
64261.0
64907.0
65259.0
65508.0
65641.0
65728.0
65772.0
65799.0
65815.0
65822.0
65824.0
65825.0
65825.0
65825.0
65825.0
65825.0
65825.0
65825.0
65825.0
65825.0
65825.0
65825.0
65825.0
65825.0
65825.0
65825.0
65825.0
65825.0
65825.0
65825.0
65825.0
19541.0
32818.0
41558.0
47867.0
53255.0
57592.0
61001.0
63442.0
65224.0
66363.0
67097.0
67592.0
67884.0
68056.0
68173.0
68250.0
68284.0
68306.0
68320.0
68324.0
68325.0
68325.0
68325.0
68325.0
68325.0
68325.0
68325.0
68325.0
68325.0
68325.0
68325.0
68325.0
68325.0
68325.0
68325.0
68325.0
68325.0
68325.0
68325.0
68325.0
19973.0
33430.0
42416.0
48805.0
54359.0
58638.0
61961.0
64268.0
65893.0
67003.0
67729.0
68169.0
68461.0
68652.0
68782.0
68854.0
68906.0
68931.0
68946.0
68956.0
68962.0
68967.0
68969.0
68971.0
68973.0
68975.0
68976.0
68977.0
68977.0
68977.0
68977.0
68977.0
68977.0
68977.0
68977.0
68977.0
68977.0
68977.0
68977.0
68977.0
19733.0
33064.0
41404.0
47343.0
52514.0
56749.0
60006.0
62537.0
64172.0
65285.0
66033.0
66538.0
66836.0
66993.0
67076.0
67116.0
67135.0
67146.0
67151.0
67154.0
67157.0
67158.0
67158.0
67158.0
67158.0
67158.0
67158.0
67158.0
67158.0
67158.0
67158.0
67158.0
67158.0
67158.0
67158.0
67158.0
67158.0
67158.0
67158.0
67158.0
20110.0
33378.0
41940.0
47931.0
52887.0
56592.0
59357.0
61260.0
62533.0
63403.0
63937.0
64275.0
64529.0
64650.0
64731.0
64781.0
64802.0
64822.0
64835.0
64844.0
64850.0
64854.0
64856.0
64857.0
64857.0
64857.0
64857.0
64857.0
64857.0
64857.0
64857.0
64857.0
64857.0
64857.0
64857.0
64857.0
64857.0
64857.0
64857.0
64857.0
19601.0
32911.0
41756.0
47982.0
53036.0
57131.0
60230.0
62416.0
63937.0
64911.0
65522.0
65935.0
66157.0
66258.0
66315.0
66350.0
66358.0
66360.0
66362.0
66363.0
66364.0
66364.0
66364.0
66364.0
66364.0
66364.0
66364.0
66364.0
66364.0
66364.0
66364.0
66364.0
66364.0
66364.0
66364.0
66364.0
66364.0
66364.0
66364.0
66364.0
19836.0
33054.0
41606.0
47800.0
53001.0
57039.0
60135.0
62308.0
63740.0
64745.0
65305.0
65648.0
65900.0
66019.0
66096.0
66154.0
66191.0
66208.0
66218.0
66226.0
66229.0
66231.0
66232.0
66232.0
66232.0
66232.0
66232.0
66232.0
66232.0
66232.0
66232.0
66232.0
66232.0
66232.0
66232.0
66232.0
66232.0
66232.0
66232.0
66232.0
20240.0
33599.0
42534.0
48824.0
54263.0
58548.0
61702.0
63954.0
65484.0
66571.0
67323.0
67821.0
68106.0
68296.0
68384.0
68442.0
68472.0
68492.0
68507.0
68521.0
68537.0
68540.0
68542.0
68543.0
68543.0
68543.0
68543.0
68543.0
68543.0
68543.0
68543.0
68543.0
68543.0
68543.0
68543.0
68543.0
68543.0
68543.0
68543.0
68543.0
19983.0
33306.0
42158.0
48668.0
54299.0
58727.0
62229.0
64723.0
66521.0
67682.0
68451.0
68986.0
69299.0
69486.0
69619.0
69704.0
69747.0
69770.0
69781.0
69787.0
69790.0
69792.0
69794.0
69794.0
69794.0
69794.0
69794.0
69794.0
69794.0
69794.0
69794.0
69794.0
69794.0
69794.0
69794.0
69794.0
69794.0
69794.0
69794.0
69794.0
19782.0
32761.0
41082.0
46969.0
51977.0
55983.0
58968.0
61034.0
62491.0
63362.0
63936.0
64300.0
64524.0
64651.0
64721.0
64769.0
64792.0
64806.0
64814.0
64816.0
64817.0
64817.0
64817.0
64817.0
64817.0
64817.0
64817.0
64817.0
64817.0
64817.0
64817.0
64817.0
64817.0
64817.0
64817.0
64817.0
64817.0
64817.0
64817.0
64817.0
19682.0
32687.0
41051.0
47164.0
52479.0
56755.0
60131.0
62648.0
64389.0
65522.0
66281.0
66757.0
67033.0
67190.0
67284.0
67341.0
67372.0
67391.0
67403.0
67408.0
67412.0
67416.0
67420.0
67424.0
67427.0
67428.0
67429.0
67430.0
67431.0
67431.0
67431.0
67431.0
67431.0
67431.0
67431.0
67431.0
67431.0
67431.0
67431.0
67431.0
19737.0
32790.0
41272.0
47257.0
52095.0
55794.0
58611.0
60613.0
61931.0
62830.0
63411.0
63728.0
63974.0
64101.0
64159.0
64196.0
64211.0
64222.0
64227.0
64229.0
64230.0
64231.0
64232.0
64233.0
64233.0
64233.0
64233.0
64233.0
64233.0
64233.0
64233.0
64233.0
64233.0
64233.0
64233.0
64233.0
64233.0
64233.0
64233.0
64233.0
19806.0
32922.0
41331.0
47362.0
52608.0
57018.0
60196.0
62538.0
64183.0
65308.0
66124.0
66595.0
66867.0
67039.0
67137.0
67193.0
67229.0
67258.0
67268.0
67273.0
67276.0
67278.0
67279.0
67280.0
67280.0
67280.0
67280.0
67280.0
67280.0
67280.0
67280.0
67280.0
67280.0
67280.0
67280.0
67280.0
67280.0
67280.0
67280.0
67280.0
19831.0
33113.0
41660.0
47858.0
52863.0
56863.0
60025.0
62262.0
63807.0
64810.0
65456.0
65890.0
66127.0
66268.0
66359.0
66405.0
66433.0
66452.0
66464.0
66472.0
66478.0
66481.0
66482.0
66483.0
66483.0
66483.0
66483.0
66483.0
66483.0
66483.0
66483.0
66483.0
66483.0
66483.0
66483.0
66483.0
66483.0
66483.0
66483.0
66483.0
20186.0
33619.0
42378.0
48599.0
53947.0
58117.0
61323.0
63508.0
64957.0
65952.0
66579.0
66970.0
67176.0
67293.0
67376.0
67418.0
67435.0
67445.0
67452.0
67455.0
67457.0
67457.0
67457.0
67457.0
67457.0
67457.0
67457.0
67457.0
67457.0
67457.0
67457.0
67457.0
67457.0
67457.0
67457.0
67457.0
67457.0
67457.0
67457.0
67457.0
20029.0
33558.0
42418.0
48788.0
54466.0
59069.0
62674.0
65294.0
67195.0
68466.0
69300.0
69887.0
70250.0
70498.0
70651.0
70746.0
70814.0
70867.0
70898.0
70918.0
70935.0
70943.0
70949.0
70953.0
70956.0
70958.0
70960.0
70962.0
70962.0
70962.0
70962.0
70962.0
70962.0
70962.0
70962.0
70962.0
70962.0
70962.0
70962.0
70962.0
19488.0
32691.0
41409.0
47525.0
52783.0
57093.0
60390.0
62857.0
64485.0
65638.0
66409.0
66903.0
67242.0
67476.0
67643.0
67744.0
67815.0
67873.0
67901.0
67928.0
67940.0
67948.0
67950.0
67951.0
67952.0
67953.0
67953.0
67953.0
67953.0
67953.0
67953.0
67953.0
67953.0
67953.0
67953.0
67953.0
67953.0
67953.0
67953.0
67953.0
19593.0
32673.0
41285.0
47278.0
52508.0
56629.0
59887.0
62274.0
63952.0
65120.0
65926.0
66403.0
66735.0
66936.0
67069.0
67133.0
67184.0
67216.0
67240.0
67254.0
67262.0
67275.0
67277.0
67278.0
67278.0
67278.0
67278.0
67278.0
67278.0
67278.0
67278.0
67278.0
67278.0
67278.0
67278.0
67278.0
67278.0
67278.0
67278.0
67278.0
19795.0
32805.0
41417.0
47602.0
52836.0
56972.0
60298.0
62710.0
64308.0
65349.0
66015.0
66484.0
66767.0
66947.0
67058.0
67133.0
67177.0
67216.0
67242.0
67253.0
67261.0
67266.0
67271.0
67275.0
67275.0
67275.0
67275.0
67275.0
67275.0
67275.0
67275.0
67275.0
67275.0
67275.0
67275.0
67275.0
67275.0
67275.0
67275.0
67275.0
20061.0
33298.0
42001.0
48284.0
53625.0
57850.0
61114.0
63515.0
65221.0
66375.0
67068.0
67546.0
67845.0
68040.0
68176.0
68229.0
68275.0
68297.0
68308.0
68311.0
68314.0
68317.0
68318.0
68319.0
68320.0
68321.0
68321.0
68321.0
68321.0
68321.0
68321.0
68321.0
68321.0
68321.0
68321.0
68321.0
68321.0
68321.0
68321.0
68321.0
19764.0
32556.0
40863.0
46804.0
51999.0
56082.0
59319.0
61730.0
63340.0
64476.0
65177.0
65606.0
65876.0
66052.0
66178.0
66274.0
66322.0
66342.0
66361.0
66376.0
66387.0
66393.0
66395.0
66397.0
66397.0
66397.0
66397.0
66397.0
66397.0
66397.0
66397.0
66397.0
66397.0
66397.0
66397.0
66397.0
66397.0
66397.0
66397.0
66397.0
19778.0
32955.0
41538.0
47696.0
52994.0
57193.0
60353.0
62731.0
64410.0
65536.0
66268.0
66717.0
66979.0
67136.0
67246.0
67326.0
67366.0
67385.0
67401.0
67414.0
67424.0
67431.0
67434.0
67437.0
67438.0
67438.0
67438.0
67438.0
67438.0
67438.0
67438.0
67438.0
67438.0
67438.0
67438.0
67438.0
67438.0
67438.0
67438.0
67438.0
19845.0
33272.0
41946.0
48086.0
53372.0
57513.0
60680.0
62950.0
64591.0
65611.0
66272.0
66734.0
66987.0
67118.0
67201.0
67248.0
67271.0
67284.0
67292.0
67294.0
67295.0
67296.0
67296.0
67296.0
67296.0
67296.0
67296.0
67296.0
67296.0
67296.0
67296.0
67296.0
67296.0
67296.0
67296.0
67296.0
67296.0
67296.0
67296.0
67296.0
19975.0
33353.0
42153.0
48479.0
53895.0
58152.0
61385.0
63835.0
65463.0
66523.0
67180.0
67577.0
67833.0
67978.0
68054.0
68105.0
68128.0
68143.0
68153.0
68159.0
68164.0
68167.0
68168.0
68169.0
68170.0
68171.0
68171.0
68171.0
68171.0
68171.0
68171.0
68171.0
68171.0
68171.0
68171.0
68171.0
68171.0
68171.0
68171.0
68171.0
19676.0
32922.0
41543.0
47495.0
52529.0
56585.0
59716.0
61934.0
63462.0
64465.0
65130.0
65595.0
65906.0
66069.0
66168.0
66219.0
66251.0
66270.0
66280.0
66283.0
66284.0
66284.0
66284.0
66284.0
66284.0
66284.0
66284.0
66284.0
66284.0
66284.0
66284.0
66284.0
66284.0
66284.0
66284.0
66284.0
66284.0
66284.0
66284.0
66284.0
20123.0
33460.0
42253.0
48593.0
53914.0
58125.0
61277.0
63591.0
65080.0
66049.0
66681.0
67074.0
67308.0
67451.0
67527.0
67574.0
67605.0
67629.0
67645.0
67653.0
67659.0
67663.0
67664.0
67665.0
67666.0
67666.0
67666.0
67666.0
67666.0
67666.0
67666.0
67666.0
67666.0
67666.0
67666.0
67666.0
67666.0
67666.0
67666.0
67666.0
19950.0
33340.0
42259.0
48753.0
54184.0
58526.0
61896.0
64286.0
65925.0
67007.0
67725.0
68158.0
68421.0
68627.0
68750.0
68843.0
68899.0
68933.0
68966.0
68988.0
69005.0
69013.0
69019.0
69023.0
69025.0
69026.0
69027.0
69028.0
69029.0
69030.0
69030.0
69030.0
69030.0
69030.0
69030.0
69030.0
69030.0
69030.0
69030.0
69030.0
19603.0
32756.0
41250.0
47361.0
52700.0
56942.0
60242.0
62612.0
64288.0
65472.0
66275.0
66749.0
67025.0
67218.0
67347.0
67425.0
67456.0
67474.0
67493.0
67500.0
67503.0
67505.0
67506.0
67506.0
67506.0
67506.0
67506.0
67506.0
67506.0
67506.0
67506.0
67506.0
67506.0
67506.0
67506.0
67506.0
67506.0
67506.0
67506.0
67506.0
20117.0
33533.0
42108.0
48243.0
53392.0
57391.0
60466.0
62669.0
64079.0
65011.0
65593.0
65946.0
66157.0
66264.0
66338.0
66394.0
66416.0
66428.0
66435.0
66441.0
66444.0
66447.0
66447.0
66447.0
66447.0
66447.0
66447.0
66447.0
66447.0
66447.0
66447.0
66447.0
66447.0
66447.0
66447.0
66447.0
66447.0
66447.0
66447.0
66447.0
20142.0
33723.0
42442.0
48622.0
53677.0
57825.0
60945.0
63101.0
64503.0
65401.0
65950.0
66255.0
66472.0
66613.0
66674.0
66700.0
66714.0
66720.0
66725.0
66727.0
66727.0
66727.0
66727.0
66727.0
66727.0
66727.0
66727.0
66727.0
66727.0
66727.0
66727.0
66727.0
66727.0
66727.0
66727.0
66727.0
66727.0
66727.0
66727.0
66727.0
20220.0
33487.0
42020.0
47972.0
52986.0
56918.0
59735.0
61751.0
63041.0
63868.0
64364.0
64625.0
64781.0
64860.0
64904.0
64934.0
64961.0
64976.0
64983.0
64985.0
64986.0
64987.0
64987.0
64987.0
64987.0
64987.0
64987.0
64987.0
64987.0
64987.0
64987.0
64987.0
64987.0
64987.0
64987.0
64987.0
64987.0
64987.0
64987.0
64987.0
20157.0
33658.0
42286.0
48312.0
53469.0
57517.0
60567.0
62816.0
64344.0
65348.0
65997.0
66385.0
66620.0
66756.0
66839.0
66887.0
66909.0
66916.0
66921.0
66924.0
66927.0
66929.0
66930.0
66930.0
66930.0
66930.0
66930.0
66930.0
66930.0
66930.0
66930.0
66930.0
66930.0
66930.0
66930.0
66930.0
66930.0
66930.0
66930.0
66930.0
19922.0
33258.0
41803.0
47861.0
53161.0
57401.0
60773.0
63142.0
64784.0
65847.0
66549.0
66976.0
67243.0
67407.0
67514.0
67563.0
67597.0
67617.0
67637.0
67644.0
67648.0
67651.0
67651.0
67651.0
67651.0
67651.0
67651.0
67651.0
67651.0
67651.0
67651.0
67651.0
67651.0
67651.0
67651.0
67651.0
67651.0
67651.0
67651.0
67651.0
19849.0
33019.0
41652.0
47710.0
52935.0
57104.0
60321.0
62760.0
64424.0
65556.0
66263.0
66730.0
67052.0
67249.0
67381.0
67463.0
67499.0
67518.0
67532.0
67540.0
67546.0
67548.0
67549.0
67550.0
67551.0
67551.0
67551.0
67551.0
67551.0
67551.0
67551.0
67551.0
67551.0
67551.0
67551.0
67551.0
67551.0
67551.0
67551.0
67551.0
19980.0
33335.0
42094.0
48471.0
53746.0
57949.0
61146.0
63363.0
64869.0
65870.0
66531.0
66890.0
67114.0
67241.0
67318.0
67354.0
67374.0
67387.0
67395.0
67398.0
67398.0
67398.0
67398.0
67398.0
67398.0
67398.0
67398.0
67398.0
67398.0
67398.0
67398.0
67398.0
67398.0
67398.0
67398.0
67398.0
67398.0
67398.0
67398.0
67398.0
19805.0
32846.0
41480.0
47729.0
53073.0
57270.0
60436.0
62800.0
64380.0
65449.0
66145.0
66582.0
66849.0
67019.0
67120.0
67184.0
67223.0
67248.0
67256.0
67261.0
67265.0
67267.0
67268.0
67269.0
67269.0
67269.0
67269.0
67269.0
67269.0
67269.0
67269.0
67269.0
67269.0
67269.0
67269.0
67269.0
67269.0
67269.0
67269.0
67269.0
19907.0
33231.0
42000.0
48230.0
53306.0
57204.0
60224.0
62302.0
63688.0
64565.0
65114.0
65468.0
65630.0
65723.0
65771.0
65800.0
65814.0
65824.0
65831.0
65835.0
65837.0
65837.0
65837.0
65837.0
65837.0
65837.0
65837.0
65837.0
65837.0
65837.0
65837.0
65837.0
65837.0
65837.0
65837.0
65837.0
65837.0
65837.0
65837.0
65837.0
19888.0
33011.0
41724.0
48080.0
53399.0
57674.0
60896.0
63247.0
64732.0
65727.0
66406.0
66880.0
67160.0
67348.0
67486.0
67547.0
67594.0
67617.0
67627.0
67632.0
67633.0
67633.0
67633.0
67633.0
67633.0
67633.0
67633.0
67633.0
67633.0
67633.0
67633.0
67633.0
67633.0
67633.0
67633.0
67633.0
67633.0
67633.0
67633.0
67633.0
19886.0
32820.0
41123.0
47084.0
52201.0
56204.0
59272.0
61380.0
62809.0
63815.0
64432.0
64776.0
64996.0
65097.0
65155.0
65186.0
65204.0
65217.0
65227.0
65232.0
65236.0
65239.0
65241.0
65241.0
65241.0
65241.0
65241.0
65241.0
65241.0
65241.0
65241.0
65241.0
65241.0
65241.0
65241.0
65241.0
65241.0
65241.0
65241.0
65241.0
19942.0
33186.0
41974.0
48334.0
53682.0
57841.0
61069.0
63394.0
64928.0
66015.0
66729.0
67199.0
67471.0
67689.0
67781.0
67853.0
67900.0
67930.0
67946.0
67949.0
67951.0
67951.0
67951.0
67951.0
67951.0
67951.0
67951.0
67951.0
67951.0
67951.0
67951.0
67951.0
67951.0
67951.0
67951.0
67951.0
67951.0
67951.0
67951.0
67951.0
19956.0
33409.0
42250.0
48515.0
53766.0
57924.0
61064.0
63227.0
64836.0
65824.0
66461.0
66885.0
67152.0
67324.0
67418.0
67468.0
67520.0
67553.0
67571.0
67583.0
67584.0
67584.0
67584.0
67584.0
67584.0
67584.0
67584.0
67584.0
67584.0
67584.0
67584.0
67584.0
67584.0
67584.0
67584.0
67584.0
67584.0
67584.0
67584.0
67584.0
19681.0
32998.0
41568.0
47752.0
53031.0
57248.0
60502.0
62910.0
64552.0
65595.0
66227.0
66648.0
66923.0
67105.0
67200.0
67277.0
67316.0
67337.0
67346.0
67351.0
67353.0
67354.0
67354.0
67354.0
67354.0
67354.0
67354.0
67354.0
67354.0
67354.0
67354.0
67354.0
67354.0
67354.0
67354.0
67354.0
67354.0
67354.0
67354.0
67354.0
20112.0
33606.0
42495.0
48754.0
54000.0
58271.0
61565.0
63928.0
65467.0
66603.0
67332.0
67754.0
68023.0
68171.0
68273.0
68320.0
68354.0
68372.0
68384.0
68389.0
68394.0
68397.0
68399.0
68400.0
68401.0
68401.0
68401.0
68401.0
68401.0
68401.0
68401.0
68401.0
68401.0
68401.0
68401.0
68401.0
68401.0
68401.0
68401.0
68401.0
19753.0
32624.0
41011.0
47045.0
52226.0
56376.0
59458.0
61702.0
63283.0
64281.0
64935.0
65304.0
65518.0
65657.0
65734.0
65770.0
65791.0
65805.0
65812.0
65815.0
65817.0
65818.0
65818.0
65818.0
65818.0
65818.0
65818.0
65818.0
65818.0
65818.0
65818.0
65818.0
65818.0
65818.0
65818.0
65818.0
65818.0
65818.0
65818.0
65818.0
19920.0
33201.0
42007.0
48382.0
53803.0
58226.0
61618.0
64083.0
65836.0
67040.0
67836.0
68376.0
68714.0
68946.0
69078.0
69158.0
69203.0
69226.0
69247.0
69252.0
69255.0
69257.0
69258.0
69258.0
69258.0
69258.0
69258.0
69258.0
69258.0
69258.0
69258.0
69258.0
69258.0
69258.0
69258.0
69258.0
69258.0
69258.0
69258.0
69258.0
19839.0
33209.0
41947.0
48263.0
53521.0
57735.0
60857.0
63180.0
64748.0
65780.0
66430.0
66819.0
67046.0
67174.0
67252.0
67293.0
67312.0
67322.0
67328.0
67331.0
67333.0
67333.0
67333.0
67333.0
67333.0
67333.0
67333.0
67333.0
67333.0
67333.0
67333.0
67333.0
67333.0
67333.0
67333.0
67333.0
67333.0
67333.0
67333.0
67333.0
19805.0
33177.0
41941.0
48136.0
53380.0
57656.0
60858.0
63187.0
64655.0
65670.0
66335.0
66737.0
66984.0
67147.0
67237.0
67294.0
67327.0
67346.0
67360.0
67368.0
67373.0
67376.0
67378.0
67379.0
67380.0
67380.0
67380.0
67380.0
67380.0
67380.0
67380.0
67380.0
67380.0
67380.0
67380.0
67380.0
67380.0
67380.0
67380.0
67380.0
19906.0
33141.0
41850.0
48147.0
53359.0
57530.0
60773.0
63092.0
64754.0
65896.0
66666.0
67143.0
67466.0
67666.0
67797.0
67860.0
67899.0
67921.0
67936.0
67945.0
67950.0
67955.0
67958.0
67960.0
67960.0
67960.0
67960.0
67960.0
67960.0
67960.0
67960.0
67960.0
67960.0
67960.0
67960.0
67960.0
67960.0
67960.0
67960.0
67960.0
19904.0
33159.0
42199.0
48702.0
54410.0
59013.0
62560.0
65197.0
66999.0
68222.0
69014.0
69522.0
69856.0
70088.0
70217.0
70306.0
70358.0
70401.0
70428.0
70452.0
70459.0
70462.0
70463.0
70464.0
70464.0
70464.0
70464.0
70464.0
70464.0
70464.0
70464.0
70464.0
70464.0
70464.0
70464.0
70464.0
70464.0
70464.0
70464.0
70464.0
19691.0
33045.0
41808.0
48290.0
53927.0
58385.0
61852.0
64381.0
66210.0
67452.0
68255.0
68835.0
69196.0
69448.0
69589.0
69670.0
69723.0
69752.0
69768.0
69776.0
69779.0
69780.0
69781.0
69782.0
69783.0
69784.0
69784.0
69784.0
69784.0
69784.0
69784.0
69784.0
69784.0
69784.0
69784.0
69784.0
69784.0
69784.0
69784.0
69784.0
19826.0
32868.0
41468.0
47664.0
53053.0
57312.0
60857.0
63342.0
65079.0
66213.0
66967.0
67441.0
67739.0
67931.0
68027.0
68092.0
68116.0
68130.0
68139.0
68141.0
68142.0
68142.0
68142.0
68142.0
68142.0
68142.0
68142.0
68142.0
68142.0
68142.0
68142.0
68142.0
68142.0
68142.0
68142.0
68142.0
68142.0
68142.0
68142.0
68142.0
19877.0
33207.0
41765.0
47811.0
53138.0
57416.0
60766.0
63209.0
64911.0
65923.0
66611.0
67028.0
67277.0
67403.0
67476.0
67513.0
67537.0
67547.0
67553.0
67555.0
67556.0
67557.0
67558.0
67559.0
67559.0
67559.0
67559.0
67559.0
67559.0
67559.0
67559.0
67559.0
67559.0
67559.0
67559.0
67559.0
67559.0
67559.0
67559.0
67559.0
20048.0
33465.0
42200.0
48518.0
54012.0
58458.0
61821.0
64363.0
66157.0
67271.0
68042.0
68481.0
68806.0
68966.0
69099.0
69176.0
69211.0
69237.0
69257.0
69265.0
69271.0
69273.0
69275.0
69276.0
69277.0
69278.0
69279.0
69280.0
69280.0
69280.0
69280.0
69280.0
69280.0
69280.0
69280.0
69280.0
69280.0
69280.0
69280.0
69280.0
19807.0
33154.0
41753.0
47954.0
53445.0
57759.0
61102.0
63490.0
65154.0
66315.0
67060.0
67492.0
67731.0
67885.0
67968.0
68027.0
68055.0
68079.0
68103.0
68111.0
68117.0
68121.0
68123.0
68123.0
68123.0
68123.0
68123.0
68123.0
68123.0
68123.0
68123.0
68123.0
68123.0
68123.0
68123.0
68123.0
68123.0
68123.0
68123.0
68123.0
19889.0
33296.0
42036.0
48260.0
53616.0
57691.0
60848.0
63120.0
64752.0
65769.0
66390.0
66794.0
67061.0
67216.0
67330.0
67385.0
67415.0
67434.0
67445.0
67450.0
67452.0
67452.0
67452.0
67452.0
67452.0
67452.0
67452.0
67452.0
67452.0
67452.0
67452.0
67452.0
67452.0
67452.0
67452.0
67452.0
67452.0
67452.0
67452.0
67452.0
20180.0
33650.0
42520.0
48915.0
54225.0
58391.0
61545.0
63806.0
65384.0
66407.0
67081.0
67516.0
67778.0
67931.0
68030.0
68097.0
68124.0
68141.0
68153.0
68157.0
68161.0
68162.0
68162.0
68162.0
68162.0
68162.0
68162.0
68162.0
68162.0
68162.0
68162.0
68162.0
68162.0
68162.0
68162.0
68162.0
68162.0
68162.0
68162.0
68162.0
19927.0
33019.0
41629.0
47673.0
52795.0
56785.0
59715.0
61699.0
63096.0
63960.0
64492.0
64817.0
64990.0
65086.0
65147.0
65173.0
65184.0
65188.0
65191.0
65192.0
65193.0
65193.0
65193.0
65193.0
65193.0
65193.0
65193.0
65193.0
65193.0
65193.0
65193.0
65193.0
65193.0
65193.0
65193.0
65193.0
65193.0
65193.0
65193.0
65193.0
19769.0
32756.0
41195.0
47160.0
52396.0
56681.0
60012.0
62543.0
64313.0
65493.0
66325.0
66864.0
67254.0
67499.0
67669.0
67766.0
67842.0
67884.0
67922.0
67936.0
67946.0
67951.0
67954.0
67956.0
67958.0
67959.0
67959.0
67959.0
67959.0
67959.0
67959.0
67959.0
67959.0
67959.0
67959.0
67959.0
67959.0
67959.0
67959.0
67959.0
20020.0
33189.0
41675.0
47678.0
52888.0
56843.0
59961.0
62155.0
63725.0
64854.0
65654.0
66175.0
66471.0
66676.0
66831.0
66930.0
66980.0
67011.0
67029.0
67042.0
67050.0
67054.0
67057.0
67059.0
67060.0
67061.0
67061.0
67061.0
67061.0
67061.0
67061.0
67061.0
67061.0
67061.0
67061.0
67061.0
67061.0
67061.0
67061.0
67061.0
19947.0
33354.0
42138.0
48423.0
53728.0
57926.0
61239.0
63566.0
65211.0
66270.0
66964.0
67329.0
67552.0
67674.0
67739.0
67777.0
67794.0
67802.0
67805.0
67806.0
67806.0
67806.0
67806.0
67806.0
67806.0
67806.0
67806.0
67806.0
67806.0
67806.0
67806.0
67806.0
67806.0
67806.0
67806.0
67806.0
67806.0
67806.0
67806.0
67806.0
19925.0
33249.0
41912.0
48117.0
53249.0
57285.0
60451.0
62675.0
64141.0
65123.0
65718.0
66102.0
66346.0
66478.0
66581.0
66645.0
66670.0
66681.0
66689.0
66692.0
66694.0
66696.0
66697.0
66698.0
66699.0
66700.0
66700.0
66700.0
66700.0
66700.0
66700.0
66700.0
66700.0
66700.0
66700.0
66700.0
66700.0
66700.0
66700.0
66700.0
19912.0
33220.0
42060.0
48333.0
53645.0
57892.0
61171.0
63415.0
64900.0
65862.0
66458.0
66821.0
67048.0
67164.0
67240.0
67275.0
67289.0
67299.0
67301.0
67303.0
67305.0
67305.0
67305.0
67305.0
67305.0
67305.0
67305.0
67305.0
67305.0
67305.0
67305.0
67305.0
67305.0
67305.0
67305.0
67305.0
67305.0
67305.0
67305.0
67305.0
19839.0
33229.0
41835.0
48169.0
53627.0
57909.0
61254.0
63704.0
65439.0
66640.0
67432.0
67901.0
68245.0
68427.0
68542.0
68614.0
68660.0
68683.0
68697.0
68708.0
68717.0
68724.0
68726.0
68727.0
68728.0
68728.0
68728.0
68728.0
68728.0
68728.0
68728.0
68728.0
68728.0
68728.0
68728.0
68728.0
68728.0
68728.0
68728.0
68728.0
19808.0
32952.0
41337.0
47213.0
52212.0
56240.0
59127.0
61372.0
62893.0
63965.0
64575.0
64954.0
65214.0
65392.0
65508.0
65580.0
65618.0
65650.0
65669.0
65690.0
65694.0
65696.0
65696.0
65696.0
65696.0
65696.0
65696.0
65696.0
65696.0
65696.0
65696.0
65696.0
65696.0
65696.0
65696.0
65696.0
65696.0
65696.0
65696.0
65696.0
19730.0
32959.0
41563.0
47642.0
52691.0
56715.0
59661.0
61677.0
62974.0
63799.0
64321.0
64661.0
64860.0
64968.0
65027.0
65061.0
65074.0
65078.0
65080.0
65082.0
65083.0
65083.0
65083.0
65083.0
65083.0
65083.0
65083.0
65083.0
65083.0
65083.0
65083.0
65083.0
65083.0
65083.0
65083.0
65083.0
65083.0
65083.0
65083.0
65083.0
19891.0
33010.0
41232.0
47191.0
52106.0
55929.0
58724.0
60643.0
62018.0
62870.0
63427.0
63708.0
63871.0
63978.0
64020.0
64048.0
64068.0
64079.0
64085.0
64090.0
64091.0
64091.0
64091.0
64091.0
64091.0
64091.0
64091.0
64091.0
64091.0
64091.0
64091.0
64091.0
64091.0
64091.0
64091.0
64091.0
64091.0
64091.0
64091.0
64091.0
19984.0
33273.0
41923.0
48293.0
53780.0
58244.0
61602.0
64206.0
65999.0
67267.0
68111.0
68712.0
69120.0
69360.0
69533.0
69626.0
69693.0
69738.0
69769.0
69798.0
69809.0
69814.0
69817.0
69819.0
69820.0
69821.0
69822.0
69823.0
69823.0
69823.0
69823.0
69823.0
69823.0
69823.0
69823.0
69823.0
69823.0
69823.0
69823.0
69823.0
20028.0
33422.0
42294.0
48797.0
54289.0
58673.0
62000.0
64415.0
66133.0
67238.0
67948.0
68359.0
68620.0
68743.0
68836.0
68891.0
68924.0
68940.0
68951.0
68961.0
68970.0
68979.0
68984.0
68987.0
68989.0
68991.0
68992.0
68993.0
68993.0
68993.0
68993.0
68993.0
68993.0
68993.0
68993.0
68993.0
68993.0
68993.0
68993.0
68993.0
19877.0
33270.0
41877.0
47965.0
53400.0
57766.0
61222.0
63620.0
65412.0
66566.0
67317.0
67786.0
68098.0
68315.0
68431.0
68506.0
68546.0
68570.0
68589.0
68600.0
68605.0
68608.0
68610.0
68611.0
68611.0
68611.0
68611.0
68611.0
68611.0
68611.0
68611.0
68611.0
68611.0
68611.0
68611.0
68611.0
68611.0
68611.0
68611.0
68611.0
19857.0
33200.0
42032.0
48392.0
53929.0
58208.0
61501.0
63954.0
65627.0
66761.0
67540.0
68052.0
68370.0
68567.0
68683.0
68763.0
68813.0
68840.0
68860.0
68875.0
68883.0
68888.0
68891.0
68892.0
68893.0
68893.0
68893.0
68893.0
68893.0
68893.0
68893.0
68893.0
68893.0
68893.0
68893.0
68893.0
68893.0
68893.0
68893.0
68893.0
19684.0
33044.0
41703.0
47708.0
52878.0
56940.0
60113.0
62343.0
63810.0
64829.0
65517.0
65928.0
66159.0
66325.0
66438.0
66492.0
66510.0
66521.0
66530.0
66536.0
66538.0
66540.0
66541.0
66541.0
66541.0
66541.0
66541.0
66541.0
66541.0
66541.0
66541.0
66541.0
66541.0
66541.0
66541.0
66541.0
66541.0
66541.0
66541.0
66541.0
19964.0
33271.0
41984.0
48274.0
53602.0
57788.0
60908.0
63039.0
64471.0
65463.0
66093.0
66488.0
66742.0
66895.0
66978.0
67031.0
67064.0
67084.0
67092.0
67098.0
67103.0
67107.0
67109.0
67111.0
67111.0
67111.0
67111.0
67111.0
67111.0
67111.0
67111.0
67111.0
67111.0
67111.0
67111.0
67111.0
67111.0
67111.0
67111.0
67111.0
19600.0
32669.0
41031.0
47054.0
52332.0
56585.0
59840.0
62221.0
63908.0
65029.0
65832.0
66392.0
66703.0
66881.0
66989.0
67054.0
67103.0
67129.0
67140.0
67142.0
67143.0
67143.0
67143.0
67143.0
67143.0
67143.0
67143.0
67143.0
67143.0
67143.0
67143.0
67143.0
67143.0
67143.0
67143.0
67143.0
67143.0
67143.0
67143.0
67143.0
19994.0
33429.0
42187.0
48457.0
53903.0
58112.0
61257.0
63560.0
65124.0
66137.0
66805.0
67190.0
67424.0
67589.0
67692.0
67758.0
67825.0
67853.0
67865.0
67869.0
67879.0
67881.0
67883.0
67884.0
67884.0
67884.0
67884.0
67884.0
67884.0
67884.0
67884.0
67884.0
67884.0
67884.0
67884.0
67884.0
67884.0
67884.0
67884.0
67884.0
19664.0
32824.0
41211.0
47232.0
52252.0
56146.0
58994.0
61081.0
62519.0
63511.0
64128.0
64465.0
64646.0
64765.0
64823.0
64856.0
64873.0
64879.0
64883.0
64885.0
64887.0
64887.0
64887.0
64887.0
64887.0
64887.0
64887.0
64887.0
64887.0
64887.0
64887.0
64887.0
64887.0
64887.0
64887.0
64887.0
64887.0
64887.0
64887.0
64887.0
20351.0
34066.0
43014.0
49353.0
54703.0
58847.0
61891.0
64076.0
65510.0
66453.0
67043.0
67398.0
67605.0
67722.0
67783.0
67811.0
67828.0
67837.0
67844.0
67846.0
67847.0
67847.0
67847.0
67847.0
67847.0
67847.0
67847.0
67847.0
67847.0
67847.0
67847.0
67847.0
67847.0
67847.0
67847.0
67847.0
67847.0
67847.0
67847.0
67847.0
20186.0
33698.0
42635.0
49218.0
54610.0
58966.0
62412.0
64797.0
66508.0
67710.0
68492.0
68976.0
69280.0
69453.0
69544.0
69595.0
69623.0
69636.0
69643.0
69648.0
69649.0
69649.0
69649.0
69649.0
69649.0
69649.0
69649.0
69649.0
69649.0
69649.0
69649.0
69649.0
69649.0
69649.0
69649.0
69649.0
69649.0
69649.0
69649.0
69649.0
19783.0
33016.0
41493.0
47481.0
52568.0
56614.0
59668.0
61804.0
63266.0
64212.0
64839.0
65216.0
65440.0
65602.0
65703.0
65753.0
65778.0
65791.0
65796.0
65799.0
65801.0
65803.0
65804.0
65804.0
65804.0
65804.0
65804.0
65804.0
65804.0
65804.0
65804.0
65804.0
65804.0
65804.0
65804.0
65804.0
65804.0
65804.0
65804.0
65804.0
19839.0
33238.0
41812.0
47811.0
52801.0
56767.0
59730.0
61861.0
63245.0
64154.0
64734.0
65101.0
65348.0
65502.0
65602.0
65684.0
65735.0
65776.0
65795.0
65812.0
65815.0
65817.0
65818.0
65818.0
65818.0
65818.0
65818.0
65818.0
65818.0
65818.0
65818.0
65818.0
65818.0
65818.0
65818.0
65818.0
65818.0
65818.0
65818.0
65818.0
19812.0
32984.0
41394.0
47379.0
52482.0
56536.0
59552.0
61690.0
63234.0
64188.0
64833.0
65240.0
65461.0
65635.0
65704.0
65747.0
65770.0
65785.0
65796.0
65801.0
65803.0
65803.0
65803.0
65803.0
65803.0
65803.0
65803.0
65803.0
65803.0
65803.0
65803.0
65803.0
65803.0
65803.0
65803.0
65803.0
65803.0
65803.0
65803.0
65803.0
19768.0
33152.0
41836.0
47832.0
52965.0
56891.0
59854.0
62020.0
63360.0
64216.0
64763.0
65083.0
65292.0
65401.0
65473.0
65496.0
65513.0
65528.0
65533.0
65534.0
65534.0
65534.0
65534.0
65534.0
65534.0
65534.0
65534.0
65534.0
65534.0
65534.0
65534.0
65534.0
65534.0
65534.0
65534.0
65534.0
65534.0
65534.0
65534.0
65534.0
19712.0
32866.0
41381.0
47397.0
52611.0
56699.0
59860.0
62059.0
63598.0
64691.0
65392.0
65888.0
66162.0
66312.0
66383.0
66418.0
66449.0
66466.0
66488.0
66496.0
66501.0
66505.0
66506.0
66506.0
66506.0
66506.0
66506.0
66506.0
66506.0
66506.0
66506.0
66506.0
66506.0
66506.0
66506.0
66506.0
66506.0
66506.0
66506.0
66506.0
19847.0
32992.0
41521.0
47696.0
53042.0
57407.0
60816.0
63319.0
65072.0
66258.0
67086.0
67613.0
67979.0
68167.0
68334.0
68433.0
68490.0
68523.0
68541.0
68551.0
68557.0
68563.0
68566.0
68569.0
68571.0
68572.0
68572.0
68572.0
68572.0
68572.0
68572.0
68572.0
68572.0
68572.0
68572.0
68572.0
68572.0
68572.0
68572.0
68572.0
19943.0
33320.0
42031.0
48404.0
53874.0
58277.0
61593.0
64069.0
65835.0
67035.0
67760.0
68223.0
68514.0
68692.0
68786.0
68842.0
68886.0
68906.0
68921.0
68931.0
68935.0
68937.0
68938.0
68938.0
68938.0
68938.0
68938.0
68938.0
68938.0
68938.0
68938.0
68938.0
68938.0
68938.0
68938.0
68938.0
68938.0
68938.0
68938.0
68938.0
19917.0
33285.0
42171.0
48568.0
54095.0
58470.0
61855.0
64259.0
66017.0
67255.0
68052.0
68543.0
68857.0
69033.0
69158.0
69249.0
69280.0
69298.0
69310.0
69317.0
69323.0
69327.0
69329.0
69330.0
69331.0
69331.0
69331.0
69331.0
69331.0
69331.0
69331.0
69331.0
69331.0
69331.0
69331.0
69331.0
69331.0
69331.0
69331.0
69331.0
19794.0
32891.0
41411.0
47575.0
52842.0
57061.0
60271.0
62637.0
64298.0
65416.0
66164.0
66713.0
67052.0
67288.0
67438.0
67551.0
67626.0
67670.0
67700.0
67716.0
67724.0
67729.0
67731.0
67733.0
67733.0
67733.0
67733.0
67733.0
67733.0
67733.0
67733.0
67733.0
67733.0
67733.0
67733.0
67733.0
67733.0
67733.0
67733.0
67733.0
19819.0
33316.0
42052.0
48238.0
53482.0
57698.0
60928.0
63248.0
64877.0
65909.0
66594.0
67022.0
67302.0
67455.0
67547.0
67606.0
67635.0
67655.0
67669.0
67677.0
67680.0
67683.0
67684.0
67685.0
67686.0
67686.0
67686.0
67686.0
67686.0
67686.0
67686.0
67686.0
67686.0
67686.0
67686.0
67686.0
67686.0
67686.0
67686.0
67686.0
19596.0
32909.0
41701.0
47966.0
53203.0
57443.0
60532.0
62833.0
64467.0
65547.0
66265.0
66670.0
66927.0
67091.0
67199.0
67269.0
67315.0
67337.0
67351.0
67363.0
67370.0
67374.0
67377.0
67377.0
67377.0
67377.0
67377.0
67377.0
67377.0
67377.0
67377.0
67377.0
67377.0
67377.0
67377.0
67377.0
67377.0
67377.0
67377.0
67377.0
19948.0
33200.0
42094.0
48626.0
54209.0
58646.0
62173.0
64710.0
66567.0
67772.0
68581.0
69117.0
69454.0
69656.0
69793.0
69878.0
69928.0
69963.0
69980.0
69991.0
69998.0
70001.0
70004.0
70005.0
70005.0
70005.0
70005.0
70005.0
70005.0
70005.0
70005.0
70005.0
70005.0
70005.0
70005.0
70005.0
70005.0
70005.0
70005.0
70005.0
19453.0
32377.0
40853.0
47100.0
52456.0
56897.0
60412.0
62993.0
64807.0
66100.0
66973.0
67593.0
67979.0
68238.0
68406.0
68495.0
68579.0
68617.0
68648.0
68674.0
68684.0
68694.0
68698.0
68702.0
68705.0
68708.0
68710.0
68712.0
68714.0
68716.0
68718.0
68719.0
68720.0
68721.0
68721.0
68721.0
68721.0
68721.0
68721.0
68721.0
19935.0
33039.0
41577.0
47652.0
52740.0
56750.0
59841.0
61895.0
63363.0
64265.0
64814.0
65185.0
65407.0
65525.0
65593.0
65630.0
65644.0
65653.0
65658.0
65662.0
65664.0
65664.0
65664.0
65664.0
65664.0
65664.0
65664.0
65664.0
65664.0
65664.0
65664.0
65664.0
65664.0
65664.0
65664.0
65664.0
65664.0
65664.0
65664.0
65664.0
19801.0
32995.0
41546.0
47769.0
53045.0
57297.0
60616.0
63112.0
64894.0
66161.0
66944.0
67441.0
67731.0
67931.0
68029.0
68092.0
68125.0
68146.0
68156.0
68161.0
68162.0
68163.0
68163.0
68163.0
68163.0
68163.0
68163.0
68163.0
68163.0
68163.0
68163.0
68163.0
68163.0
68163.0
68163.0
68163.0
68163.0
68163.0
68163.0
68163.0
20074.0
33367.0
42291.0
48671.0
54040.0
58355.0
61511.0
63911.0
65499.0
66573.0
67265.0
67749.0
68009.0
68188.0
68279.0
68346.0
68381.0
68398.0
68408.0
68414.0
68419.0
68423.0
68427.0
68429.0
68430.0
68430.0
68430.0
68430.0
68430.0
68430.0
68430.0
68430.0
68430.0
68430.0
68430.0
68430.0
68430.0
68430.0
68430.0
68430.0
19738.0
33045.0
41908.0
48194.0
53577.0
57929.0
61405.0
63986.0
65710.0
66885.0
67642.0
68081.0
68354.0
68532.0
68625.0
68677.0
68713.0
68731.0
68751.0
68763.0
68765.0
68767.0
68769.0
68771.0
68771.0
68771.0
68771.0
68771.0
68771.0
68771.0
68771.0
68771.0
68771.0
68771.0
68771.0
68771.0
68771.0
68771.0
68771.0
68771.0
19774.0
32863.0
41510.0
47509.0
52532.0
56621.0
59819.0
62156.0
63852.0
65033.0
65833.0
66417.0
66775.0
66999.0
67159.0
67277.0
67365.0
67439.0
67484.0
67497.0
67511.0
67519.0
67523.0
67525.0
67525.0
67525.0
67525.0
67525.0
67525.0
67525.0
67525.0
67525.0
67525.0
67525.0
67525.0
67525.0
67525.0
67525.0
67525.0
67525.0
19930.0
33390.0
42233.0
48587.0
54131.0
58461.0
61898.0
64406.0
66062.0
67190.0
67929.0
68436.0
68771.0
68987.0
69107.0
69177.0
69229.0
69265.0
69282.0
69295.0
69302.0
69306.0
69309.0
69310.0
69311.0
69311.0
69311.0
69311.0
69311.0
69311.0
69311.0
69311.0
69311.0
69311.0
69311.0
69311.0
69311.0
69311.0
69311.0
69311.0
19879.0
33141.0
41921.0
48116.0
53483.0
57632.0
60810.0
63079.0
64643.0
65719.0
66431.0
66915.0
67206.0
67404.0
67538.0
67624.0
67678.0
67710.0
67742.0
67760.0
67766.0
67769.0
67771.0
67772.0
67772.0
67772.0
67772.0
67772.0
67772.0
67772.0
67772.0
67772.0
67772.0
67772.0
67772.0
67772.0
67772.0
67772.0
67772.0
67772.0
19927.0
33028.0
41502.0
47622.0
53043.0
57459.0
60892.0
63459.0
65284.0
66405.0
67147.0
67602.0
67862.0
68044.0
68173.0
68260.0
68311.0
68351.0
68383.0
68394.0
68399.0
68401.0
68402.0
68402.0
68402.0
68402.0
68402.0
68402.0
68402.0
68402.0
68402.0
68402.0
68402.0
68402.0
68402.0
68402.0
68402.0
68402.0
68402.0
68402.0
19801.0
33122.0
41733.0
47893.0
53136.0
57359.0
60600.0
62968.0
64720.0
65905.0
66758.0
67297.0
67661.0
67912.0
68081.0
68185.0
68234.0
68278.0
68318.0
68337.0
68346.0
68352.0
68357.0
68359.0
68360.0
68360.0
68360.0
68360.0
68360.0
68360.0
68360.0
68360.0
68360.0
68360.0
68360.0
68360.0
68360.0
68360.0
68360.0
68360.0
20016.0
33429.0
42198.0
48426.0
53785.0
58122.0
61421.0
63720.0
65400.0
66457.0
67182.0
67655.0
67929.0
68093.0
68161.0
68204.0
68235.0
68255.0
68268.0
68273.0
68277.0
68279.0
68280.0
68281.0
68282.0
68282.0
68282.0
68282.0
68282.0
68282.0
68282.0
68282.0
68282.0
68282.0
68282.0
68282.0
68282.0
68282.0
68282.0
68282.0
20084.0
33493.0
42120.0
48331.0
53714.0
57948.0
61097.0
63385.0
64932.0
65857.0
66455.0
66821.0
67033.0
67166.0
67243.0
67287.0
67315.0
67332.0
67340.0
67343.0
67345.0
67346.0
67346.0
67346.0
67346.0
67346.0
67346.0
67346.0
67346.0
67346.0
67346.0
67346.0
67346.0
67346.0
67346.0
67346.0
67346.0
67346.0
67346.0
67346.0
19800.0
33209.0
42010.0
48189.0
53444.0
57665.0
60958.0
63319.0
64980.0
66109.0
66823.0
67245.0
67548.0
67708.0
67823.0
67908.0
67954.0
67988.0
67999.0
68007.0
68011.0
68014.0
68017.0
68020.0
68023.0
68025.0
68026.0
68026.0
68026.0
68026.0
68026.0
68026.0
68026.0
68026.0
68026.0
68026.0
68026.0
68026.0
68026.0
68026.0
19809.0
33120.0
41870.0
48126.0
53485.0
57681.0
60995.0
63386.0
65125.0
66293.0
67011.0
67511.0
67817.0
68006.0
68105.0
68159.0
68193.0
68214.0
68226.0
68233.0
68237.0
68241.0
68243.0
68244.0
68244.0
68244.0
68244.0
68244.0
68244.0
68244.0
68244.0
68244.0
68244.0
68244.0
68244.0
68244.0
68244.0
68244.0
68244.0
68244.0
