112182884
202485912
256854852
294804398
322523752
342755470
356946026
366804666
373053552
376915266
379315754
380700334
381633628
382056240
382227684
382381806
382402292
382402292
382402292
382402292
111516528
201332834
254970730
290224246
315719354
333837748
346677534
355431466
361347976
364927880
366823928
367741016
368191172
368437112
368477718
368490876
368490876
368490876
368490876
368490876
111960972
201977438
255913638
292528614
318735098
337593164
350996218
359936224
365953610
369711224
371750830
373071004
373860764
374165498
374238442
374277972
374309458
374309458
374309458
374309458
111249502
200710818
254552668
291399884
318799734
338855862
353303328
363309438
370279238
374759584
377288400
378494204
379079660
379310790
379485110
379548178
379560042
379560042
379560042
379560042
112409822
202083438
256445146
293302612
319913216
338895132
352357040
361310632
367176400
370502966
372298008
373270574
373814190
374115222
374221260
374240264
374240264
374240264
374240264
374240264
112035170
201974688
256982736
295092190
323141646
343201310
357388144
367369716
374042058
378222630
380878118
382530398
383374248
383653708
383781878
383868400
383925314
383950686
383952358
383955050
111869104
201729748
255959866
293395828
320539054
340421492
354945054
364879380
371653846
376271008
378560058
379942998
380752278
381147314
381331314
381453440
381516124
381516124
381516124
381516124
112040808
200698020
254658182
291744996
318688036
337738680
351249770
360533498
366530474
370159800
372059234
373135554
373722324
373961642
374087502
374138872
374182686
374233878
374233878
374233878
111747308
201577112
256559208
294538550
322282342
342488216
356900192
366558480
372851186
376637322
378674854
379823282
380351238
380583254
380681724
380717998
380717998
380717998
380717998
380717998
112566888
202976224
259122814
297630908
325548846
345198012
359165460
368603594
374497524
377874962
379671844
380810552
381306506
381576964
381632120
381642540
381650776
381650776
381650776
381650776
112179778
202945246
258751180
297865730
326233644
346948458
361549692
371568444
378383924
382314598
384775124
386119138
386760096
387117698
387245728
387293174
387308484
387320312
387320312
387320312
112465950
202254972
255926862
292737404
319251736
338220868
351599702
360729140
366498086
369758184
371397826
372158962
372530124
372762794
372846820
372846820
372846820
372846820
372846820
372846820
112161648
199974390
252725120
289020266
315375120
334426570
348063462
357380426
363468956
367188620
369569704
370806092
371768772
372240650
372568550
372707960
372730838
372730838
372730838
372730838
112151040
200941834
253925938
289107062
314230044
332175760
344468258
352594216
357706532
360526310
362082508
362882818
363242700
363471304
363616880
363662814
363662814
363662814
363662814
363662814
113072576
202908826
257067024
294115300
320880414
339853254
352853902
361846258
367509798
371112404
373257694
374299758
374794022
375057276
375150460
375222774
375263890
375286926
375286926
375286926
111469858
201935674
256932854
294801466
322363176
342623916
357230688
367058000
373373214
377415058
379778772
380993526
381701472
381953264
382096674
382139888
382144980
382144980
382144980
382144980
112423428
203879410
259839482
298776574
327449362
347893646
362271216
372224040
378768574
383054010
385632788
386762902
387331994
387636220
387890582
388025674
388071464
388071464
388071464
388071464
112020782
203239786
258143040
296765796
325161166
346462770
361953374
372988768
380340276
385095586
387906218
389753084
390529954
390971358
391216976
391317988
391334870
391350960
391374402
391374402
111979880
201254802
254522192
291179640
317776118
337548180
351671132
361645366
368116686
371943382
374136776
375428646
376021694
376391802
376600064
376607918
376607918
376607918
376607918
376607918
111309388
200935998
254243358
290753844
317385260
336661510
349835892
358760526
364589706
367946250
370003110
371073508
371777854
372184112
372460154
372665630
372767930
372831334
372867754
372906148
112595384
201912416
255572398
292727788
319268286
338432076
351927264
361186194
367292616
370877240
372938986
374134064
374687338
375006796
375167112
375276504
375276504
375276504
375276504
375276504
111840098
201375382
255193852
292344340
319350622
338908094
352129754
361226288
366730994
369815316
371291012
372043052
372326832
372419066
372460126
372460126
372460126
372460126
372460126
372460126
112774040
201812592
256135686
293357648
320245060
339320952
352756148
361813542
367412910
370497088
372121102
372963876
373424864
373748512
373967294
374095594
374139102
374174310
374195488
374195488
111833782
201808944
255502164
291618766
317101046
335103656
347961310
356496448
361821726
365192466
367084786
368002986
368342076
368536860
368598796
368598796
368598796
368598796
368598796
368598796
112549838
202385600
255741874
291239508
316795492
334934142
347271110
355860820
361698602
365471640
367513516
368759306
369394768
369716800
369865684
369887000
369887000
369887000
369887000
369887000
112093508
201831930
256508458
293864266
321463646
340926718
354699762
364014772
370338604
374257416
376816216
378223074
378953022
379381976
379567502
379689560
379805820
379853378
379853378
379853378
111781222
201779974
256180416
292927060
319173432
337232050
349661478
357783848
362743954
365520208
366934914
367585222
367787204
367851226
367851226
367851226
367851226
367851226
367851226
367851226
111403618
201715944
255096780
290954142
316578562
334805530
347726080
356610284
362281160
365597072
367410556
368127346
368480620
368590220
368667530
368728074
368786286
368816018
368859142
368859142
111916492
202547738
255804992
292564218
319637296
339515068
353491816
363227006
369648318
373523240
375521920
376729282
377385762
377731966
377866132
378000520
378086252
378160584
378202276
378232142
111311866
201586544
255102808
291343924
317906710
336998646
350917756
360668806
367021140
371151368
373262792
374275072
374760822
375003810
375142674
375190986
375217698
375242356
375242356
375242356
112655024
203026276
257500722
294897014
322341060
341876050
355541880
364926156
370989080
374810844
377087306
378305916
378970838
379249114
379485920
379536696
379565974
379565974
379565974
379565974
112789478
202002182
256227236
293860888
321470188
342069444
356846674
367130710
373831420
378213820
380788032
382376166
383185994
383787380
384176146
384384022
384460802
384506332
384539756
384539756
111964948
201709652
255374510
292155482
318985076
338067508
351320866
360215146
365706526
369072346
370621832
371330612
371672158
371844948
371854616
371854616
371854616
371854616
371854616
371854616
111806802
201116580
254502812
290299522
315811738
334335858
347255070
355987668
361604746
365151152
367187864
368217618
368691598
368946422
369125922
369229640
369235294
369235294
369235294
369235294
112321944
199112890
249110872
281856484
304676832
320351628
330632368
337570812
341603232
343772498
345008846
345533854
345772606
345898824
345928444
345943666
345943666
345943666
345943666
345943666
112245334
202118080
254845624
290966684
316806458
335523124
348720846
357764272
363687960
367333386
369223610
370400394
370995398
371251608
371405460
371535670
371611018
371688648
371745584
371745584
111943174
201557394
255146070
292019840
318874410
338274728
351831660
361088260
366760842
370213100
372248536
373273056
373668412
373903916
374020222
374113442
374113442
374113442
374113442
374113442
112291872
202743334
257763452
296117562
324343266
344860856
359299616
369324048
375689080
379077116
380959812
382043758
382581502
382975406
383240088
383439068
383564492
383613860
383654232
383654232
112240174
201933350
256203250
293033250
319086978
337953776
350964018
359740098
365324738
368621588
370186876
370966240
371254010
371400422
371473872
371520820
371558834
371582946
371582946
371582946
111930640
202518574
257166894
295018568
322507598
342083680
356202278
365765174
372004074
375757840
377971982
379191480
379715988
380195042
380489664
380708334
380868608
380977944
381083044
381151402
110982286
201211824
255338670
291860778
318885310
338648734
352849752
362561976
368869044
372423354
374446808
375411228
375924646
376051878
376116854
376163042
376197242
376197242
376197242
376197242
112111410
202412868
257929148
296816890
325568302
346328600
360917464
371229962
378030036
382056534
384514384
385515954
385939704
386143932
386206908
386243062
386252334
386252334
386252334
386252334
112025616
202320062
256493748
293061078
319481256
338528470
352055788
361273830
367248884
370764100
372906594
374180892
374962516
375312530
375522454
375615276
375627900
375627900
375627900
375627900
112102140
203071600
257743282
296005614
324139110
344597754
359403186
369812438
376505100
380537230
382736338
383813830
384219890
384359338
384469688
384572110
384572110
384572110
384572110
384572110
112821632
202656922
255878862
292498470
318731834
337583972
350678874
359569236
365562528
369084810
371072830
372105908
372584956
372847712
372989508
373031076
373080512
373080512
373080512
373080512
111725898
201777520
255739664
292448116
319340124
338877892
352785296
362505764
369039754
372895796
375074060
376148800
376757714
377043330
377191746
377274536
377337872
377411124
377445186
377445186
112872490
202752048
257690758
295232514
322435974
341753068
355360198
364754944
371012688
374743360
376805622
377705770
378394718
378744330
378996208
379134128
379188206
379188206
379188206
379188206
112354134
200303046
251858478
286608700
312245860
330881506
344029430
353132862
358895514
362458896
364603700
365636140
366352710
366778286
367009422
367113092
367161038
367161038
367161038
367161038
111444262
202370924
257160452
294190452
321703034
341969246
356477050
366441516
373059782
377146670
379533706
380871068
381581414
381991004
382160806
382198092
382234940
382246420
382252546
382252546
111716934
201903420
255833526
291867882
317557528
335699138
348716028
357506134
363374564
366886582
368904402
369927858
370456896
370750388
370842872
370899890
370899890
370899890
370899890
370899890
112436250
201536382
254377730
289991146
315743226
334139060
347308744
356451642
362751184
366391416
368283300
369221096
369691208
369950504
370101002
370182048
370315882
370398146
370436254
370436254
112037490
202242984
257791644
296073414
324444708
345258668
360295710
370636380
377441506
381765762
384071138
385357808
385904664
386183884
386335882
386411296
386439322
386439322
386439322
386439322
110887368
200228224
253388878
288747300
314560746
333027706
346263188
355221106
360854990
364377686
366112000
367053422
367374968
367539536
367560866
367580608
367580608
367580608
367580608
367580608
111259220
199414194
252125178
287173802
311598642
328206254
339632146
346873866
351359736
353719504
354829034
355415902
355886326
356118314
356295656
356384340
356408316
356408316
356408316
356408316
112819242
201867694
254556442
290247492
316007570
334152402
346987488
355391970
361071648
364714152
366686782
367590250
367945602
368064444
368169226
368221586
368236038
368247732
368251888
368251888
111325866
201165254
255070498
291201074
317178422
336205870
349593962
359034244
364992580
368571546
370422020
371360342
371821154
372124014
372245354
372284996
372331604
372331604
372331604
372331604
112355694
201775346
254749228
291074912
317008610
335278738
347913482
356407562
361759160
364550488
365963192
366436682
366594466
366675948
366739672
366782220
366795672
366799514
366818058
366821720
112421024
202329392
257114260
295576778
323558570
343653988
358203420
368206878
374848416
378920448
381293572
382437660
383282416
383653904
383894582
383983868
383983868
383983868
383983868
383983868
111970904
201116888
254318592
290081294
314969702
332414394
344432324
352520230
357598310
360681094
362394454
363272768
363692006
363839816
363920362
363960640
363996796
364020974
364020974
364020974
113025216
202754032
258118684
296338408
323711956
343083842
356646986
365580746
371554626
375159532
377368378
378641420
379331450
379854500
379997954
380033326
380047848
380047848
380047848
380047848
112330630
202575946
258436538
298304520
327953382
349779138
365498552
376589018
384298918
388889678
391556030
392907348
393612844
394078654
394387918
394480626
394480626
394480626
394480626
394480626
112006026
203091850
258220922
297118988
326183714
347301636
362588984
373099430
380036312
384180674
386735476
388279032
389290206
389782624
389945848
390034946
390068584
390068584
390068584
390068584
112822514
202409588
255815770
291967348
318201684
336780682
349915370
358723370
364308270
367703186
369497190
370497750
370945770
371175178
371269688
371327332
371377210
371377210
371377210
371377210
112575466
201332670
254699386
291286318
318038134
337493628
351352684
360749852
366781420
370631310
372853098
374162356
374949054
375310126
375425976
375482866
375517158
375517158
375517158
375517158
111982394
201712078
254760484
291338170
317845962
337052148
350527944
359700644
366035572
369853088
371965300
372851536
373365064
373725138
373853074
373919788
373919788
373919788
373919788
373919788
112191774
200971018
254703022
291021236
317240232
336000106
348901654
357812274
363539228
367162702
369125762
370054038
370507598
370751486
370845412
370892648
370932270
370932270
370932270
370932270
111536528
201521560
257046242
295673804
323869614
344323222
358587260
368326538
374881566
378948446
381365442
382675642
383301718
383638162
383898884
383965734
384018182
384068708
384068740
384126078
112362990
201949776
254473744
289878874
315603370
333988216
347165910
356193968
362014538
365681216
367439480
368391556
368772610
368985978
369119184
369172862
369172862
369172862
369172862
369172862
112412600
202877880
255879030
291623602
317326132
335727978
348412762
357134946
362936402
366268528
368193448
369200774
369678066
369959340
370102026
370116832
370116832
370116832
370116832
370116832
112432848
202131762
257351558
295079056
322097352
341702388
355454546
364960490
371427730
375567610
378123804
379716384
380467716
380884708
381222080
381324244
381376470
381387278
381400390
381400390
111553004
202057054
255432498
291674454
317968146
337255628
351210122
360800148
366649942
370485532
372717420
373784158
374325492
374636192
374795756
374853412
374861880
374861880
374861880
374861880
111822074
201993394
255655118
293313322
320986966
340905652
355283536
365318660
371834616
375991636
378132040
379333546
379903332
380155894
380301914
380349594
380386000
380430536
380461954
380493500
112146886
201072090
254771284
291597758
318359206
337247200
350438380
359295050
364726594
368032160
369851152
370816582
371263364
371526850
371602932
371638422
371696560
371701388
371706118
371706118
112638822
203264408
256915772
293459058
319742002
338630918
351611144
360553804
366294014
369486926
371317362
372193000
372668114
372881094
372983448
373060878
373083996
373116450
373129522
373129522
111681326
200269128
253616726
290133594
316413620
335386322
348786652
357773362
363656506
367093240
368973642
370041758
370612320
370856114
371090072
371159244
371160896
371160896
371160896
371160896
112091922
200317248
253681146
290092862
316288028
335264822
348629698
357413030
363217466
366818098
368890092
370067658
370502276
370617350
370617350
370617350
370617350
370617350
370617350
370617350
112425620
203540732
259473562
298149066
326519274
347469162
362435752
372986182
379638942
383995726
386399680
387770994
388434090
388661890
388740516
388740516
388740516
388740516
388740516
388740516
112810814
202826166
256790342
294076842
321210638
340421002
353978178
363186880
369224970
372702546
374650150
375787750
376390550
376718670
376971518
377068302
377115922
377159488
377159488
377159488
111509624
202258548
256934180
293926930
320398822
339332888
352646806
361199682
366507624
369800750
371282804
372007150
372506100
372786992
372909570
372959664
372979194
373004470
373004470
373004470
111952060
203092822
258033502
295688084
323220892
343147108
357549096
367511932
374254858
378540852
381121834
382412910
383160906
383602030
383750542
383835780
383880212
383880212
383880212
383880212
111909390
202178016
257338874
295465764
323071112
343174752
357626246
367758054
374395176
378387996
380715702
381994054
382434086
382700918
382817110
382901164
382965144
382965144
382965144
382965144
111045156
201705458
257466556
295830480
324012082
345142290
359938378
370245268
377245368
381848966
384490026
385888714
386697864
387042570
387193720
387278082
387303396
387303396
387303396
387303396
112404930
201484616
256592732
294661802
322032872
341434294
355516430
364798166
371261238
375522490
378138792
379422896
380217930
380647096
380769570
380801508
380801508
380801508
380801508
380801508
111878618
202206078
256322280
293740942
320981986
340589626
354437050
363909628
369861620
373382298
375349710
376365412
377065934
377507694
377859394
378033658
378078254
378117440
378147090
378147090
111661088
201313900
255638496
293368052
321589734
342056622
356883392
367240932
374383398
379036544
381696002
383202254
384086534
384453018
384737670
384934840
385075526
385075526
385075526
385075526
111998180
201059990
254448562
291674690
319359966
339270612
353737894
363571490
370270258
374325546
376747102
377847590
378399134
378596594
378710936
378756420
378756420
378756420
378756420
378756420
111991104
202849232
257450202
295632138
323594460
344128018
359002178
369031730
376058836
380487124
383127006
384847482
385864270
386439714
386888674
387140690
387223818
387328146
387378738
387378738
112404606
202734838
257699686
296094554
323950674
344209632
358909924
369017590
375751198
379939542
382347692
383596508
384277638
384687384
384831098
384909230
384999052
385059494
385059494
385059494
112047536
201507464
254932172
291763236
318476034
337896618
351601706
361014788
367286930
371164444
373130160
374075288
374565856
374817412
375003088
375099516
375099516
375099516
375099516
375099516
112254192
202557826
256090336
293060816
319943120
339202374
352660404
361629940
367557476
371131266
373054674
373848414
374223326
374491770
374537160
374552612
374552932
374552932
374552932
374552932
111755514
201075730
255660170
293613626
320805180
340323526
354033662
363558060
369516546
372977436
374706692
375354594
375698478
375882196
376017026
376102824
376146740
376146740
376146740
376146740
111140152
201484198
255550830
292018962
318394754
337669820
351140200
360237068
366142372
369724412
371480490
372278302
372618254
372825118
372893192
372902522
372902522
372902522
372902522
372902522
113347794
204413542
260080320
298751358
326537228
346327538
359942924
369395294
374997324
378486764
380553726
381581312
382215728
382471910
382602086
382633828
382652676
382668936
382681828
382693012
112046256
201721124
255635910
292888950
320018692
339372182
352968788
362303220
368180458
371638086
373487562
374466380
375043294
375174252
375295750
375363382
375382370
375382370
375382370
375382370
112036782
202619802
256953926
294252238
321684378
341196306
355240440
364997254
371605926
375865418
378302464
379562548
380229830
380541188
380733930
380797622
380833432
380859804
380892420
380930112
111653754
201381480
255513290
291878152
318142704
336656208
349590722
358585314
364406350
368229510
370402798
371479812
372105738
372519906
372695790
372809230
372835820
372868478
372904470
372947960
111458432
201347966
256671914
294595258
322321190
342822606
357819108
368117230
374783376
379384628
381938194
383343440
383855388
384170022
384323484
384360884
384380274
384380274
384380274
384380274
111759468
203264398
258144246
295474224
322582920
342197832
356232704
366111608
372496704
376208850
378206794
379270062
379878926
380223616
380430030
380586180
380617430
380617430
380617430
380617430
111074828
200738918
254235614
290891834
317632830
336736628
350455994
359713016
365792684
369665154
371904998
373027840
373671122
374031166
374223238
374298878
374350242
374350242
374350242
374350242
112713836
202757846
256273390
292445212
318262256
336732738
349261230
357936804
363688952
367307262
369242680
370254054
370669050
370835464
370888998
370902972
370924318
370924318
370924318
370924318
111147818
201355072
255615094
292602244
320089770
340142208
354346962
364529206
371223272
375512326
377985208
379173100
379843874
380219980
380499538
380666138
380763950
380806710
380806710
380806710
113512712
203343574
256970088
293875350
320105166
339248216
352655862
361487716
367509732
371393886
373718820
374986304
375649260
376008924
376127372
376155336
376155336
376155336
376155336
376155336
111028520
200040942
253384626
289640870
316296598
336034730
350064416
359247328
365521002
369415548
371613250
372710958
373331868
373664192
373810546
373852884
373884274
373916148
373940524
373940524
111603564
200136036
252317998
287530850
312879006
330820104
343605230
352398932
358163268
361739050
363434754
364194704
364337368
364357016
364375472
364385766
364398798
364407028
364413588
364417670
112838092
203517212
258191106
296269624
324086522
344104542
358490380
368348412
374955368
379171526
381633366
382899312
383713758
384127986
384340960
384454086
384539328
384596338
384634700
384672138
111971958
201010282
254947230
291822652
318484706
337655388
351144048
360209082
366688964
370421650
372587266
373643050
374206716
374466586
374582552
374678122
374678122
374678122
374678122
374678122
111835350
202364662
257067128
294403092
321662414
341412392
355319356
365066762
371229134
374866986
376905418
377842060
378305450
378546710
378668136
378706908
378724302
378724302
378724302
378724302
112101490
201903606
256511102
293592720
320276044
339454132
353115794
362930412
369157010
373015432
375257428
376378358
376813718
377102896
377266058
377321458
377340740
377351808
377351808
377351808
111782592
201946054
255340072
291405044
317364080
336274106
349863880
359340114
365359190
369276180
371388108
372517948
373179568
373462100
373650986
373766122
373839654
373870070
373870070
373870070
111882596
201153808
254983172
291478984
317450904
336139332
349296738
358300744
364197244
367859812
369885150
370863036
371504900
371853794
371961374
372012588
372036572
372062622
372062622
372062622
111354224
200097284
253705408
290481772
316586470
335180534
347929074
356444486
362031798
365162792
366890296
367552278
367932540
368165326
368247844
368247876
368247876
368247876
368247876
368247876
113063836
203588022
258418468
295815032
322787878
342018108
355625398
364393268
370096140
373764196
375902826
377017376
377516070
377820886
377928464
377928464
377928464
377928464
377928464
377928464
111762008
202181994
256783822
294542958
322299052
342159210
356359248
365790018
372032878
375794826
378169366
379393808
379988926
380270408
380323254
380376360
380376360
380376360
380376360
380376360
111006624
200666826
255045344
292183736
319381236
339210140
353014430
362817984
369293742
373318098
375450490
376421908
376909086
377214574
377409464
377464606
377464606
377464606
377464606
377464606
111250018
202743362
257942664
295189868
322437478
342425230
356918906
366929382
373640588
377788584
380295846
381442894
382105110
382489182
382709936
382808826
382882056
382882056
382882056
382882056
112266550
201759386
254741884
290733414
316792142
335587624
348826482
358188904
364101714
367768188
369832656
370862898
371229780
371374530
371437828
371452996
371466370
371466370
371466370
371466370
112027378
201059946
255156760
292098830
318998302
338245104
351828500
361469014
367730276
371596552
373783252
374873960
375408340
375813332
375998762
376029554
376063724
376074478
376074478
376074478
111360684
203061896
258077366
297197832
326846230
349602726
366421622
378596968
386650594
391510226
394312652
395697788
396459474
396833148
396975220
397057194
397130540
397163458
397163458
397163458
111584550
202650020
258146042
296960556
326222934
347733256
363204158
374174048
381483126
386098960
388838816
390374794
391104302
391522620
391789688
391852776
391871332
391890950
391890950
391890950
111427524
201532290
255624112
292640982
319680674
339271332
353249668
362918608
369090114
372760458
374884806
375966902
376355942
376571636
376692274
376744370
376810178
376850948
376850948
376850948
112047214
201806530
257310536
295872488
324346292
344804126
359112068
369033344
375561172
379418434
381407244
382604676
383050380
383299592
383379652
383436426
383436426
383436426
383436426
383436426
112207396
201793992
257148684
295482436
323090208
343379884
358035324
368371922
375309214
379551266
382027776
383335230
384150514
384535676
384662116
384733578
384792626
384819716
384819716
384819716
112661832
203783162
258454286
296077232
323678078
343868448
357987664
367413604
373621168
377192836
379084442
379990684
380348056
380431284
380451680
380462588
380462588
380462588
380462588
380462588
111621542
201954324
256373370
294497050
322729990
343418240
358154046
368382998
374949188
378760848
381031048
382259052
382805528
383057418
383199202
383269542
383269542
383269542
383269542
383269542
111606252
201233692
256780092
294778176
322555246
342987480
357237778
367213960
373730398
377848930
380180500
381361560
382161356
382587674
382866572
382999840
383020104
383020104
383020104
383020104
112394048
202161614
256513912
293501410
320408604
339770768
353316214
362910472
369083900
372926948
375175744
376396826
377018514
377383846
377559340
377638224
377638224
377638224
377638224
377638224
112089814
201686064
254523712
290514630
317028774
335908374
349072420
358017120
363994178
367570758
369607204
370679222
371127772
371435352
371618540
371665880
371678618
371678618
371678618
371678618
113046652
203472322
256690404
292988414
318694720
337136448
350159098
358764366
364372108
367529002
369303834
370334474
370699772
370796548
370831948
370879812
370921926
370921926
370921926
370921926
112025622
202564338
256370752
292640332
318509338
336717018
349232048
357351858
362512684
365581822
366888618
367464022
367673530
367776602
367826158
367884516
367899882
367899882
367899882
367899882
111836544
202437048
257751966
296183760
324851336
345657300
360387602
370424364
376872444
380892504
382973246
383875444
384412724
384724560
384895404
385028686
385098728
385155234
385203336
385260156
112127058
201759686
257688094
295869706
323480450
343108060
356631748
365562358
371086940
374561152
376368748
377188782
377643146
377765188
377927298
377969638
377977158
377995338
377995338
377995338
112180702
201267230
254697408
291248410
317625060
336921424
350625054
360176668
366267236
369913632
371777364
372634028
373099882
373330828
373454920
373533892
373567844
373567844
373567844
373567844
112110016
202172802
255930178
291936450
317930808
336555612
349661212
358409450
364241804
367928230
369974672
371138784
371571866
371885980
372079280
372219520
372252392
372308086
372393722
372441116
113289786
202864628
256111490
292452856
318788380
337315910
350366662
358979918
364562816
368120984
370001898
371112702
371547832
371699242
371746580
371790056
371837254
371841546
371841546
371841546
112608500
202625144
257443406
295247368
322524552
341884958
355899718
365573384
371957522
375993162
378156898
379279462
379792770
379943572
379998338
380010108
380015534
380015534
380015534
380015534
112442266
202889178
256865004
294309794
322280574
342653758
357559322
367985816
374418094
378685816
381215956
382483804
382960138
383279388
383450868
383514500
383536908
383565484
383600630
383600630
112999486
202145132
255515672
291588540
317111520
334917596
347345630
355456936
360253416
363098556
364761680
365621898
366071668
366363030
366567118
366737876
366859964
366920766
366920766
366920766
113483096
203132202
257047556
294723896
321615138
340768096
354241150
363458900
369592410
373460526
375623182
376765700
377382534
377703598
377951768
377951800
377951800
377951800
377951800
377951800
111902994
202078640
256990154
294358928
321145190
340418940
353773368
362800716
369089798
372560348
374780326
375706464
376078022
376252870
376355364
376395396
376431306
376431306
376431306
376431306
112092048
202348808
256191766
293635444
321219342
341396900
355629916
365433864
371898582
376263600
378876940
380362528
381403328
381999574
382405650
382613030
382771516
382838980
382895434
382941694
112140812
203195160
258106114
295134176
321799706
340989526
354651368
364043712
370108516
374074832
376157508
377169604
377621310
377820072
377957284
378035476
378051634
378065646
378065646
378065646
111995124
201612114
255113846
291648552
317892140
336374928
349431690
358309740
363723690
366960476
368819964
369815472
370448716
370901378
371149492
371238052
371285248
371308768
371308768
371308768
111861408
201621128
256172096
293413726
320212422
339495352
353170032
362626372
368996456
373337434
375918536
377286742
378059078
378498744
378621924
378662968
378682388
378682388
378682388
378682388
111788266
203039838
256999654
293936668
320617578
339447806
352321944
361167732
366739428
369960914
371749116
372501564
372832184
373045824
373186598
373216166
373216166
373216166
373216166
373216166
112156296
202718620
257717060
295196694
322609922
342628844
356854456
366676934
373134594
377281722
379597170
380666312
381290270
381620380
381762076
381784658
381795944
381795944
381795944
381795944
111781588
202349332
258003996
297057062
325714540
346985912
362254888
373180202
380069768
384453622
387210710
388820272
389660268
389951734
390121218
390207764
390232548
390232548
390232548
390232548
111301374
200577982
254699668
291769822
318464174
337598182
350695004
359217570
364660812
367785578
369585490
370615234
371138014
371426140
371496928
371602004
371663030
371663030
371663030
371663030
112009442
201337220
254916634
290693512
316686718
335934006
349743960
359375290
365570178
369603102
371792206
372914880
373491436
373828566
374049310
374232582
374371196
374449236
374476402
374501674
112001512
202036964
255595598
291590200
317395602
335655144
348646774
357176596
362688286
365849802
367554184
368615802
369049560
369278082
369380278
369462346
369522904
369553748
369553748
369553748
112704404
200957172
254475252
291858776
319353172
339107310
353174184
362897018
369232812
373183008
375314028
376641928
377205572
377475948
377646984
377699740
377717072
377717072
377717072
377717072
112279154
202897210
258052622
296359472
324556408
345297772
359944682
370405382
377099688
381282388
383781278
384980128
385597374
385996890
386276104
386386522
386412006
386412006
386412006
386412006
112191318
201026638
253318134
288590610
313949526
331728838
343995734
352085726
357067866
360113034
361365062
361821990
361897986
361897986
361897986
361897986
361897986
361897986
361897986
361897986
113210066
203092784
256674376
293409968
319645258
338531886
351592376
360384662
365900918
368987718
370659458
371404436
371760092
371935104
372002882
372002882
372002882
372002882
372002882
372002882
111888256
200527228
253484880
289418092
315255632
333946740
346845732
355727744
361566532
365002654
366955938
367892304
368434822
368842250
369067706
369165014
369212712
369212712
369212712
369212712
112170300
202474602
256781106
293899152
321334780
341554080
356350346
366462546
373571242
377737234
380280510
381471630
382067974
382508670
382669484
382760242
382835422
382857878
382879030
382901980
111618106
202186406
255825520
292280152
318854726
337941980
351318734
360589314
366645936
370477786
372819154
374059546
374744024
375156780
375308938
375383606
375466068
375481576
375490266
375490266
112103950
201414932
254350126
290581534
316606520
335297614
348181490
357194184
363268758
366868106
368657940
369506702
369905952
370088854
370256752
370323170
370368136
370368136
370368136
370368136
112158048
202320930
256182800
293420978
320382964
339632464
352975416
362268376
368399932
372058386
374125276
375054996
375472180
375703782
375742322
375750170
375750170
375750170
375750170
375750170
112688138
202435210
257215518
294545588
321961306
340884898
353743166
362335736
367482542
370613496
372758170
373857946
374430676
374636872
374773042
374854140
374862416
374878994
374878994
374878994
112265822
201506120
255357330
291844388
317706162
336019374
348915716
357546364
363237978
366460712
368425426
369379500
369788452
370065546
370151524
370165972
370185974
370195794
370195794
370195794
111451056
201482214
255180834
292263376
319724006
340090870
354840838
365329060
372564840
377090704
379567242
380916536
381728266
382281096
382665286
382809956
382822624
382842764
382858018
382858018
111221168
200054964
252413010
287540786
312530008
330058714
342414348
350421528
355414598
358574446
360440544
361304580
361676880
361893856
362001778
362013198
362013198
362013198
362013198
362013198
112729216
202161386
255181984
290977960
316163890
333481206
345529204
353344750
358111008
361012388
362558422
363345326
363813220
364100500
364319028
364443678
364528008
364582656
364582656
364582656
112605720
202839504
257112510
294170128
321205146
340747704
354905502
364787408
371248430
375602856
377960822
379256336
380070560
380459632
380671226
380809632
380867912
380890524
380910304
380937814
112862904
202554318
256745618
293985174
320884874
339865124
353452630
362417828
368332750
371809178
373783098
374976692
375593324
375882594
376094244
376171830
376201032
376201032
376201032
376201032
112361938
202264780
258276806
297133672
325537600
346447058
361114536
371482136
378105216
382300888
384933716
386535612
387310208
387710436
387967978
388131318
388249528
388361464
388430692
388478632
111957744
202073886
256168212
293115154
319979784
339187790
353071464
362542696
368775498
371903450
373517206
374460096
375030450
375401342
375584104
375640024
375678502
375686334
375686334
375686334
111775388
202892252
257446228
294269632
321006682
340158026
353748772
363226898
369124134
372897416
374727424
375568420
376075016
376268576
376374916
376437430
376437430
376437430
376437430
376437430
112273164
201587122
254658892
290585598
316098936
334146860
346959964
355858956
361577406
365091716
367230326
368264880
368679706
368977832
369127662
369221796
369263430
369297516
369315334
369336008
111675726
200904416
255475104
293101974
320654842
340934600
355332696
365231484
371603948
375622790
377973566
379296862
379986050
380342444
380517774
380612366
380658010
380676764
380676764
380676764
111944748
201860428
257084104
295039298
322237146
342139996
356025780
365557810
371649578
375267298
376970032
377887874
378312258
378628758
378744306
378769074
378769074
378769074
378769074
378769074
111385698
200883548
254714726
291194886
316931776
335456322
348474082
357180960
362827296
366255686
368019944
368852860
369312806
369561534
369772918
369870050
369870050
369870050
369870050
369870050
113362948
203806100
256740222
292705232
318573950
336917940
349527736
357996372
363180310
366548290
368171254
368916778
369171370
369293004
369331752
369341620
369341620
369341620
369341620
369341620
112615944
202441568
256895758
294267090
321387674
340892894
354523686
363949822
370180814
374085486
376516070
377803936
378351994
378636972
378797858
378859738
378861128
378861128
378861128
378861128
111796638
202217882
256649050
294329786
322061964
342593170
357254818
367297810
373996552
378483840
381056720
382239868
382594500
382730322
382794500
382808992
382808992
382808992
382808992
382808992
112408326
201453648
254935148
291053646
317081596
335400144
347823520
355945950
361260770
364317014
365793128
366409710
366743536
366850176
366919256
366961298
366979824
366979824
366979824
366979824
112118598
201086002
253554184
289146580
314644308
332608622
345471664
353933286
359488490
362693214
364262066
364872966
365087052
365177218
365187546
365187546
365187546
365187546
365187546
365187546
110788126
200098344
253781870
290900042
318161074
337967298
351388090
360945708
367219824
371158458
373403662
374535690
375253788
375541482
375604484
375604484
375604484
375604484
375604484
375604484
111907610
202470612
256470646
293036706
319663284
338680976
352363620
361913824
367873198
371622916
373808532
375022612
375615562
376032608
376173734
376283408
376329752
376358866
376379708
376406214
112532666
203350976
259785464
299294790
328368740
349218510
363852426
373790702
380317588
384190576
386277840
387349382
388058642
388322462
388450988
388506368
388536860
388573814
388573814
388573814
111090856
201610766
256486636
294504656
322667408
343315928
358127452
368155172
374878500
379188270
381820920
383147378
383880552
384240948
384422402
384539066
384699994
384741636
384741636
384741636
112954656
201799478
256182536
293220222
320080920
338726156
351895224
360897540
366647680
370209800
372138452
373197494
373582368
373809506
373864440
373864440
373864440
373864440
373864440
373864440
112321738
203345904
258907092
297288168
325270290
345334486
359642138
369740464
376388446
380828454
383130996
384447194
385023776
385403360
385604538
385662302
385692154
385702948
385702948
385702948
112565794
201554462
255231014
291728176
317278546
335395080
347995334
356370394
361760000
365268946
367031402
367746868
368095096
368284476
368382642
368408570
368441194
368441194
368441194
368441194
112118378
201497746
254087394
288872282
313757840
331076584
343055066
351059924
356548974
359862180
361881416
362925770
363498030
363785260
363957920
364003240
364047912
364104850
364104850
364104850
112429732
201880364
255265280
291076620
316845146
335215354
348209262
357101056
363082650
366771092
369024432
370132380
370793728
371218070
371410642
371516422
371549060
371580638
371601712
371629652
111152012
200794050
255478476
293347394
321152106
341779214
356478872
367041032
373765746
377829382
380189530
381361926
381975672
382091272
382139812
382152482
382152482
382152482
382152482
382152482
112334816
202041302
254777400
289826824
315518582
334292842
347377614
356319582
362000424
365225414
366849152
367674914
367971136
368080274
368154316
368154316
368154316
368154316
368154316
368154316
112069224
202217182
256407420
293800510
321047518
340895270
355193122
364964836
371254100
375347738
378017050
379310436
379985054
380317306
380514112
380599798
380621662
380653210
380653210
380653210
112598228
201522076
255315558
292597996
319494980
338198640
351012202
359828620
365442248
368729098
370930866
371978226
372519290
372734438
372787972
372831390
372862250
372862250
372862250
372862250
111985190
202027306
257468922
296083432
324484908
345114186
360080970
370145682
377062262
381416142
383982464
385253892
385771766
386198826
386465312
386587752
386641960
386646794
386658468
386658468
111476524
201480186
255472774
292660140
319797092
339655862
353553344
363102458
369194896
372884126
374768788
375595686
375981558
376112290
376205636
376248444
376248444
376248444
376248444
376248444
111950034
202022744
256205610
292605904
318869688
337931172
351739840
360779716
366618362
370057286
371547450
372194216
372628750
372731852
372731852
372731852
372731852
372731852
372731852
372731852
111668204
201152090
254462082
290790974
317320468
336311416
349879622
359043536
364832324
368296940
370151840
370922506
371181574
371251920
371284528
371284528
371284528
371284528
371284528
371284528
111922822
201053622
255074442
292376904
319583456
339117136
352605762
362055084
368161346
371784114
373998830
375225714
375992232
376414742
376529346
376594112
376632508
376648338
376673038
376685766
111722182
201356626
255568402
292609198
319771956
339531692
353622116
363465106
369689990
373444702
375327922
376211998
376648748
376890946
376990826
377032902
377047656
377063292
377080230
377090184
112406966
203179550
257623126
295203982
322220180
342061008
356274976
366040606
372254928
375753600
377752502
378712946
379266808
379687128
379949308
379996266
380007948
380007948
380007948
380007948
112517974
202981486
256346412
293006238
319436384
338628174
351994896
361216272
367371642
371113524
373017052
373941314
374399832
374552668
374627148
374658572
374666820
374676176
374676176
374676176
111917584
201758570
256878032
295072708
322559828
342255200
356231960
365872124
372110710
375717040
377789606
378726218
379181236
379410276
379522586
379595846
379614470
379629420
379629420
379629420
111981134
202279252
257183248
295300344
323161160
343337332
357702032
367780694
374318048
378574322
381119994
382407814
383140680
383380510
383481802
383583372
383642270
383642302
383642302
383642302
