642246
1053619
1273271
1415634
1512883
1579965
1625920
1657884
1678762
1692246
1701054
1706379
1710043
1711825
1712604
1713278
1713381
1713381
1713381
1713381
648912
1068525
1290856
1429234
1522979
1586783
1630613
1660562
1681093
1694028
1701574
1705562
1707642
1708802
1709032
1709125
1709125
1709125
1709125
1709125
641828
1055064
1276478
1416220
1509827
1574005
1618242
1648219
1668875
1682310
1689988
1694859
1697888
1699095
1699393
1699542
1699657
1699657
1699657
1699657
647472
1062336
1286164
1428849
1526168
1593524
1640656
1673378
1696570
1712167
1721638
1726352
1728603
1729501
1730177
1730448
1730525
1730525
1730525
1730525
640038
1051303
1275424
1416766
1512391
1578034
1623341
1653771
1674115
1686109
1693130
1697135
1699383
1700701
1701270
1701390
1701390
1701390
1701390
1701390
638816
1049433
1271742
1413190
1509684
1575341
1620814
1652795
1674836
1689511
1699039
1705548
1708911
1710149
1710784
1711233
1711519
1711641
1711667
1711699
646108
1062753
1287190
1430592
1527554
1595066
1642727
1675600
1698467
1714184
1722958
1728173
1731209
1732739
1733511
1733951
1734192
1734192
1734192
1734192
644415
1060135
1288655
1433299
1530490
1595620
1640660
1671354
1691698
1704607
1711795
1716089
1718635
1719745
1720324
1720603
1720827
1721079
1721079
1721079
645219
1062421
1289821
1435140
1533254
1600929
1647664
1679000
1700092
1713586
1721464
1726011
1728245
1729311
1729731
1729894
1729894
1729894
1729894
1729894
643465
1060413
1290741
1437536
1535915
1602087
1647958
1679217
1699163
1711248
1718325
1722890
1725130
1726342
1726697
1726761
1726835
1726835
1726835
1726835
647090
1067759
1298583
1447005
1547578
1617427
1665587
1698450
1721238
1735206
1744308
1749616
1752401
1754079
1754691
1754917
1755025
1755113
1755113
1755113
634450
1035751
1248173
1382670
1473308
1535622
1578680
1608652
1628643
1640748
1647354
1650811
1652539
1653636
1654012
1654012
1654012
1654012
1654012
1654012
639747
1043387
1262203
1401836
1495816
1560180
1604977
1635435
1655805
1668714
1677328
1682196
1686079
1688046
1689466
1690059
1690164
1690164
1690164
1690164
644387
1054501
1273402
1409708
1500756
1562416
1603737
1630848
1648381
1658771
1664935
1668297
1669782
1670740
1671324
1671508
1671508
1671508
1671508
1671508
632824
1034894
1250883
1387381
1479134
1541624
1583980
1613474
1632664
1645399
1653471
1657743
1659950
1661199
1661661
1662048
1662250
1662355
1662355
1662355
649050
1072982
1303763
1451782
1551895
1621205
1669304
1701981
1723410
1737609
1746409
1751262
1754094
1755313
1755958
1756183
1756236
1756236
1756236
1756236
643095
1059596
1286853
1432655
1533004
1601599
1649010
1681699
1703976
1719093
1728780
1733365
1735827
1737134
1738327
1738959
1739213
1739213
1739213
1739213
640118
1055960
1281499
1428530
1529473
1600890
1651608
1687923
1712745
1729445
1740068
1747467
1750776
1752792
1753913
1754443
1754540
1754643
1754766
1754766
640852
1050731
1270358
1410748
1505846
1572601
1619114
1652057
1673813
1687414
1695748
1700927
1703614
1705245
1706174
1706234
1706234
1706234
1706234
1706234
648715
1066769
1288790
1429743
1525097
1590229
1634038
1663733
1683644
1695621
1703361
1707507
1710328
1712011
1713137
1713979
1714460
1714777
1714960
1715143
633977
1032669
1248371
1386128
1477789
1540747
1584217
1614142
1634684
1647413
1655269
1660090
1662348
1663666
1664404
1664877
1664877
1664877
1664877
1664877
642312
1052353
1273985
1415536
1510170
1575005
1618189
1647834
1666742
1678026
1683961
1687154
1688370
1688750
1688931
1688931
1688931
1688931
1688931
1688931
633292
1039473
1260897
1401852
1497122
1561732
1606554
1636986
1656703
1668045
1674184
1677522
1679401
1680801
1681746
1682320
1682557
1682762
1682880
1682880
642685
1054018
1272726
1410124
1501467
1563499
1606493
1635510
1654162
1666586
1674069
1678024
1679611
1680423
1680739
1680739
1680739
1680739
1680739
1680739
639805
1047077
1265408
1401921
1493288
1555124
1596780
1625730
1645651
1658816
1666416
1671357
1674090
1675540
1676270
1676383
1676383
1676383
1676383
1676383
643672
1057847
1283026
1425900
1523274
1588572
1633876
1664501
1685706
1699443
1708745
1714059
1717037
1718810
1719553
1720032
1720511
1720735
1720735
1720735
647399
1061710
1283813
1422698
1515061
1576140
1617379
1644956
1662413
1673053
1679064
1682244
1683325
1683646
1683646
1683646
1683646
1683646
1683646
1683646
651233
1074673
1298569
1438617
1532638
1596320
1639583
1669265
1688819
1700841
1707749
1710808
1712447
1713034
1713389
1713660
1713884
1714039
1714230
1714230
639835
1049557
1266593
1405827
1501130
1567492
1612851
1644820
1666677
1680668
1688584
1693702
1696605
1698128
1698720
1699233
1699598
1699922
1700099
1700225
647453
1066494
1289542
1430788
1527500
1593482
1639693
1671917
1693327
1707637
1715664
1719694
1721766
1722806
1723453
1723701
1723837
1723965
1723965
1723965
636443
1044539
1262156
1400760
1494877
1559491
1603813
1634509
1655051
1668610
1676784
1681374
1683886
1685034
1686041
1686303
1686450
1686450
1686450
1686450
636129
1039275
1259635
1401859
1498805
1567323
1615083
1648398
1670663
1685517
1694721
1700720
1704107
1706530
1708027
1708835
1709114
1709318
1709474
1709474
640944
1047303
1262450
1399080
1491093
1554071
1597045
1626408
1645350
1657529
1663612
1666489
1667925
1668683
1668742
1668742
1668742
1668742
1668742
1668742
640755
1045882
1262138
1397608
1487861
1550215
1592905
1621936
1641311
1653990
1661538
1665789
1667846
1669126
1669905
1670367
1670426
1670426
1670426
1670426
635172
1027016
1231660
1358143
1440932
1495528
1530684
1554281
1568790
1577034
1581933
1584169
1585301
1585879
1586074
1586177
1586177
1586177
1586177
1586177
633672
1034299
1246083
1380653
1471280
1533978
1577425
1607587
1627947
1641211
1648709
1653421
1655962
1657142
1657907
1658578
1659032
1659409
1659744
1659744
639126
1046718
1263577
1402089
1495988
1560645
1604773
1634993
1654304
1666867
1674661
1678973
1680822
1681965
1682494
1682902
1682902
1682902
1682902
1682902
644913
1060876
1286264
1431232
1530332
1599094
1646274
1679180
1700853
1712882
1719948
1724130
1726227
1727694
1728668
1729444
1729934
1730125
1730300
1730300
644122
1058693
1282601
1423558
1516942
1581204
1624663
1654126
1673476
1685472
1691810
1695040
1696293
1697009
1697360
1697600
1697825
1697957
1697957
1697957
642332
1057186
1279329
1421203
1517434
1582811
1628412
1659743
1680419
1693507
1701704
1706386
1708651
1710500
1711629
1712452
1713004
1713366
1713722
1713975
649380
1071623
1297329
1440296
1538335
1605905
1652916
1685414
1707096
1720273
1728434
1732639
1734870
1735505
1735805
1736009
1736162
1736162
1736162
1736162
643922
1057932
1284143
1430868
1530978
1599926
1647533
1681053
1703601
1717639
1726535
1730453
1732152
1733032
1733321
1733525
1733584
1733584
1733584
1733584
646427
1063880
1286876
1426903
1520713
1585061
1629149
1659243
1679429
1691757
1699729
1704789
1708109
1709713
1710595
1711046
1711135
1711135
1711135
1711135
640688
1052928
1273314
1415466
1513136
1581283
1629387
1663300
1685744
1700158
1708386
1712792
1714578
1715233
1715795
1716205
1716205
1716205
1716205
1716205
630482
1027879
1238028
1372451
1462743
1524835
1567606
1597105
1617411
1629992
1637323
1641442
1643511
1644717
1645343
1645597
1645861
1645861
1645861
1645861
645658
1060866
1284789
1427137
1523920
1590830
1636985
1669403
1691712
1705647
1714132
1718650
1721226
1722533
1723213
1723612
1723934
1724282
1724476
1724476
640285
1052611
1277592
1420306
1517200
1583319
1628739
1660184
1681397
1694634
1702453
1706071
1708924
1710489
1711660
1712279
1712503
1712503
1712503
1712503
631322
1026397
1236473
1369826
1460832
1523899
1567718
1598062
1617799
1630485
1638429
1642411
1645231
1646959
1648092
1648562
1648800
1648800
1648800
1648800
652966
1079433
1306633
1450402
1549499
1618613
1666303
1698700
1720975
1735406
1744310
1749773
1752699
1754469
1755281
1755528
1755765
1755842
1755896
1755896
645303
1058922
1279628
1417018
1509130
1571132
1614328
1643592
1663526
1675852
1683487
1687481
1689716
1690979
1691384
1691626
1691626
1691626
1691626
1691626
637434
1038511
1252210
1386606
1477809
1540609
1584815
1615716
1637271
1650400
1657898
1661771
1663802
1664880
1665452
1665835
1666354
1666693
1666909
1666909
642419
1057893
1285592
1431676
1532017
1602323
1651333
1685105
1708196
1723619
1732158
1737190
1739576
1740831
1741482
1741808
1741946
1741946
1741946
1741946
653399
1075832
1299437
1438415
1532370
1596328
1640524
1670451
1689846
1702403
1709111
1712854
1714276
1714966
1715116
1715215
1715215
1715215
1715215
1715215
643409
1045842
1259746
1392101
1478531
1535039
1573092
1597505
1613152
1621846
1626268
1628659
1630460
1631426
1632129
1632518
1632626
1632626
1632626
1632626
635563
1039260
1252647
1386982
1477511
1539095
1581600
1610228
1629659
1642799
1650450
1654200
1655909
1656583
1657111
1657383
1657476
1657559
1657608
1657608
647920
1062599
1284767
1424004
1517447
1581786
1626053
1657048
1677281
1690165
1697443
1701515
1703588
1705014
1705656
1705852
1706056
1706056
1706056
1706056
631637
1032936
1244359
1378039
1467901
1528593
1570087
1598187
1616728
1627118
1632907
1635086
1635843
1636224
1636508
1636740
1636844
1636882
1636985
1637018
644991
1061293
1290055
1438314
1538837
1607237
1655029
1688223
1710882
1725462
1734390
1739021
1742308
1743787
1744837
1745233
1745233
1745233
1745233
1745233
643180
1050345
1267574
1403832
1493205
1553060
1593164
1620275
1637920
1649163
1655824
1659498
1661379
1662148
1662555
1662750
1662933
1663040
1663040
1663040
637440
1045240
1269089
1411105
1506222
1570712
1615033
1644550
1664768
1677639
1685698
1690758
1693680
1695820
1696430
1696632
1696713
1696713
1696713
1696713
642797
1058833
1290552
1442496
1547093
1619959
1670885
1706886
1732351
1748372
1758255
1763489
1766368
1768398
1769671
1770124
1770124
1770124
1770124
1770124
639753
1053731
1278155
1424523
1525226
1595342
1644771
1679116
1702419
1717060
1726897
1732946
1737002
1739066
1739761
1740148
1740347
1740347
1740347
1740347
637573
1042701
1257827
1393115
1484892
1547500
1590726
1619592
1638518
1650599
1657579
1661683
1663532
1664570
1665026
1665312
1665530
1665530
1665530
1665530
636772
1041682
1260000
1399199
1493551
1558497
1603519
1634208
1654333
1667689
1675872
1680720
1683714
1685231
1685838
1686096
1686232
1686232
1686232
1686232
641059
1049115
1265523
1403560
1496933
1561412
1605899
1636585
1658203
1671884
1679813
1683500
1685691
1687162
1687754
1687984
1687984
1687984
1687984
1687984
640278
1048251
1269979
1409599
1503173
1566950
1609957
1639350
1658884
1671886
1679474
1683391
1685532
1686630
1687066
1687322
1687541
1687541
1687541
1687541
646863
1066536
1298202
1446908
1547487
1616198
1662969
1695191
1717049
1731131
1740195
1745294
1747906
1749392
1750556
1750892
1751134
1751357
1751358
1751599
634543
1034105
1242359
1373134
1462151
1523283
1565946
1595524
1615377
1628475
1635422
1639452
1641063
1642025
1642580
1642792
1642792
1642792
1642792
1642792
636683
1042832
1253956
1387030
1476841
1538239
1579648
1608342
1628056
1640092
1647292
1651378
1653274
1654411
1654998
1655075
1655075
1655075
1655075
1655075
638879
1050341
1276979
1420571
1516729
1583028
1628521
1660203
1682122
1696639
1706185
1712386
1715575
1717421
1718831
1719359
1719655
1719717
1719785
1719785
646843
1062770
1282540
1421320
1515553
1581590
1627987
1659952
1680063
1693640
1702214
1706764
1709166
1710786
1711628
1711984
1712049
1712049
1712049
1712049
638983
1049709
1269040
1411154
1507962
1574177
1620654
1653398
1675499
1690210
1698237
1703157
1705651
1706705
1707332
1707531
1707676
1707854
1707991
1708130
639855
1048554
1268254
1408004
1502601
1566410
1610222
1639797
1658859
1670904
1678063
1681917
1683830
1685009
1685341
1685564
1685889
1685921
1685954
1685954
633817
1037393
1250024
1385042
1476226
1538750
1581472
1611062
1630636
1642626
1649635
1653298
1655355
1656304
1656746
1657060
1657194
1657349
1657445
1657445
642666
1048937
1269167
1409064
1503389
1567842
1612037
1641955
1661818
1674003
1681185
1685505
1687997
1689154
1690235
1690607
1690630
1690630
1690630
1690630
641269
1047849
1267822
1406839
1500136
1564055
1607747
1636847
1656536
1669133
1676787
1681413
1683442
1684036
1684036
1684036
1684036
1684036
1684036
1684036
646218
1068268
1297069
1443859
1544558
1615183
1664375
1698894
1721510
1736727
1745505
1750755
1753553
1754583
1754941
1754941
1754941
1754941
1754941
1754941
632238
1033043
1247662
1384521
1477343
1540325
1584028
1613958
1634325
1646830
1654206
1658783
1661263
1662598
1663649
1664056
1664256
1664439
1664439
1664439
649926
1068694
1292789
1433571
1528025
1592276
1636206
1664980
1683567
1695683
1701671
1704720
1706877
1708100
1708658
1708898
1709024
1709129
1709129
1709129
645513
1065124
1291892
1436818
1535199
1602914
1649893
1682533
1704983
1719838
1729415
1734664
1737884
1739714
1740398
1740706
1740905
1740905
1740905
1740905
646929
1068969
1299556
1447405
1547767
1617189
1665727
1699231
1721682
1735796
1744629
1749679
1751634
1752691
1753213
1753586
1753841
1753841
1753841
1753841
659110
1093188
1331290
1483848
1587367
1659994
1709163
1743060
1766255
1782049
1791598
1797073
1800178
1801567
1802148
1802497
1802632
1802632
1802632
1802632
644772
1061866
1292155
1439055
1537606
1604128
1650218
1680897
1702249
1716688
1726089
1731023
1734075
1735893
1736480
1736647
1736647
1736647
1736647
1736647
642934
1056536
1279748
1422106
1518596
1584593
1630197
1661638
1682424
1695298
1703025
1707211
1710079
1711866
1713344
1714145
1714428
1714634
1714799
1714799
649242
1072262
1306381
1456557
1559711
1630094
1679049
1712721
1736140
1752040
1761643
1767456
1771175
1772840
1774054
1774912
1775483
1775483
1775483
1775483
639815
1045947
1264359
1405177
1501854
1567898
1614704
1646704
1669163
1683525
1692786
1697324
1699666
1700600
1701121
1701314
1701314
1701314
1701314
1701314
646609
1062948
1283672
1425160
1521469
1589024
1636455
1668960
1691990
1707141
1716817
1723396
1727360
1729662
1731476
1732597
1732956
1733386
1733586
1733586
640217
1051122
1275556
1419385
1517022
1584913
1632919
1666060
1688869
1703620
1712703
1717687
1720322
1722024
1722701
1723109
1723549
1723848
1723848
1723848
643968
1054690
1273341
1412452
1506810
1572382
1617594
1648824
1670149
1684001
1691927
1695939
1697986
1699069
1699820
1700217
1700217
1700217
1700217
1700217
635918
1041328
1256951
1395099
1488891
1553520
1597860
1627902
1648275
1661482
1669194
1672492
1673975
1675153
1675386
1675467
1675470
1675470
1675470
1675470
643769
1058203
1282914
1425788
1521302
1586374
1631077
1662004
1682279
1694764
1701559
1704482
1705950
1706755
1707369
1707782
1707981
1707981
1707981
1707981
651377
1074183
1300243
1442967
1539481
1605762
1651064
1681920
1702521
1715674
1722756
1726245
1727808
1728835
1729206
1729274
1729274
1729274
1729274
1729274
631865
1041006
1265250
1408845
1505281
1571144
1615881
1646948
1666247
1679027
1686872
1691040
1693782
1695021
1695632
1695807
1695920
1696004
1696077
1696155
640821
1050218
1269244
1409405
1504013
1568570
1612999
1643638
1663382
1675856
1682910
1686824
1689261
1689966
1690561
1690910
1691028
1691028
1691028
1691028
641437
1054938
1277402
1419494
1516338
1582324
1628701
1661065
1683273
1698033
1707245
1712302
1715341
1716917
1717775
1718098
1718247
1718381
1718531
1718687
641331
1051761
1269886
1406752
1499040
1561125
1603451
1632642
1652001
1665159
1673125
1677173
1679735
1681457
1682317
1682869
1683014
1683179
1683357
1683548
652482
1079071
1314484
1464171
1566420
1637530
1687806
1722046
1744800
1760629
1770015
1775561
1777841
1779244
1779962
1780143
1780252
1780252
1780252
1780252
649183
1073492
1299280
1442374
1539939
1607331
1654451
1687301
1709096
1722606
1730707
1735367
1738139
1739879
1740863
1741570
1741729
1741729
1741729
1741729
648423
1063304
1283288
1423260
1518524
1583288
1628473
1659313
1680322
1694099
1702676
1707494
1710324
1711973
1712866
1713199
1713476
1713476
1713476
1713476
636683
1041465
1257214
1392597
1482645
1544287
1585743
1614688
1634457
1647575
1654859
1658887
1660651
1661437
1661730
1661811
1661931
1661931
1661931
1661931
652849
1079133
1309258
1456089
1556985
1626185
1673568
1707044
1729484
1744560
1753707
1758254
1760969
1762473
1763585
1764285
1764700
1764893
1764893
1764893
623900
1016622
1226315
1359690
1449540
1512251
1555704
1584800
1605288
1619011
1627423
1632230
1634855
1636292
1636794
1636933
1636933
1636933
1636933
1636933
653015
1072561
1297552
1439492
1535709
1602400
1648116
1678396
1699059
1712627
1720902
1725238
1727900
1729372
1730002
1730177
1730309
1730457
1730588
1730588
641268
1045952
1261551
1398065
1489161
1550620
1593219
1622611
1642368
1655366
1662045
1665211
1665891
1666048
1666152
1666215
1666292
1666346
1666395
1666426
635869
1045903
1268361
1412000
1510315
1577942
1625365
1658130
1680557
1695560
1704722
1709958
1713538
1715504
1716560
1717115
1717534
1717830
1718044
1718234
641383
1048901
1270917
1412117
1507017
1572223
1616487
1646922
1668569
1681742
1689994
1694460
1697002
1698171
1698687
1699062
1699062
1699062
1699062
1699062
643260
1059669
1282515
1423442
1519076
1585290
1631418
1663894
1685240
1698689
1706669
1710819
1712898
1714013
1714535
1714693
1714791
1714791
1714791
1714791
642507
1054139
1275263
1414528
1508424
1573101
1618162
1650255
1671236
1684740
1693144
1697538
1699487
1700797
1701534
1701770
1701872
1701947
1701947
1701947
641706
1053404
1271236
1408712
1502303
1567025
1612320
1643997
1664850
1679071
1687087
1691698
1694340
1695553
1696398
1696886
1697169
1697305
1697305
1697305
644835
1059069
1284651
1427414
1522762
1587945
1632335
1662831
1683160
1696343
1703923
1707900
1710500
1711925
1712377
1712662
1712829
1712989
1712989
1712989
640244
1042265
1259020
1397390
1489215
1551690
1593398
1621676
1640583
1651760
1658436
1661255
1662955
1664005
1664416
1664417
1664417
1664417
1664417
1664417
635687
1044329
1264245
1403096
1496553
1560104
1603766
1632511
1652032
1664936
1673238
1677814
1680048
1681311
1681849
1681849
1681849
1681849
1681849
1681849
643043
1058704
1283975
1428470
1526268
1592830
1638523
1669631
1690552
1703879
1712894
1718047
1720768
1722043
1722316
1722550
1722550
1722550
1722550
1722550
653541
1074876
1302749
1447317
1544989
1612104
1657835
1690013
1711581
1725735
1733930
1737942
1739878
1741091
1741887
1742164
1742164
1742164
1742164
1742164
653353
1082368
1312512
1457946
1556776
1625695
1673983
1707403
1730321
1745165
1754545
1759233
1761971
1763583
1764494
1764926
1765262
1765262
1765262
1765262
637078
1044220
1262420
1400475
1493829
1558662
1603238
1634431
1655025
1668543
1676586
1680931
1682586
1683294
1683670
1683757
1683835
1683835
1683835
1683835
639698
1051404
1276127
1418401
1514731
1580598
1625387
1656967
1678156
1691764
1699969
1704294
1706480
1708081
1708869
1709041
1709204
1709268
1709268
1709268
648848
1074817
1305128
1455491
1561264
1637193
1691827
1731239
1758044
1775034
1785439
1790852
1793973
1795565
1796265
1796660
1797056
1797215
1797215
1797215
648574
1072465
1302676
1451591
1555567
1627510
1677791
1713244
1737566
1753641
1763799
1769841
1773096
1775013
1776191
1776517
1776620
1776736
1776736
1776736
645929
1062924
1287111
1429879
1526646
1593217
1639153
1671067
1691926
1705218
1713506
1718079
1719894
1720951
1721457
1721658
1721891
1722049
1722049
1722049
642326
1058512
1289536
1438163
1539204
1608015
1654946
1687695
1709851
1723882
1731923
1736880
1738780
1739935
1740350
1740642
1740642
1740642
1740642
1740642
644535
1059561
1287745
1433934
1532605
1601470
1649715
1683701
1707107
1722254
1731622
1737040
1740285
1741922
1742527
1742901
1743184
1743340
1743340
1743340
636658
1045868
1265358
1405623
1501574
1568271
1614252
1645674
1666864
1679791
1687246
1691188
1693009
1693521
1693680
1693752
1693752
1693752
1693752
1693752
641242
1055594
1280457
1426388
1526727
1596418
1645118
1679198
1701679
1715625
1724284
1729450
1731904
1733074
1733733
1734012
1734012
1734012
1734012
1734012
655145
1082634
1317647
1467183
1568390
1638486
1686177
1719065
1740772
1755137
1763536
1768183
1771385
1773182
1774334
1774907
1775003
1775003
1775003
1775003
635429
1040190
1260646
1400918
1496118
1561369
1605507
1636537
1657240
1670611
1678711
1683418
1686044
1687655
1688454
1688860
1688860
1688860
1688860
1688860
635852
1039778
1251862
1386755
1479030
1542150
1585284
1614979
1635130
1647839
1655484
1659858
1661758
1663125
1663880
1664137
1664202
1664202
1664202
1664202
630080
1028224
1235856
1367046
1454242
1514429
1556367
1584561
1603465
1615223
1622071
1626111
1627737
1628131
1628266
1628451
1628622
1628622
1628622
1628622
641491
1053818
1272737
1409644
1500389
1561665
1602825
1630075
1647886
1659002
1664203
1666916
1667957
1668478
1668720
1668973
1669056
1669056
1669056
1669056
644460
1063820
1292234
1438850
1539974
1610316
1658644
1691630
1713258
1727106
1734924
1738628
1740865
1742190
1742972
1743513
1743812
1744078
1744299
1744559
648067
1067912
1298925
1445128
1542490
1608561
1653027
1682599
1701472
1713902
1720929
1724483
1726497
1727125
1727844
1728075
1728121
1728225
1728225
1728225
640133
1048006
1266486
1404938
1498775
1563536
1607973
1639139
1659811
1672848
1680221
1683947
1686006
1687051
1687637
1688090
1688261
1688261
1688261
1688261
639566
1047798
1264988
1401045
1492794
1555552
1598613
1627874
1647860
1661055
1669010
1673627
1675458
1676819
1677739
1678343
1678519
1678748
1679060
1679245
629815
1028289
1239360
1372778
1462834
1524107
1566689
1595191
1614542
1627615
1634966
1639529
1641404
1642058
1642288
1642464
1642695
1642747
1642747
1642747
636791
1044138
1263382
1403031
1497280
1561652
1607200
1638743
1660327
1674499
1682644
1687115
1689129
1689762
1690008
1690083
1690132
1690132
1690132
1690132
636703
1043775
1258670
1396487
1492403
1559310
1607172
1640858
1662453
1677567
1687239
1692297
1694388
1695801
1696552
1696857
1696984
1697114
1697271
1697271
633138
1032892
1247349
1382356
1471343
1530925
1571514
1598536
1614933
1624904
1631187
1634487
1636334
1637476
1638374
1639114
1639636
1639861
1639861
1639861
622252
1016074
1227037
1361993
1453013
1515267
1558744
1588802
1609502
1623027
1631299
1635973
1638592
1639907
1640946
1640947
1640947
1640947
1640947
1640947
648540
1066193
1291533
1433589
1527796
1591821
1635623
1665313
1686259
1698877
1707260
1711172
1712900
1713850
1714328
1714507
1714666
1714666
1714666
1714666
639492
1050052
1269823
1410546
1506904
1573689
1619873
1651743
1673438
1688602
1698215
1703699
1707649
1710041
1711643
1712504
1713113
1713395
1713592
1713778
645242
1065044
1289921
1431757
1527258
1592565
1638239
1669586
1690199
1704205
1712215
1716439
1718590
1719569
1720283
1720684
1720774
1720863
1720863
1720863
642587
1055560
1278469
1419460
1513542
1577000
1620370
1650007
1668736
1680644
1687967
1691947
1694393
1696261
1697321
1697781
1698072
1698193
1698193
1698193
643734
1059318
1285028
1427739
1523437
1588733
1633840
1665053
1686420
1701542
1711274
1716716
1719760
1721503
1722061
1722336
1722458
1722458
1722458
1722458
649199
1071468
1295183
1437227
1532680
1596622
1639597
1669148
1688469
1700579
1707518
1710802
1712469
1713521
1714186
1714330
1714330
1714330
1714330
1714330
643163
1058485
1285106
1428859
1526274
1593977
1640885
1673398
1695403
1710058
1718859
1723361
1726040
1727639
1728386
1728537
1728601
1728601
1728601
1728601
648689
1072721
1305131
1455139
1558092
1630140
1680589
1716321
1739712
1755290
1765441
1771782
1775207
1776510
1777263
1777673
1777814
1777814
1777814
1777814
648259
1064454
1292220
1436383
1533030
1598468
1642337
1671283
1690073
1701635
1708749
1713088
1715372
1716678
1717067
1717492
1717743
1717743
1717743
1717743
639415
1051804
1273147
1411417
1505269
1571052
1617015
1648785
1669887
1684108
1692400
1697065
1699317
1700738
1701619
1702308
1702852
1703245
1703389
1703514
644588
1057148
1276373
1414284
1506208
1568151
1610842
1639196
1658255
1669547
1676138
1680670
1682619
1683636
1684032
1684354
1684590
1684744
1684744
1684744
630897
1027183
1242925
1381893
1476715
1541932
1587242
1618841
1639919
1653676
1661845
1667210
1669757
1671007
1671665
1671863
1671969
1671969
1671969
1671969
642681
1060824
1288804
1435257
1535200
1604597
1652806
1687249
1709939
1724766
1734191
1738981
1741594
1743262
1744431
1744934
1745054
1745054
1745054
1745054
636179
1036331
1246324
1377820
1465584
1524569
1564383
1590944
1607851
1618663
1623785
1625903
1626316
1626316
1626316
1626316
1626316
1626316
1626316
1626316
633914
1037786
1251776
1387788
1478991
1541637
1584159
1613242
1632137
1643653
1650281
1653482
1655209
1656048
1656412
1656412
1656412
1656412
1656412
1656412
635780
1035439
1249449
1385121
1476053
1538366
1580383
1609556
1629439
1641833
1649635
1653515
1655909
1657679
1658569
1659016
1659232
1659232
1659232
1659232
640888
1053152
1276384
1418440
1515461
1583694
1631582
1664679
1688191
1703087
1712586
1717532
1720151
1722008
1722691
1723078
1723376
1723492
1723606
1723724
645731
1059699
1277290
1415397
1509048
1573116
1616953
1647450
1667823
1680900
1689380
1694123
1696959
1698668
1699313
1699614
1699942
1700034
1700085
1700085
639765
1045986
1259817
1395462
1486722
1549057
1591345
1620646
1640892
1653452
1660443
1663774
1665408
1666162
1666721
1666977
1667170
1667170
1667170
1667170
639521
1046219
1261676
1398353
1490789
1554041
1597320
1627326
1647781
1660705
1668650
1672398
1674182
1675208
1675406
1675453
1675453
1675453
1675453
1675453
633948
1038761
1258413
1397517
1492113
1554746
1597066
1625760
1643835
1655380
1663376
1667836
1670339
1671295
1671847
1672261
1672325
1672414
1672414
1672414
641733
1052685
1276468
1417597
1511632
1574686
1617798
1646724
1666203
1677963
1685596
1689793
1691595
1692774
1693236
1693348
1693476
1693547
1693547
1693547
646180
1064463
1288682
1432462
1531030
1600656
1649154
1683300
1707407
1722929
1731827
1736892
1740000
1742309
1743890
1744456
1744554
1744684
1744785
1744785
647039
1057296
1274508
1410549
1500964
1561610
1603297
1630469
1648148
1660018
1667500
1671177
1673020
1674098
1674641
1674711
1674711
1674711
1674711
1674711
630065
1025304
1234354
1365496
1452605
1510630
1550201
1576451
1593231
1603672
1609608
1612600
1614332
1615402
1616260
1616742
1617040
1617264
1617264
1617264
633440
1041472
1261854
1401416
1496559
1562600
1608566
1640657
1662216
1677327
1685834
1690760
1694010
1695649
1696512
1697093
1697337
1697456
1697582
1697728
635616
1039850
1257952
1396683
1489854
1552844
1596669
1626082
1645992
1658535
1665857
1670527
1673199
1674525
1675584
1675965
1676099
1676099
1676099
1676099
645943
1063777
1295833
1444739
1545696
1615560
1663583
1696986
1719029
1733656
1743114
1749226
1752275
1753898
1754958
1755703
1756288
1756777
1757079
1757277
642238
1056478
1278751
1420419
1516405
1582149
1628153
1659791
1681107
1692580
1698795
1702683
1705135
1706811
1707707
1707977
1708182
1708242
1708242
1708242
645903
1064041
1286403
1426817
1521658
1586929
1631883
1663303
1683687
1697288
1704469
1708252
1710481
1711336
1711803
1712090
1712090
1712090
1712090
1712090
637520
1041333
1255570
1390669
1480992
1542718
1585360
1615084
1634813
1647473
1655814
1659974
1661868
1663116
1663788
1664228
1664424
1664608
1664715
1664845
645559
1061060
1288820
1434424
1533482
1602313
1650001
1682452
1703929
1718223
1726993
1732054
1734909
1736436
1737172
1737611
1737860
1737967
1737967
1737967
642715
1053241
1279030
1422863
1518598
1584834
1630131
1661394
1682001
1694953
1701645
1705444
1707357
1708794
1709354
1709477
1709477
1709477
1709477
1709477
647303
1061088
1282118
1420510
1512642
1576334
1619862
1649451
1669053
1681622
1688809
1692380
1694365
1695333
1696155
1696543
1696543
1696543
1696543
1696543
629800
1027896
1232523
1361805
1449390
1509811
1550987
1578992
1596883
1609098
1615487
1618766
1620026
1620571
1620753
1620819
1620819
1620819
1620819
1620819
636459
1048185
1271240
1413025
1508867
1574399
1619309
1650423
1671423
1685179
1694250
1699556
1701941
1703287
1704023
1704347
1704361
1704361
1704361
1704361
647188
1066078
1291121
1435328
1533764
1602698
1650402
1683555
1705668
1721131
1730644
1735341
1736994
1737695
1738021
1738122
1738122
1738122
1738122
1738122
635073
1036841
1251976
1387410
1478249
1539343
1580336
1607338
1625152
1636105
1642053
1644903
1646466
1646949
1647294
1647537
1647634
1647634
1647634
1647634
637603
1039937
1250350
1382908
1472444
1533063
1575267
1603596
1622949
1634644
1640776
1643400
1644446
1644942
1645016
1645016
1645016
1645016
1645016
1645016
650829
1066406
1289111
1432605
1530062
1596939
1641511
1672814
1694068
1708027
1716661
1721394
1724517
1725752
1726015
1726015
1726015
1726015
1726015
1726015
646700
1065430
1287194
1427194
1522510
1587424
1633097
1664635
1685057
1698064
1706229
1711046
1713372
1715048
1715575
1716005
1716194
1716331
1716441
1716578
641164
1059132
1289332
1436932
1537246
1606088
1653542
1685880
1707782
1721730
1729648
1733921
1736912
1737992
1738512
1738764
1738904
1739071
1739071
1739071
653339
1081041
1312012
1461122
1563139
1633424
1682300
1715607
1738464
1753769
1763862
1769430
1772683
1774404
1775310
1775904
1776593
1776777
1776777
1776777
634740
1037864
1258441
1397419
1491256
1553722
1596782
1626207
1645517
1658368
1665761
1669944
1671662
1672659
1672958
1672958
1672958
1672958
1672958
1672958
643345
1064746
1294704
1441610
1541489
1610067
1657681
1691425
1713889
1729345
1738166
1743261
1745715
1747244
1748192
1748487
1748659
1748726
1748726
1748726
639273
1042325
1258689
1394866
1485388
1546607
1588340
1616388
1635157
1647942
1655051
1658292
1659792
1660674
1661179
1661341
1661475
1661475
1661475
1661475
644054
1053275
1266724
1398440
1486171
1544823
1584902
1611864
1630661
1642677
1650278
1654465
1656866
1658174
1658910
1659079
1659263
1659485
1659485
1659485
635384
1038268
1253868
1389824
1481401
1543864
1587120
1616634
1636743
1649720
1658195
1662581
1665301
1667099
1667893
1668370
1668528
1668676
1668793
1668945
657645
1089622
1328067
1480959
1584823
1656677
1706296
1740860
1763842
1778427
1787592
1792330
1794830
1795389
1795658
1795726
1795726
1795726
1795726
1795726
636018
1038939
1250244
1382766
1473320
1536170
1579497
1609383
1628910
1640884
1647303
1650740
1652058
1652576
1652919
1652919
1652919
1652919
1652919
1652919
642049
1056845
1279766
1421121
1517179
1583785
1630634
1662744
1684055
1698777
1708835
1714041
1716783
1718353
1719255
1719687
1719787
1719905
1719905
1719905
631976
1030728
1246307
1384308
1476965
1538585
1580428
1609432
1628498
1640243
1648586
1652966
1655397
1656475
1656726
1656932
1657093
1657093
1657093
1657093
645569
1064799
1295385
1443175
1544158
1613648
1662637
1695760
1718764
1734001
1743469
1748662
1750971
1752739
1753813
1754365
1754593
1754646
1754724
1754724
647749
1064310
1287948
1430390
1526970
1593715
1639255
1670719
1691428
1704635
1712063
1715453
1717128
1717744
1718137
1718318
1718318
1718318
1718318
1718318
645534
1060214
1283984
1424569
1519133
1583923
1629349
1659822
1679781
1692231
1698203
1701225
1703232
1703704
1703704
1703704
1703704
1703704
1703704
1703704
645080
1056703
1274396
1411950
1505563
1569387
1613706
1643903
1663514
1675880
1682747
1686021
1687209
1687613
1687776
1687776
1687776
1687776
1687776
1687776
645169
1059023
1285444
1430270
1528258
1594897
1639906
1671187
1691755
1704543
1712950
1717787
1720807
1722708
1723303
1723674
1723921
1724026
1724169
1724268
646871
1063093
1287762
1431151
1528861
1596042
1642611
1674875
1695771
1708878
1715946
1719484
1721463
1722600
1723100
1723322
1723423
1723519
1723618
1723698
640627
1053604
1275953
1417596
1512878
1579239
1625666
1658202
1679371
1692005
1699666
1703540
1705913
1707719
1708889
1709139
1709224
1709224
1709224
1709224
637068
1042210
1256900
1393724
1485805
1549199
1592574
1622584
1643384
1657026
1664537
1668489
1670421
1671144
1671511
1671712
1671770
1671832
1671832
1671832
643425
1057644
1282413
1425854
1522977
1589402
1635904
1667978
1689404
1702811
1710944
1715117
1717306
1718465
1719020
1719383
1719497
1719592
1719592
1719592
646300
1065762
1293645
1439365
1538466
1606929
1654444
1687692
1709929
1724995
1734594
1739948
1743101
1744132
1744611
1745112
1745458
1745459
1745459
1745459
