642246.0
897165.0
1025747.0
1102586.0
1151165.0
1180529.0
1197184.0
1206832.0
1211990.0
1214224.0
1215600.0
1216237.0
1216659.0
1216779.0
1216888.0
1216914.0
1216931.0
1216931.0
1216931.0
1216931.0
648912.0
913721.0
1044900.0
1122334.0
1170683.0
1199791.0
1216389.0
1225620.0
1230347.0
1232696.0
1233558.0
1234070.0
1234284.0
1234434.0
1234430.0
1234429.0
1234429.0
1234429.0
1234429.0
1234429.0
641828.0
901132.0
1031900.0
1108776.0
1157317.0
1186237.0
1202186.0
1210831.0
1215299.0
1217558.0
1218594.0
1219039.0
1219252.0
1219367.0
1219365.0
1219402.0
1219385.0
1219385.0
1219385.0
1219385.0
647472.0
908370.0
1040260.0
1118979.0
1168878.0
1199522.0
1217340.0
1227240.0
1232808.0
1235613.0
1237082.0
1237582.0
1237907.0
1237933.0
1237961.0
1237992.0
1237995.0
1237995.0
1237995.0
1237995.0
640038.0
899201.0
1030434.0
1107268.0
1155713.0
1185138.0
1202307.0
1211549.0
1216225.0
1218559.0
1219656.0
1220135.0
1220353.0
1220499.0
1220514.0
1220544.0
1220544.0
1220544.0
1220544.0
1220544.0
638816.0
895199.0
1024790.0
1101618.0
1151636.0
1181383.0
1198364.0
1208399.0
1213296.0
1215881.0
1217109.0
1217792.0
1218125.0
1218249.0
1218274.0
1218289.0
1218335.0
1218351.0
1218359.0
1218347.0
646108.0
908139.0
1040184.0
1119140.0
1169254.0
1200398.0
1219383.0
1229840.0
1235533.0
1238112.0
1239474.0
1240127.0
1240441.0
1240639.0
1240693.0
1240747.0
1240770.0
1240770.0
1240770.0
1240770.0
644415.0
910513.0
1048339.0
1130173.0
1180762.0
1210620.0
1228146.0
1237640.0
1242250.0
1244653.0
1245817.0
1246083.0
1246439.0
1246649.0
1246728.0
1246725.0
1246733.0
1246729.0
1246729.0
1246729.0
645219.0
908713.0
1043757.0
1125064.0
1175992.0
1207231.0
1224660.0
1233772.0
1238538.0
1240952.0
1241810.0
1242353.0
1242515.0
1242529.0
1242571.0
1242604.0
1242604.0
1242604.0
1242604.0
1242604.0
643465.0
907391.0
1043883.0
1125046.0
1175623.0
1205435.0
1222848.0
1231911.0
1236829.0
1238788.0
1239769.0
1240072.0
1240222.0
1240334.0
1240311.0
1240323.0
1240341.0
1240341.0
1240341.0
1240341.0
647090.0
913991.0
1049055.0
1131799.0
1184418.0
1216985.0
1236113.0
1246482.0
1252244.0
1254806.0
1256204.0
1256766.0
1256953.0
1257147.0
1257201.0
1257187.0
1257209.0
1257203.0
1257203.0
1257203.0
634450.0
881535.0
1004329.0
1076002.0
1121066.0
1147648.0
1163334.0
1171590.0
1175571.0
1177172.0
1177906.0
1178215.0
1178349.0
1178406.0
1178414.0
1178414.0
1178414.0
1178414.0
1178414.0
1178414.0
639747.0
896529.0
1026071.0
1102202.0
1150230.0
1178764.0
1194833.0
1204337.0
1209083.0
1211576.0
1212816.0
1213326.0
1213727.0
1213896.0
1214024.0
1214075.0
1214078.0
1214078.0
1214078.0
1214078.0
644387.0
904277.0
1034264.0
1110016.0
1156456.0
1184020.0
1199085.0
1206940.0
1210615.0
1212253.0
1213257.0
1213549.0
1213628.0
1213788.0
1213782.0
1213796.0
1213796.0
1213796.0
1213796.0
1213796.0
632824.0
881904.0
1006107.0
1078685.0
1124018.0
1150544.0
1165610.0
1173884.0
1177824.0
1179897.0
1180827.0
1181115.0
1181278.0
1181315.0
1181387.0
1181424.0
1181434.0
1181449.0
1181449.0
1181449.0
649050.0
917488.0
1053319.0
1136348.0
1188861.0
1221123.0
1239244.0
1248907.0
1254318.0
1257041.0
1258343.0
1258922.0
1259076.0
1259195.0
1259296.0
1259325.0
1259318.0
1259318.0
1259318.0
1259318.0
643095.0
900962.0
1033509.0
1113335.0
1164208.0
1195431.0
1213092.0
1223215.0
1228402.0
1231457.0
1232392.0
1232923.0
1233087.0
1233214.0
1233277.0
1233355.0
1233371.0
1233371.0
1233371.0
1233371.0
640118.0
896336.0
1027149.0
1108228.0
1160489.0
1192992.0
1212602.0
1224155.0
1230201.0
1233049.0
1234628.0
1235425.0
1235650.0
1235854.0
1235927.0
1235957.0
1235942.0
1235969.0
1235980.0
1235980.0
640852.0
897695.0
1026986.0
1103572.0
1152632.0
1182833.0
1201022.0
1211255.0
1216399.0
1218852.0
1220122.0
1220717.0
1221002.0
1221057.0
1221196.0
1221196.0
1221196.0
1221196.0
1221196.0
1221196.0
648715.0
914011.0
1046000.0
1125019.0
1174311.0
1203799.0
1220724.0
1229201.0
1233856.0
1236001.0
1237219.0
1237717.0
1238138.0
1238375.0
1238437.0
1238573.0
1238612.0
1238675.0
1238686.0
1238717.0
633977.0
881143.0
1007503.0
1082730.0
1129333.0
1158105.0
1174415.0
1183454.0
1187990.0
1190309.0
1191377.0
1191858.0
1192154.0
1192254.0
1192398.0
1192443.0
1192443.0
1192443.0
1192443.0
1192443.0
642312.0
898801.0
1029763.0
1107478.0
1155410.0
1183611.0
1199199.0
1207900.0
1212116.0
1214016.0
1214733.0
1214982.0
1215022.0
1215044.0
1215065.0
1215065.0
1215065.0
1215065.0
1215065.0
1215065.0
633292.0
889935.0
1021099.0
1099356.0
1149114.0
1178178.0
1195224.0
1204886.0
1209585.0
1211649.0
1212736.0
1213328.0
1213585.0
1213797.0
1213908.0
1213958.0
1214011.0
1214012.0
1214014.0
1214014.0
642685.0
900172.0
1028424.0
1103268.0
1149593.0
1176971.0
1192617.0
1200394.0
1204098.0
1205988.0
1206803.0
1207280.0
1207431.0
1207477.0
1207495.0
1207495.0
1207495.0
1207495.0
1207495.0
1207495.0
639805.0
894329.0
1023398.0
1099555.0
1146342.0
1174706.0
1190746.0
1199502.0
1204733.0
1206978.0
1208150.0
1208581.0
1208920.0
1208978.0
1208986.0
1208987.0
1208987.0
1208987.0
1208987.0
1208987.0
643672.0
905985.0
1039496.0
1119430.0
1170130.0
1200438.0
1218152.0
1227903.0
1233160.0
1235671.0
1236943.0
1237507.0
1237869.0
1237974.0
1238007.0
1238076.0
1238073.0
1238125.0
1238125.0
1238125.0
647399.0
908042.0
1038669.0
1114692.0
1160873.0
1187578.0
1202313.0
1209856.0
1213509.0
1215135.0
1215846.0
1216100.0
1216213.0
1216252.0
1216252.0
1216252.0
1216252.0
1216252.0
1216252.0
1216252.0
651233.0
918595.0
1051767.0
1129291.0
1178334.0
1207106.0
1223215.0
1231519.0
1236055.0
1238035.0
1239001.0
1239412.0
1239601.0
1239702.0
1239739.0
1239782.0
1239828.0
1239851.0
1239920.0
1239920.0
639835.0
891951.0
1017073.0
1091641.0
1139312.0
1168752.0
1185341.0
1195072.0
1199913.0
1202470.0
1203590.0
1204258.0
1204667.0
1204742.0
1204834.0
1204877.0
1204874.0
1204938.0
1204939.0
1204937.0
647453.0
910166.0
1041036.0
1119632.0
1169698.0
1199920.0
1217683.0
1227759.0
1232497.0
1234861.0
1235736.0
1236284.0
1236584.0
1236680.0
1236773.0
1236773.0
1236799.0
1236807.0
1236807.0
1236807.0
636443.0
888759.0
1014880.0
1089168.0
1135879.0
1163819.0
1179299.0
1188301.0
1193023.0
1195186.0
1196408.0
1196954.0
1197198.0
1197246.0
1197319.0
1197361.0
1197358.0
1197358.0
1197358.0
1197358.0
636129.0
887865.0
1017409.0
1096473.0
1145707.0
1176975.0
1195303.0
1205404.0
1211275.0
1214399.0
1215905.0
1216792.0
1217143.0
1217408.0
1217505.0
1217687.0
1217692.0
1217690.0
1217736.0
1217736.0
640944.0
892845.0
1018114.0
1091864.0
1137247.0
1163983.0
1179261.0
1187028.0
1190788.0
1192501.0
1193202.0
1193435.0
1193685.0
1193787.0
1193774.0
1193774.0
1193774.0
1193774.0
1193774.0
1193774.0
640755.0
892884.0
1018538.0
1091532.0
1136401.0
1163753.0
1179187.0
1187904.0
1192337.0
1194550.0
1195582.0
1196093.0
1196362.0
1196492.0
1196561.0
1196581.0
1196588.0
1196588.0
1196588.0
1196588.0
635172.0
883946.0
1004318.0
1073129.0
1114290.0
1137398.0
1149632.0
1156017.0
1158602.0
1159878.0
1160315.0
1160471.0
1160533.0
1160585.0
1160596.0
1160605.0
1160605.0
1160605.0
1160605.0
1160605.0
633672.0
878367.0
1000499.0
1072119.0
1116310.0
1143482.0
1159339.0
1168225.0
1172629.0
1174989.0
1175649.0
1176247.0
1176516.0
1176624.0
1176699.0
1176736.0
1176784.0
1176803.0
1176828.0
1176828.0
639126.0
892136.0
1018011.0
1093599.0
1140328.0
1168027.0
1183707.0
1192207.0
1196410.0
1198213.0
1199227.0
1199693.0
1199896.0
1199985.0
1200066.0
1200134.0
1200134.0
1200134.0
1200134.0
1200134.0
644913.0
905290.0
1037748.0
1118186.0
1169080.0
1200518.0
1217914.0
1227858.0
1232803.0
1235088.0
1236268.0
1236922.0
1237271.0
1237512.0
1237650.0
1237702.0
1237780.0
1237811.0
1237854.0
1237854.0
644122.0
906055.0
1038493.0
1116368.0
1164474.0
1193092.0
1209049.0
1218052.0
1222294.0
1224438.0
1225272.0
1225724.0
1225803.0
1225881.0
1225958.0
1225948.0
1225971.0
1225985.0
1225985.0
1225985.0
642332.0
900538.0
1030469.0
1107635.0
1156774.0
1185879.0
1202974.0
1212413.0
1217019.0
1219429.0
1220610.0
1221170.0
1221541.0
1221826.0
1221931.0
1221988.0
1222034.0
1222092.0
1222156.0
1222165.0
649380.0
914585.0
1046319.0
1124406.0
1173809.0
1203803.0
1221222.0
1230688.0
1235430.0
1237583.0
1238526.0
1238837.0
1239136.0
1239187.0
1239215.0
1239223.0
1239248.0
1239248.0
1239248.0
1239248.0
643922.0
903120.0
1035977.0
1116096.0
1166732.0
1197658.0
1215783.0
1226223.0
1231321.0
1233497.0
1234771.0
1235271.0
1235410.0
1235422.0
1235447.0
1235487.0
1235502.0
1235502.0
1235502.0
1235502.0
646427.0
909102.0
1040470.0
1118181.0
1165701.0
1194185.0
1210237.0
1219199.0
1223997.0
1226189.0
1227301.0
1227861.0
1228251.0
1228427.0
1228483.0
1228530.0
1228519.0
1228519.0
1228519.0
1228519.0
640688.0
893274.0
1021406.0
1098560.0
1147222.0
1177469.0
1195495.0
1205814.0
1210786.0
1213168.0
1214138.0
1214638.0
1214838.0
1214853.0
1214871.0
1214919.0
1214919.0
1214919.0
1214919.0
1214919.0
630482.0
872945.0
993860.0
1065865.0
1110279.0
1137647.0
1152770.0
1161001.0
1165561.0
1167560.0
1168585.0
1169142.0
1169225.0
1169337.0
1169417.0
1169483.0
1169451.0
1169451.0
1169451.0
1169451.0
645658.0
908412.0
1041605.0
1121811.0
1172442.0
1203092.0
1221175.0
1231589.0
1236972.0
1239643.0
1240872.0
1241432.0
1241852.0
1241935.0
1242027.0
1242056.0
1242058.0
1242058.0
1242098.0
1242098.0
640285.0
900241.0
1032840.0
1111972.0
1162278.0
1192361.0
1209643.0
1218894.0
1223919.0
1226300.0
1227601.0
1227991.0
1228358.0
1228511.0
1228554.0
1228643.0
1228633.0
1228633.0
1228633.0
1228633.0
631322.0
875439.0
996757.0
1068534.0
1113996.0
1141897.0
1158266.0
1167024.0
1171555.0
1174005.0
1175169.0
1175763.0
1176205.0
1176255.0
1176356.0
1176386.0
1176398.0
1176398.0
1176398.0
1176398.0
652966.0
921513.0
1055737.0
1135586.0
1187565.0
1219765.0
1237993.0
1248008.0
1253777.0
1256492.0
1257638.0
1258353.0
1258761.0
1258959.0
1259049.0
1259072.0
1259049.0
1259066.0
1259076.0
1259076.0
645303.0
903324.0
1032486.0
1108258.0
1154692.0
1181632.0
1197738.0
1206492.0
1211256.0
1213634.0
1214799.0
1215357.0
1215508.0
1215717.0
1215722.0
1215736.0
1215736.0
1215736.0
1215736.0
1215736.0
637434.0
886957.0
1010900.0
1083776.0
1129333.0
1156895.0
1173517.0
1182940.0
1187675.0
1190300.0
1191212.0
1191603.0
1191872.0
1192142.0
1192220.0
1192217.0
1192294.0
1192313.0
1192339.0
1192339.0
642419.0
902059.0
1036012.0
1116698.0
1168593.0
1200879.0
1219921.0
1230113.0
1235956.0
1238679.0
1240094.0
1240712.0
1240866.0
1240939.0
1241008.0
1241002.0
1241028.0
1241028.0
1241028.0
1241028.0
653399.0
921382.0
1053583.0
1129767.0
1178154.0
1207216.0
1222966.0
1231805.0
1236184.0
1238151.0
1238965.0
1239486.0
1239616.0
1239706.0
1239706.0
1239713.0
1239713.0
1239713.0
1239713.0
1239713.0
643409.0
897080.0
1022278.0
1093951.0
1136193.0
1160587.0
1174022.0
1180677.0
1183944.0
1185360.0
1186146.0
1186573.0
1186756.0
1186952.0
1187083.0
1187084.0
1187114.0
1187114.0
1187114.0
1187114.0
635563.0
889854.0
1014867.0
1088056.0
1133387.0
1160249.0
1176094.0
1184920.0
1189419.0
1191823.0
1192684.0
1193192.0
1193321.0
1193373.0
1193447.0
1193463.0
1193468.0
1193473.0
1193474.0
1193474.0
647920.0
908249.0
1039421.0
1117092.0
1165017.0
1194188.0
1210825.0
1219946.0
1224741.0
1226897.0
1227809.0
1228227.0
1228396.0
1228452.0
1228532.0
1228550.0
1228568.0
1228568.0
1228568.0
1228568.0
631637.0
880970.0
1004217.0
1075643.0
1119923.0
1145567.0
1159707.0
1167207.0
1170620.0
1172150.0
1172921.0
1173046.0
1173143.0
1173220.0
1173222.0
1173250.0
1173272.0
1173260.0
1173283.0
1173286.0
644991.0
909325.0
1045241.0
1128296.0
1180803.0
1212265.0
1230623.0
1240561.0
1245494.0
1247518.0
1248704.0
1249189.0
1249406.0
1249653.0
1249693.0
1249729.0
1249729.0
1249729.0
1249729.0
1249729.0
643180.0
899415.0
1025926.0
1100284.0
1145453.0
1171648.0
1185194.0
1192429.0
1196180.0
1197961.0
1198602.0
1199088.0
1199291.0
1199366.0
1199393.0
1199428.0
1199433.0
1199454.0
1199454.0
1199454.0
637440.0
895068.0
1027001.0
1105385.0
1153634.0
1182696.0
1198931.0
1207910.0
1212846.0
1215469.0
1216830.0
1217440.0
1217768.0
1218072.0
1218086.0
1218092.0
1218125.0
1218125.0
1218125.0
1218125.0
642797.0
905153.0
1043454.0
1128970.0
1183857.0
1218585.0
1238699.0
1250496.0
1257075.0
1260214.0
1261605.0
1262173.0
1262522.0
1262642.0
1262755.0
1262840.0
1262840.0
1262840.0
1262840.0
1262840.0
639753.0
896521.0
1029327.0
1110817.0
1163514.0
1195808.0
1214893.0
1225526.0
1231259.0
1233868.0
1235281.0
1236230.0
1236642.0
1236866.0
1236947.0
1236956.0
1236965.0
1236965.0
1236965.0
1236965.0
637573.0
890157.0
1015525.0
1088627.0
1134218.0
1161552.0
1176612.0
1185036.0
1189038.0
1191097.0
1192131.0
1192435.0
1192596.0
1192730.0
1192764.0
1192772.0
1192814.0
1192814.0
1192814.0
1192814.0
636772.0
891312.0
1020112.0
1096409.0
1145369.0
1175611.0
1192925.0
1202292.0
1207439.0
1209855.0
1211080.0
1211804.0
1212112.0
1212245.0
1212266.0
1212298.0
1212286.0
1212286.0
1212286.0
1212286.0
641059.0
894489.0
1021313.0
1097002.0
1144663.0
1173594.0
1190143.0
1199911.0
1205269.0
1207820.0
1208829.0
1209238.0
1209517.0
1209584.0
1209632.0
1209638.0
1209638.0
1209638.0
1209638.0
1209638.0
640278.0
898097.0
1028193.0
1105729.0
1153515.0
1181652.0
1198245.0
1206640.0
1211044.0
1213410.0
1214402.0
1214707.0
1214908.0
1215014.0
1215064.0
1215066.0
1215085.0
1215085.0
1215085.0
1215085.0
646863.0
913504.0
1052116.0
1135802.0
1189711.0
1222078.0
1241279.0
1252275.0
1258033.0
1260643.0
1261991.0
1262698.0
1262856.0
1262954.0
1263054.0
1263052.0
1263084.0
1263077.0
1263078.0
1263091.0
634543.0
880791.0
1000179.0
1069510.0
1112623.0
1137753.0
1152166.0
1160554.0
1164553.0
1166353.0
1167066.0
1167466.0
1167473.0
1167645.0
1167694.0
1167708.0
1167708.0
1167708.0
1167708.0
1167708.0
636683.0
885372.0
1006724.0
1079020.0
1123673.0
1149897.0
1164784.0
1172528.0
1176486.0
1178390.0
1179212.0
1179592.0
1179720.0
1179815.0
1179866.0
1179873.0
1179873.0
1179873.0
1179873.0
1179873.0
638879.0
899559.0
1034405.0
1114665.0
1165015.0
1195670.0
1213783.0
1224323.0
1230316.0
1233303.0
1234865.0
1235780.0
1236121.0
1236439.0
1236591.0
1236627.0
1236645.0
1236649.0
1236671.0
1236671.0
646843.0
905774.0
1033874.0
1109918.0
1157955.0
1187794.0
1205481.0
1215352.0
1220091.0
1222720.0
1223728.0
1224224.0
1224456.0
1224604.0
1224680.0
1224728.0
1224711.0
1224711.0
1224711.0
1224711.0
638983.0
893041.0
1020742.0
1097346.0
1146064.0
1175921.0
1193158.0
1203048.0
1208423.0
1210672.0
1211675.0
1212239.0
1212429.0
1212487.0
1212560.0
1212575.0
1212588.0
1212578.0
1212615.0
1212620.0
639855.0
897494.0
1027100.0
1104400.0
1152347.0
1181304.0
1197028.0
1205215.0
1209175.0
1211142.0
1212029.0
1212591.0
1212846.0
1212939.0
1212965.0
1212986.0
1213001.0
1213005.0
1212994.0
1212994.0
633817.0
881485.0
1004282.0
1077346.0
1123078.0
1149842.0
1165612.0
1174030.0
1178356.0
1180058.0
1181331.0
1181700.0
1181961.0
1182024.0
1182096.0
1182142.0
1182172.0
1182157.0
1182167.0
1182167.0
642666.0
898025.0
1028293.0
1105708.0
1153807.0
1182930.0
1199317.0
1207993.0
1212746.0
1214809.0
1215727.0
1216075.0
1216133.0
1216238.0
1216287.0
1216315.0
1216318.0
1216318.0
1216318.0
1216318.0
641269.0
898981.0
1029618.0
1106297.0
1153894.0
1182685.0
1198431.0
1207249.0
1211434.0
1213353.0
1214401.0
1214777.0
1214738.0
1214786.0
1214786.0
1214786.0
1214786.0
1214786.0
1214786.0
1214786.0
646218.0
910694.0
1045483.0
1126323.0
1178908.0
1210897.0
1229627.0
1239952.0
1245542.0
1248071.0
1249315.0
1249777.0
1250123.0
1250215.0
1250275.0
1250275.0
1250275.0
1250275.0
1250275.0
1250275.0
632238.0
878107.0
1002236.0
1075599.0
1121781.0
1149347.0
1164982.0
1173550.0
1177915.0
1179984.0
1180966.0
1181517.0
1181745.0
1181872.0
1182029.0
1182084.0
1182104.0
1182113.0
1182113.0
1182113.0
649926.0
911554.0
1043177.0
1121123.0
1169173.0
1198558.0
1214820.0
1222960.0
1226927.0
1228713.0
1229511.0
1229748.0
1230033.0
1230164.0
1230184.0
1230204.0
1230202.0
1230207.0
1230207.0
1230207.0
645513.0
908026.0
1041388.0
1121784.0
1173481.0
1204434.0
1223007.0
1233103.0
1238583.0
1241346.0
1242753.0
1243238.0
1243586.0
1243814.0
1243894.0
1243910.0
1243923.0
1243923.0
1243923.0
1243923.0
646929.0
913843.0
1050274.0
1132293.0
1184467.0
1216997.0
1235901.0
1246521.0
1251868.0
1254584.0
1255619.0
1256209.0
1256392.0
1256527.0
1256549.0
1256616.0
1256619.0
1256619.0
1256619.0
1256619.0
659110.0
936498.0
1079260.0
1165490.0
1221479.0
1255390.0
1274863.0
1285430.0
1291159.0
1294023.0
1295384.0
1295995.0
1296242.0
1296357.0
1296430.0
1296467.0
1296476.0
1296476.0
1296476.0
1296476.0
644772.0
911432.0
1049633.0
1132645.0
1185078.0
1216548.0
1235232.0
1245347.0
1251005.0
1254046.0
1255573.0
1256005.0
1256451.0
1256635.0
1256638.0
1256637.0
1256637.0
1256637.0
1256637.0
1256637.0
642934.0
902318.0
1033558.0
1112454.0
1161982.0
1191437.0
1207787.0
1217174.0
1221638.0
1224010.0
1225341.0
1225999.0
1226371.0
1226674.0
1226824.0
1226925.0
1226966.0
1226984.0
1227039.0
1227039.0
649242.0
920270.0
1062409.0
1148421.0
1203487.0
1237166.0
1256701.0
1267913.0
1274086.0
1277010.0
1278455.0
1279130.0
1279481.0
1279662.0
1279782.0
1279888.0
1279881.0
1279881.0
1279881.0
1279881.0
639815.0
893737.0
1022079.0
1099127.0
1148148.0
1177736.0
1195122.0
1204774.0
1209821.0
1211807.0
1213128.0
1213508.0
1213710.0
1213790.0
1213851.0
1213868.0
1213868.0
1213868.0
1213868.0
1213868.0
646609.0
905532.0
1034502.0
1111206.0
1160079.0
1190870.0
1209541.0
1219608.0
1225122.0
1228299.0
1229961.0
1230754.0
1230964.0
1231204.0
1231412.0
1231409.0
1231430.0
1231478.0
1231504.0
1231504.0
640217.0
896902.0
1028808.0
1107329.0
1157106.0
1188105.0
1206599.0
1217024.0
1222843.0
1225534.0
1226991.0
1227553.0
1227850.0
1228040.0
1228129.0
1228189.0
1228243.0
1228292.0
1228292.0
1228292.0
643968.0
900642.0
1028947.0
1104646.0
1152028.0
1181466.0
1198336.0
1207332.0
1212019.0
1214413.0
1215295.0
1215681.0
1215968.0
1216073.0
1216190.0
1216253.0
1216253.0
1216253.0
1216253.0
1216253.0
635918.0
886878.0
1011515.0
1085833.0
1132467.0
1160712.0
1176062.0
1184854.0
1188951.0
1191000.0
1191934.0
1192090.0
1192187.0
1192245.0
1192300.0
1192297.0
1192300.0
1192300.0
1192300.0
1192300.0
643769.0
906759.0
1040760.0
1118852.0
1167732.0
1196374.0
1212275.0
1221036.0
1225235.0
1227144.0
1227923.0
1228154.0
1228280.0
1228349.0
1228419.0
1228440.0
1228471.0
1228471.0
1228471.0
1228471.0
651377.0
917647.0
1051269.0
1130119.0
1180345.0
1210130.0
1227296.0
1236286.0
1240813.0
1243026.0
1243788.0
1244049.0
1244124.0
1244233.0
1244260.0
1244270.0
1244270.0
1244270.0
1244270.0
1244270.0
631865.0
886560.0
1017972.0
1097235.0
1146367.0
1176250.0
1193049.0
1201828.0
1206313.0
1208383.0
1209532.0
1210076.0
1210436.0
1210519.0
1210604.0
1210635.0
1210646.0
1210654.0
1210657.0
1210669.0
640821.0
896712.0
1025662.0
1101543.0
1149409.0
1177662.0
1193775.0
1202796.0
1207000.0
1208960.0
1209844.0
1210312.0
1210445.0
1210490.0
1210533.0
1210572.0
1210586.0
1210586.0
1210586.0
1210586.0
641437.0
898690.0
1029612.0
1108092.0
1157888.0
1187818.0
1205727.0
1215555.0
1220915.0
1223763.0
1224943.0
1225490.0
1225727.0
1225853.0
1225823.0
1225892.0
1225897.0
1225889.0
1225913.0
1225941.0
641331.0
897557.0
1024776.0
1100188.0
1147336.0
1175387.0
1190909.0
1199650.0
1204267.0
1206743.0
1207955.0
1208455.0
1208821.0
1209005.0
1209151.0
1209221.0
1209204.0
1209257.0
1209237.0
1209272.0
652482.0
924427.0
1065042.0
1149349.0
1203162.0
1237142.0
1256988.0
1268208.0
1274142.0
1277073.0
1278345.0
1279125.0
1279417.0
1279562.0
1279578.0
1279613.0
1279602.0
1279602.0
1279602.0
1279602.0
649183.0
913882.0
1045958.0
1125144.0
1175321.0
1205965.0
1223413.0
1233531.0
1238220.0
1240488.0
1241363.0
1241715.0
1241989.0
1242105.0
1242189.0
1242300.0
1242299.0
1242299.0
1242299.0
1242299.0
648423.0
909432.0
1039026.0
1115370.0
1164284.0
1193296.0
1209761.0
1219259.0
1224132.0
1226739.0
1227730.0
1228380.0
1228712.0
1228885.0
1228918.0
1228933.0
1228976.0
1228976.0
1228976.0
1228976.0
636683.0
887221.0
1013412.0
1088339.0
1133225.0
1160389.0
1175203.0
1183774.0
1188083.0
1190493.0
1191509.0
1191935.0
1192095.0
1192067.0
1192118.0
1192135.0
1192141.0
1192141.0
1192141.0
1192141.0
652849.0
923065.0
1060540.0
1143683.0
1198107.0
1230953.0
1249740.0
1260998.0
1266452.0
1269164.0
1270681.0
1271274.0
1271573.0
1271737.0
1271895.0
1272009.0
1272014.0
1272051.0
1272051.0
1272051.0
623900.0
863354.0
983945.0
1055074.0
1099182.0
1126369.0
1142578.0
1151538.0
1156162.0
1158733.0
1160061.0
1160724.0
1161013.0
1161168.0
1161242.0
1161231.0
1161231.0
1161231.0
1161231.0
1161231.0
653015.0
920191.0
1054046.0
1131276.0
1181133.0
1211818.0
1228360.0
1237236.0
1241975.0
1244283.0
1245500.0
1245864.0
1246118.0
1246264.0
1246332.0
1246355.0
1246337.0
1246383.0
1246386.0
1246386.0
641268.0
894028.0
1020985.0
1096589.0
1143283.0
1171054.0
1186771.0
1195423.0
1199606.0
1201822.0
1202507.0
1202829.0
1202931.0
1202964.0
1202962.0
1202955.0
1202958.0
1202970.0
1202967.0
1202976.0
635869.0
889019.0
1018887.0
1097498.0
1147957.0
1179222.0
1197393.0
1208196.0
1213771.0
1216644.0
1217946.0
1218656.0
1218928.0
1219050.0
1219098.0
1219139.0
1219144.0
1219192.0
1219198.0
1219232.0
641383.0
897283.0
1029273.0
1107147.0
1156075.0
1186257.0
1202889.0
1212406.0
1217665.0
1219622.0
1220750.0
1221140.0
1221452.0
1221539.0
1221641.0
1221676.0
1221676.0
1221676.0
1221676.0
1221676.0
643260.0
902839.0
1031239.0
1107672.0
1156058.0
1185144.0
1202040.0
1211652.0
1216616.0
1218665.0
1219427.0
1219913.0
1220098.0
1220251.0
1220325.0
1220331.0
1220323.0
1220323.0
1220323.0
1220323.0
642507.0
900291.0
1028627.0
1104272.0
1151868.0
1180691.0
1197582.0
1207405.0
1212306.0
1214840.0
1216020.0
1216528.0
1216681.0
1216755.0
1216876.0
1216928.0
1216918.0
1216937.0
1216937.0
1216937.0
641706.0
896460.0
1022756.0
1097170.0
1144223.0
1173351.0
1190652.0
1200469.0
1205212.0
1208033.0
1209289.0
1209822.0
1210132.0
1210301.0
1210394.0
1210412.0
1210431.0
1210443.0
1210443.0
1210443.0
644835.0
907789.0
1042013.0
1120852.0
1169792.0
1199025.0
1215545.0
1224277.0
1229014.0
1231389.0
1232619.0
1233084.0
1233170.0
1233443.0
1233505.0
1233502.0
1233499.0
1233493.0
1233493.0
1233493.0
640244.0
890371.0
1017334.0
1092132.0
1138283.0
1165028.0
1180046.0
1187338.0
1190987.0
1192590.0
1193504.0
1193725.0
1193895.0
1194079.0
1194072.0
1194073.0
1194073.0
1194073.0
1194073.0
1194073.0
635687.0
890329.0
1018517.0
1094532.0
1141855.0
1169078.0
1184694.0
1192687.0
1196890.0
1198674.0
1199528.0
1199908.0
1200102.0
1200193.0
1200261.0
1200261.0
1200261.0
1200261.0
1200261.0
1200261.0
643043.0
903310.0
1037269.0
1117774.0
1168880.0
1200076.0
1217327.0
1226443.0
1231306.0
1233299.0
1234428.0
1234941.0
1235168.0
1235211.0
1235248.0
1235254.0
1235254.0
1235254.0
1235254.0
1235254.0
653541.0
920950.0
1055959.0
1136293.0
1186543.0
1217232.0
1234933.0
1244903.0
1250157.0
1252843.0
1254048.0
1254474.0
1254820.0
1254875.0
1254963.0
1254984.0
1254984.0
1254984.0
1254984.0
1254984.0
653353.0
924386.0
1060476.0
1142032.0
1193788.0
1226355.0
1245701.0
1256573.0
1262521.0
1265197.0
1266133.0
1266635.0
1266885.0
1267071.0
1267114.0
1267130.0
1267170.0
1267170.0
1267170.0
1267170.0
637078.0
890088.0
1018268.0
1093743.0
1141229.0
1170472.0
1187104.0
1196387.0
1200985.0
1203355.0
1204470.0
1205013.0
1205162.0
1205212.0
1205258.0
1205265.0
1205269.0
1205269.0
1205269.0
1205269.0
639698.0
899792.0
1032597.0
1111823.0
1161185.0
1190778.0
1208163.0
1217577.0
1222908.0
1225378.0
1226775.0
1227224.0
1227560.0
1227645.0
1227713.0
1227749.0
1227728.0
1227726.0
1227726.0
1227726.0
648848.0
913877.0
1048746.0
1131827.0
1187214.0
1222197.0
1243953.0
1256789.0
1263694.0
1266724.0
1268167.0
1268962.0
1269289.0
1269433.0
1269459.0
1269456.0
1269476.0
1269485.0
1269485.0
1269485.0
648574.0
913927.0
1050712.0
1133229.0
1186605.0
1220202.0
1239597.0
1250566.0
1256508.0
1259475.0
1260867.0
1261491.0
1261754.0
1261991.0
1262081.0
1262121.0
1262122.0
1262116.0
1262116.0
1262116.0
645929.0
907416.0
1040513.0
1119089.0
1169946.0
1200729.0
1218287.0
1227899.0
1232686.0
1234938.0
1235948.0
1236387.0
1236498.0
1236533.0
1236589.0
1236572.0
1236567.0
1236595.0
1236595.0
1236595.0
642326.0
906048.0
1043976.0
1127515.0
1179956.0
1212055.0
1230200.0
1239975.0
1244769.0
1247128.0
1248139.0
1248444.0
1248688.0
1248697.0
1248754.0
1248786.0
1248786.0
1248786.0
1248786.0
1248786.0
644535.0
906909.0
1041549.0
1122378.0
1173375.0
1204828.0
1224013.0
1234617.0
1240673.0
1243730.0
1245040.0
1245814.0
1246257.0
1246442.0
1246461.0
1246527.0
1246536.0
1246570.0
1246570.0
1246570.0
636658.0
888186.0
1015614.0
1091123.0
1139266.0
1168701.0
1185468.0
1194462.0
1198986.0
1201091.0
1201678.0
1202020.0
1202177.0
1202191.0
1202200.0
1202204.0
1202204.0
1202204.0
1202204.0
1202204.0
641242.0
898886.0
1030753.0
1111160.0
1162437.0
1193968.0
1212544.0
1222512.0
1227317.0
1229633.0
1231020.0
1231524.0
1231742.0
1231846.0
1231901.0
1231936.0
1231936.0
1231936.0
1231936.0
1231936.0
655145.0
930358.0
1070511.0
1154737.0
1208334.0
1241376.0
1259899.0
1270259.0
1275364.0
1277781.0
1279194.0
1279811.0
1280119.0
1280208.0
1280320.0
1280395.0
1280405.0
1280405.0
1280405.0
1280405.0
635429.0
886892.0
1016082.0
1093404.0
1142764.0
1172809.0
1189289.0
1199159.0
1204284.0
1206857.0
1208243.0
1208640.0
1209030.0
1209099.0
1209156.0
1209188.0
1209188.0
1209188.0
1209188.0
1209188.0
635852.0
885760.0
1008594.0
1080777.0
1126726.0
1153866.0
1169310.0
1177499.0
1181912.0
1184099.0
1184802.0
1185138.0
1185234.0
1185385.0
1185414.0
1185437.0
1185446.0
1185446.0
1185446.0
1185446.0
630080.0
872938.0
990906.0
1059784.0
1101606.0
1126727.0
1141079.0
1148401.0
1152675.0
1154309.0
1154991.0
1155475.0
1155531.0
1155541.0
1155548.0
1155549.0
1155580.0
1155580.0
1155580.0
1155580.0
641491.0
899024.0
1026457.0
1101016.0
1146449.0
1172993.0
1187757.0
1194955.0
1198408.0
1199872.0
1200673.0
1200806.0
1200927.0
1200960.0
1201016.0
1201047.0
1201052.0
1201052.0
1201052.0
1201052.0
644460.0
907710.0
1042762.0
1124238.0
1176526.0
1208846.0
1227088.0
1237344.0
1242442.0
1245038.0
1246274.0
1246660.0
1246865.0
1247056.0
1247092.0
1247191.0
1247230.0
1247246.0
1247313.0
1247295.0
648067.0
916756.0
1053781.0
1134696.0
1184000.0
1212451.0
1229139.0
1237377.0
1241468.0
1243270.0
1244115.0
1244407.0
1244595.0
1244595.0
1244640.0
1244673.0
1244679.0
1244679.0
1244679.0
1244679.0
640133.0
895532.0
1024846.0
1101436.0
1150263.0
1179990.0
1196511.0
1206183.0
1210685.0
1213206.0
1213945.0
1214301.0
1214608.0
1214597.0
1214725.0
1214716.0
1214743.0
1214743.0
1214743.0
1214743.0
639566.0
893928.0
1020746.0
1095123.0
1141868.0
1169386.0
1185545.0
1193852.0
1198600.0
1200791.0
1201932.0
1202597.0
1202826.0
1202939.0
1202979.0
1203049.0
1203031.0
1203020.0
1203022.0
1203025.0
629815.0
875787.0
998956.0
1071166.0
1115638.0
1142081.0
1157309.0
1165687.0
1169350.0
1171553.0
1172544.0
1172991.0
1173240.0
1173328.0
1173364.0
1173392.0
1173429.0
1173425.0
1173425.0
1173425.0
636791.0
890604.0
1017764.0
1093839.0
1141650.0
1170640.0
1187750.0
1196599.0
1201311.0
1203703.0
1204886.0
1205503.0
1205689.0
1205784.0
1205808.0
1205801.0
1205812.0
1205812.0
1205812.0
1205812.0
636703.0
886729.0
1010020.0
1084167.0
1132461.0
1162300.0
1180652.0
1190674.0
1195769.0
1198437.0
1199569.0
1200105.0
1200326.0
1200485.0
1200552.0
1200593.0
1200590.0
1200604.0
1200649.0
1200649.0
633138.0
884660.0
1010595.0
1083626.0
1128031.0
1153539.0
1167882.0
1175268.0
1178889.0
1180590.0
1181411.0
1181791.0
1181974.0
1182120.0
1182224.0
1182250.0
1182304.0
1182343.0
1182343.0
1182343.0
622252.0
863872.0
986003.0
1057101.0
1102105.0
1128915.0
1144240.0
1153018.0
1157664.0
1160011.0
1161379.0
1161693.0
1161922.0
1162045.0
1162060.0
1162061.0
1162061.0
1162061.0
1162061.0
1162061.0
648540.0
912055.0
1045227.0
1124061.0
1172870.0
1200861.0
1216971.0
1225271.0
1230073.0
1231955.0
1233130.0
1233382.0
1233556.0
1233656.0
1233698.0
1233747.0
1233738.0
1233738.0
1233738.0
1233738.0
639492.0
894810.0
1023011.0
1100692.0
1149588.0
1180187.0
1197729.0
1207639.0
1212592.0
1215716.0
1217103.0
1217985.0
1218553.0
1218833.0
1219037.0
1219156.0
1219241.0
1219273.0
1219340.0
1219332.0
645242.0
909042.0
1041083.0
1119489.0
1168516.0
1197471.0
1214461.0
1223786.0
1228323.0
1230557.0
1231575.0
1231953.0
1232184.0
1232339.0
1232339.0
1232390.0
1232404.0
1232431.0
1232431.0
1232431.0
642587.0
902700.0
1034055.0
1111560.0
1159130.0
1187022.0
1202104.0
1210157.0
1214270.0
1216272.0
1217355.0
1217915.0
1218267.0
1218509.0
1218613.0
1218623.0
1218626.0
1218659.0
1218659.0
1218659.0
643734.0
906514.0
1040622.0
1118959.0
1168749.0
1198189.0
1215298.0
1224745.0
1229632.0
1232536.0
1233650.0
1234540.0
1234860.0
1234971.0
1234981.0
1234984.0
1235008.0
1235008.0
1235008.0
1235008.0
649199.0
913592.0
1044519.0
1122629.0
1171276.0
1199782.0
1215323.0
1223276.0
1227199.0
1229197.0
1230118.0
1230436.0
1230447.0
1230555.0
1230590.0
1230610.0
1230610.0
1230610.0
1230610.0
1230610.0
643163.0
903969.0
1037820.0
1116993.0
1166976.0
1197409.0
1214609.0
1223834.0
1228427.0
1231032.0
1232257.0
1232757.0
1232922.0
1233063.0
1233060.0
1233085.0
1233065.0
1233065.0
1233065.0
1233065.0
648689.0
917525.0
1056783.0
1141393.0
1195728.0
1229984.0
1250425.0
1262013.0
1268380.0
1271742.0
1273235.0
1273962.0
1274411.0
1274550.0
1274541.0
1274551.0
1274554.0
1274554.0
1274554.0
1274554.0
648259.0
913172.0
1050050.0
1130959.0
1181004.0
1210414.0
1226979.0
1235749.0
1239629.0
1241659.0
1242405.0
1242804.0
1242996.0
1243126.0
1243123.0
1243194.0
1243197.0
1243197.0
1243197.0
1243197.0
639415.0
899242.0
1029667.0
1105855.0
1154641.0
1183946.0
1201483.0
1211455.0
1216245.0
1219156.0
1220326.0
1220889.0
1221199.0
1221382.0
1221545.0
1221558.0
1221642.0
1221699.0
1221693.0
1221720.0
644588.0
903526.0
1032153.0
1108416.0
1155772.0
1183535.0
1199126.0
1207176.0
1211269.0
1213085.0
1213826.0
1214294.0
1214443.0
1214556.0
1214630.0
1214646.0
1214694.0
1214686.0
1214686.0
1214686.0
630897.0
876559.0
1001719.0
1076595.0
1124425.0
1153164.0
1169870.0
1179193.0
1183759.0
1186014.0
1187217.0
1187748.0
1188021.0
1188055.0
1188149.0
1188159.0
1188169.0
1188169.0
1188169.0
1188169.0
642681.0
904996.0
1038730.0
1119415.0
1171560.0
1203553.0
1222528.0
1233507.0
1239011.0
1241596.0
1243013.0
1243463.0
1243748.0
1243880.0
1244033.0
1244030.0
1244062.0
1244062.0
1244062.0
1244062.0
636179.0
885067.0
1006418.0
1077754.0
1121052.0
1146649.0
1160145.0
1167294.0
1170701.0
1172101.0
1172515.0
1172699.0
1172730.0
1172730.0
1172730.0
1172730.0
1172730.0
1172730.0
1172730.0
1172730.0
633914.0
884788.0
1008946.0
1082212.0
1127967.0
1155039.0
1169895.0
1178192.0
1182099.0
1183839.0
1184437.0
1184758.0
1184833.0
1184936.0
1184976.0
1184976.0
1184976.0
1184976.0
1184976.0
1184976.0
635780.0
883693.0
1008893.0
1082313.0
1127925.0
1155332.0
1170135.0
1178386.0
1182539.0
1184371.0
1185291.0
1185855.0
1186147.0
1186263.0
1186337.0
1186356.0
1186396.0
1186396.0
1186396.0
1186396.0
640888.0
897286.0
1027494.0
1105356.0
1155483.0
1186426.0
1204664.0
1214777.0
1220255.0
1222927.0
1224462.0
1225178.0
1225487.0
1225816.0
1225889.0
1225926.0
1225984.0
1225994.0
1225996.0
1225982.0
645731.0
902247.0
1028916.0
1102919.0
1150074.0
1178648.0
1194907.0
1203462.0
1208113.0
1210370.0
1211616.0
1212163.0
1212309.0
1212452.0
1212533.0
1212608.0
1212628.0
1212624.0
1212635.0
1212635.0
639765.0
892900.0
1018121.0
1091740.0
1137926.0
1164809.0
1180359.0
1188574.0
1192898.0
1194722.0
1195595.0
1195904.0
1196088.0
1196200.0
1196245.0
1196259.0
1196294.0
1196294.0
1196294.0
1196294.0
639521.0
890231.0
1015054.0
1087193.0
1132673.0
1159895.0
1175364.0
1184054.0
1188395.0
1190267.0
1191198.0
1191454.0
1191716.0
1191758.0
1191764.0
1191767.0
1191767.0
1191767.0
1191767.0
1191767.0
633948.0
886531.0
1014337.0
1089633.0
1135729.0
1162644.0
1177764.0
1185288.0
1189163.0
1191014.0
1191984.0
1192306.0
1192469.0
1192539.0
1192633.0
1192675.0
1192679.0
1192684.0
1192684.0
1192684.0
641733.0
901623.0
1033834.0
1111791.0
1159874.0
1187776.0
1203898.0
1212344.0
1216837.0
1218857.0
1219710.0
1220181.0
1220267.0
1220458.0
1220486.0
1220502.0
1220504.0
1220503.0
1220503.0
1220503.0
646180.0
909313.0
1041850.0
1122500.0
1174622.0
1207800.0
1226956.0
1238656.0
1244929.0
1248421.0
1249901.0
1250710.0
1251004.0
1251225.0
1251326.0
1251350.0
1251362.0
1251356.0
1251365.0
1251365.0
647039.0
906708.0
1034556.0
1109763.0
1155008.0
1181838.0
1196655.0
1204835.0
1208940.0
1210608.0
1211694.0
1211999.0
1212250.0
1212266.0
1212277.0
1212281.0
1212281.0
1212281.0
1212281.0
1212281.0
630065.0
873404.0
993322.0
1062962.0
1104659.0
1129200.0
1142345.0
1149523.0
1153061.0
1154946.0
1155882.0
1156326.0
1156608.0
1156868.0
1156962.0
1157044.0
1157102.0
1157162.0
1157162.0
1157162.0
633440.0
886448.0
1015514.0
1092556.0
1141909.0
1172460.0
1190248.0
1200665.0
1205912.0
1208931.0
1210364.0
1211164.0
1211416.0
1211615.0
1211694.0
1211715.0
1211727.0
1211742.0
1211758.0
1211794.0
635616.0
888086.0
1015022.0
1090047.0
1136066.0
1163286.0
1179671.0
1187658.0
1192160.0
1194353.0
1195399.0
1196041.0
1196421.0
1196445.0
1196506.0
1196547.0
1196551.0
1196551.0
1196551.0
1196551.0
645943.0
911133.0
1049327.0
1133675.0
1187428.0
1220058.0
1238403.0
1249212.0
1254599.0
1257420.0
1258816.0
1259590.0
1259839.0
1260012.0
1260144.0
1260169.0
1260254.0
1260341.0
1260349.0
1260367.0
642238.0
901308.0
1032611.0
1109961.0
1159279.0
1188795.0
1206053.0
1215771.0
1220689.0
1222878.0
1223755.0
1224381.0
1224663.0
1224731.0
1224851.0
1224853.0
1224902.0
1224912.0
1224912.0
1224912.0
645903.0
907409.0
1037593.0
1114475.0
1162364.0
1191843.0
1208679.0
1217565.0
1221895.0
1224058.0
1225007.0
1225394.0
1225629.0
1225742.0
1225779.0
1225778.0
1225778.0
1225778.0
1225778.0
1225778.0
637520.0
888699.0
1013500.0
1086427.0
1131410.0
1158808.0
1174638.0
1183160.0
1187791.0
1189859.0
1191064.0
1191540.0
1191632.0
1191784.0
1191862.0
1191952.0
1191994.0
1191978.0
1191977.0
1191991.0
645559.0
909982.0
1046014.0
1127560.0
1179362.0
1211575.0
1230449.0
1240520.0
1245431.0
1248325.0
1249523.0
1250048.0
1250401.0
1250644.0
1250716.0
1250715.0
1250716.0
1250715.0
1250715.0
1250715.0
642715.0
900263.0
1032318.0
1110107.0
1158300.0
1187700.0
1203779.0
1212602.0
1216821.0
1219069.0
1219625.0
1220170.0
1220449.0
1220590.0
1220664.0
1220677.0
1220677.0
1220677.0
1220677.0
1220677.0
647303.0
907182.0
1036218.0
1110824.0
1156632.0
1183964.0
1198964.0
1207167.0
1211005.0
1213272.0
1214097.0
1214410.0
1214603.0
1214739.0
1214751.0
1214815.0
1214815.0
1214815.0
1214815.0
1214815.0
629800.0
871878.0
988221.0
1055309.0
1096704.0
1122165.0
1136089.0
1143280.0
1146683.0
1148214.0
1149095.0
1149328.0
1149452.0
1149497.0
1149505.0
1149491.0
1149491.0
1149491.0
1149491.0
1149491.0
636459.0
894967.0
1026904.0
1105031.0
1154403.0
1184373.0
1201515.0
1211037.0
1216255.0
1218407.0
1219688.0
1220316.0
1220527.0
1220729.0
1220779.0
1220835.0
1220841.0
1220841.0
1220841.0
1220841.0
647188.0
909136.0
1041779.0
1121522.0
1172572.0
1203664.0
1221778.0
1231751.0
1236818.0
1239159.0
1240334.0
1240801.0
1240850.0
1240895.0
1240919.0
1240938.0
1240938.0
1240938.0
1240938.0
1240938.0
635073.0
886687.0
1012358.0
1085328.0
1130719.0
1156601.0
1171086.0
1178504.0
1181890.0
1183787.0
1184405.0
1184731.0
1184772.0
1184765.0
1184820.0
1184821.0
1184848.0
1184848.0
1184848.0
1184848.0
637603.0
887209.0
1009190.0
1080128.0
1124180.0
1150351.0
1165005.0
1172562.0
1176347.0
1178000.0
1178592.0
1178956.0
1178978.0
1178996.0
1179004.0
1179004.0
1179004.0
1179004.0
1179004.0
1179004.0
650829.0
910886.0
1042005.0
1120655.0
1170730.0
1201063.0
1217791.0
1227062.0
1232096.0
1234239.0
1235325.0
1235788.0
1236069.0
1236216.0
1236259.0
1236259.0
1236259.0
1236259.0
1236259.0
1236259.0
646700.0
909042.0
1040042.0
1117598.0
1166402.0
1196258.0
1213627.0
1222875.0
1227537.0
1229708.0
1230815.0
1231302.0
1231446.0
1231646.0
1231665.0
1231739.0
1231736.0
1231747.0
1231759.0
1231774.0
641164.0
903570.0
1039800.0
1121032.0
1173212.0
1204728.0
1222590.0
1232680.0
1237936.0
1240272.0
1241172.0
1241611.0
1241902.0
1241974.0
1242054.0
1242040.0
1242072.0
1242089.0
1242089.0
1242089.0
653339.0
924817.0
1062656.0
1146892.0
1201145.0
1234372.0
1253324.0
1263657.0
1269568.0
1272247.0
1273616.0
1274366.0
1274757.0
1274906.0
1274962.0
1275028.0
1275107.0
1275125.0
1275125.0
1275125.0
634740.0
889788.0
1019191.0
1095879.0
1143702.0
1171534.0
1186770.0
1195247.0
1199605.0
1201796.0
1202531.0
1202914.0
1203046.0
1203073.0
1203096.0
1203096.0
1203096.0
1203096.0
1203096.0
1203096.0
643345.0
908344.0
1044152.0
1125906.0
1177549.0
1209833.0
1229213.0
1239497.0
1244925.0
1247983.0
1249260.0
1250125.0
1250307.0
1250482.0
1250590.0
1250613.0
1250663.0
1250670.0
1250670.0
1250670.0
639273.0
893119.0
1020591.0
1095584.0
1141288.0
1168071.0
1183372.0
1191364.0
1195647.0
1197798.0
1198523.0
1198868.0
1199010.0
1199074.0
1199139.0
1199143.0
1199145.0
1199145.0
1199145.0
1199145.0
644054.0
901445.0
1026826.0
1099418.0
1143635.0
1169537.0
1183824.0
1191720.0
1195979.0
1197909.0
1199080.0
1199493.0
1199564.0
1199776.0
1199848.0
1199835.0
1199821.0
1199853.0
1199853.0
1199853.0
635384.0
886304.0
1013356.0
1088880.0
1135241.0
1162964.0
1178858.0
1187704.0
1192805.0
1195166.0
1196543.0
1197005.0
1197405.0
1197725.0
1197753.0
1197834.0
1197866.0
1197844.0
1197849.0
1197877.0
657645.0
936840.0
1081785.0
1169575.0
1225217.0
1259529.0
1279894.0
1290710.0
1296002.0
1298409.0
1299678.0
1299864.0
1300022.0
1300037.0
1300090.0
1300094.0
1300094.0
1300094.0
1300094.0
1300094.0
636018.0
883611.0
1005064.0
1075818.0
1119866.0
1146506.0
1161193.0
1169469.0
1173500.0
1175352.0
1176177.0
1176650.0
1176840.0
1176872.0
1176867.0
1176867.0
1176867.0
1176867.0
1176867.0
1176867.0
642049.0
901785.0
1032788.0
1110003.0
1158701.0
1188299.0
1206102.0
1215968.0
1220471.0
1223085.0
1224611.0
1224941.0
1225149.0
1225267.0
1225389.0
1225405.0
1225403.0
1225403.0
1225403.0
1225403.0
631976.0
880228.0
1005521.0
1079834.0
1125699.0
1152193.0
1166856.0
1174850.0
1178862.0
1180713.0
1181686.0
1182124.0
1182267.0
1182345.0
1182374.0
1182398.0
1182363.0
1182363.0
1182363.0
1182363.0
645569.0
912237.0
1048781.0
1131207.0
1183568.0
1215710.0
1234523.0
1244680.0
1249824.0
1252541.0
1253721.0
1254082.0
1254223.0
1254385.0
1254449.0
1254489.0
1254525.0
1254530.0
1254556.0
1254556.0
647749.0
907562.0
1038690.0
1117116.0
1166950.0
1196625.0
1213223.0
1222563.0
1226858.0
1228639.0
1229565.0
1229779.0
1229912.0
1230044.0
1230025.0
1230048.0
1230048.0
1230048.0
1230048.0
1230048.0
645534.0
907660.0
1039012.0
1117405.0
1165773.0
1194987.0
1211767.0
1220534.0
1225047.0
1226947.0
1227583.0
1227955.0
1228074.0
1228080.0
1228080.0
1228080.0
1228080.0
1228080.0
1228080.0
1228080.0
645080.0
903149.0
1030402.0
1104574.0
1150523.0
1178323.0
1193716.0
1201891.0
1206032.0
1208114.0
1208899.0
1209201.0
1209367.0
1209427.0
1209418.0
1209418.0
1209418.0
1209418.0
1209418.0
1209418.0
645169.0
907351.0
1043202.0
1124224.0
1175358.0
1206369.0
1223472.0
1233391.0
1238675.0
1240933.0
1242196.0
1242781.0
1243119.0
1243328.0
1243399.0
1243414.0
1243447.0
1243456.0
1243459.0
1243448.0
646871.0
908917.0
1041792.0
1120727.0
1171493.0
1202084.0
1219741.0
1229483.0
1234597.0
1236966.0
1237994.0
1238480.0
1238759.0
1238790.0
1238806.0
1238824.0
1238833.0
1238847.0
1238876.0
1238872.0
640627.0
896456.0
1026247.0
1103014.0
1151822.0
1180885.0
1198064.0
1207656.0
1212815.0
1214929.0
1216016.0
1216410.0
1216639.0
1216829.0
1216899.0
1216907.0
1216910.0
1216910.0
1216910.0
1216910.0
637068.0
885850.0
1009916.0
1083240.0
1128549.0
1155705.0
1171376.0
1179650.0
1184046.0
1186290.0
1187105.0
1187441.0
1187547.0
1187582.0
1187679.0
1187694.0
1187706.0
1187732.0
1187732.0
1187732.0
643425.0
904068.0
1036315.0
1115504.0
1165659.0
1195800.0
1212900.0
1222346.0
1227058.0
1228873.0
1230028.0
1230431.0
1230612.0
1230683.0
1230736.0
1230755.0
1230773.0
1230770.0
1230770.0
1230770.0
646300.0
911184.0
1046355.0
1126963.0
1179098.0
1210601.0
1229074.0
1239554.0
1245043.0
1248027.0
1249378.0
1250094.0
1250329.0
1250512.0
1250547.0
1250568.0
1250592.0
1250593.0
1250593.0
1250593.0
