3210230
5037980
5908600
6248610
6351450
6378490
6385630
6387590
6387720
6387780
6387780
6387780
6387780
6387780
6387780
6387780
6387780
6387780
6387780
6387780
6387780
6387780
6387780
6387780
6387780
6387780
6387780
6387780
6387780
6387780
6387780
6387780
6387780
6387780
6387780
6387780
6387780
6387780
6387780
6387780
3122160
4887590
5689190
5974820
6064580
6096090
6102740
6103640
6103750
6103770
6103780
6103790
6103790
6103790
6103790
6103790
6103790
6103790
6103790
6103790
6103790
6103790
6103790
6103790
6103790
6103790
6103790
6103790
6103790
6103790
6103790
6103790
6103790
6103790
6103790
6103790
6103790
6103790
6103790
6103790
3131470
4917690
5759000
6080110
6186450
6218220
6225310
6225720
6225820
6225860
6225860
6225860
6225860
6225860
6225860
6225860
6225860
6225860
6225860
6225860
6225860
6225860
6225860
6225860
6225860
6225860
6225860
6225860
6225860
6225860
6225860
6225860
6225860
6225860
6225860
6225860
6225860
6225860
6225860
6225860
3126710
4882920
5645400
5927610
6018780
6046610
6054690
6055940
6056510
6056540
6056560
6056560
6056560
6056560
6056560
6056560
6056560
6056560
6056560
6056560
6056560
6056560
6056560
6056560
6056560
6056560
6056560
6056560
6056560
6056560
6056560
6056560
6056560
6056560
6056560
6056560
6056560
6056560
6056560
6056560
3134330
4979440
5866580
6223020
6347690
6385660
6397600
6400920
6401000
6401010
6401010
6401010
6401010
6401010
6401010
6401010
6401010
6401010
6401010
6401010
6401010
6401010
6401010
6401010
6401010
6401010
6401010
6401010
6401010
6401010
6401010
6401010
6401010
6401010
6401010
6401010
6401010
6401010
6401010
6401010
3287990
5143090
5972840
6259290
6342300
6363600
6367370
6368230
6368290
6368290
6368290
6368290
6368290
6368290
6368290
6368290
6368290
6368290
6368290
6368290
6368290
6368290
6368290
6368290
6368290
6368290
6368290
6368290
6368290
6368290
6368290
6368290
6368290
6368290
6368290
6368290
6368290
6368290
6368290
6368290
3164170
4955400
5767110
6060340
6154770
6185450
6196580
6198870
6199600
6199700
6199750
6199750
6199750
6199750
6199750
6199750
6199750
6199750
6199750
6199750
6199750
6199750
6199750
6199750
6199750
6199750
6199750
6199750
6199750
6199750
6199750
6199750
6199750
6199750
6199750
6199750
6199750
6199750
6199750
6199750
3313800
5223060
6086320
6383400
6477030
6503960
6511410
6512690
6513230
6513230
6513230
6513230
6513230
6513230
6513230
6513230
6513230
6513230
6513230
6513230
6513230
6513230
6513230
6513230
6513230
6513230
6513230
6513230
6513230
6513230
6513230
6513230
6513230
6513230
6513230
6513230
6513230
6513230
6513230
6513230
3161280
4962470
5791030
6116030
6218840
6244610
6252660
6254490
6255550
6255560
6255560
6255560
6255560
6255560
6255560
6255560
6255560
6255560
6255560
6255560
6255560
6255560
6255560
6255560
6255560
6255560
6255560
6255560
6255560
6255560
6255560
6255560
6255560
6255560
6255560
6255560
6255560
6255560
6255560
6255560
3192240
5028630
5895470
6219680
6332050
6363470
6370970
6372810
6372890
6372910
6372920
6372920
6372920
6372920
6372920
6372920
6372920
6372920
6372920
6372920
6372920
6372920
6372920
6372920
6372920
6372920
6372920
6372920
6372920
6372920
6372920
6372920
6372920
6372920
6372920
6372920
6372920
6372920
6372920
6372920
3206120
5039500
5856610
6138000
6231220
6261030
6270720
6271610
6271730
6271780
6271790
6271790
6271790
6271790
6271790
6271790
6271790
6271790
6271790
6271790
6271790
6271790
6271790
6271790
6271790
6271790
6271790
6271790
6271790
6271790
6271790
6271790
6271790
6271790
6271790
6271790
6271790
6271790
6271790
6271790
3169830
5018890
5897760
6255570
6386200
6428750
6440730
6442260
6443380
6443890
6443910
6443910
6443910
6443910
6443910
6443910
6443910
6443910
6443910
6443910
6443910
6443910
6443910
6443910
6443910
6443910
6443910
6443910
6443910
6443910
6443910
6443910
6443910
6443910
6443910
6443910
6443910
6443910
6443910
6443910
3187370
5027510
5868110
6178940
6277950
6308560
6316450
6317920
6318550
6319040
6319040
6319040
6319040
6319040
6319040
6319040
6319040
6319040
6319040
6319040
6319040
6319040
6319040
6319040
6319040
6319040
6319040
6319040
6319040
6319040
6319040
6319040
6319040
6319040
6319040
6319040
6319040
6319040
6319040
6319040
3195770
5045690
5921150
6238120
6341020
6370390
6377040
6378990
6379610
6379670
6379680
6379680
6379680
6379680
6379680
6379680
6379680
6379680
6379680
6379680
6379680
6379680
6379680
6379680
6379680
6379680
6379680
6379680
6379680
6379680
6379680
6379680
6379680
6379680
6379680
6379680
6379680
6379680
6379680
6379680
3095770
4828090
5609990
5917620
6020040
6054980
6063470
6065610
6065690
6065720
6065730
6065730
6065730
6065730
6065730
6065730
6065730
6065730
6065730
6065730
6065730
6065730
6065730
6065730
6065730
6065730
6065730
6065730
6065730
6065730
6065730
6065730
6065730
6065730
6065730
6065730
6065730
6065730
6065730
6065730
3075110
4916920
5803640
6164630
6293500
6330840
6342750
6345900
6346670
6346770
6346790
6346790
6346790
6346790
6346790
6346790
6346790
6346790
6346790
6346790
6346790
6346790
6346790
6346790
6346790
6346790
6346790
6346790
6346790
6346790
6346790
6346790
6346790
6346790
6346790
6346790
6346790
6346790
6346790
6346790
3106220
4899030
5766860
6110310
6227530
6261600
6270600
6273990
6274710
6275290
6275300
6275300
6275300
6275300
6275300
6275300
6275300
6275300
6275300
6275300
6275300
6275300
6275300
6275300
6275300
6275300
6275300
6275300
6275300
6275300
6275300
6275300
6275300
6275300
6275300
6275300
6275300
6275300
6275300
6275300
3187290
5047620
5912550
6241360
6353810
6388410
6396630
6397630
6397790
6397820
6397820
6397820
6397820
6397820
6397820
6397820
6397820
6397820
6397820
6397820
6397820
6397820
6397820
6397820
6397820
6397820
6397820
6397820
6397820
6397820
6397820
6397820
6397820
6397820
6397820
6397820
6397820
6397820
6397820
6397820
3223590
5080180
5934390
6250360
6351860
6382460
6389120
6390010
6390090
6390140
6390150
6390150
6390150
6390150
6390150
6390150
6390150
6390150
6390150
6390150
6390150
6390150
6390150
6390150
6390150
6390150
6390150
6390150
6390150
6390150
6390150
6390150
6390150
6390150
6390150
6390150
6390150
6390150
6390150
6390150
3219520
5087570
5943340
6237840
6326980
6344780
6349610
6350050
6350230
6350280
6350280
6350280
6350280
6350280
6350280
6350280
6350280
6350280
6350280
6350280
6350280
6350280
6350280
6350280
6350280
6350280
6350280
6350280
6350280
6350280
6350280
6350280
6350280
6350280
6350280
6350280
6350280
6350280
6350280
6350280
3246650
5087430
5925080
6233070
6340640
6371750
6381070
6382500
6382600
6382630
6382630
6382630
6382630
6382630
6382630
6382630
6382630
6382630
6382630
6382630
6382630
6382630
6382630
6382630
6382630
6382630
6382630
6382630
6382630
6382630
6382630
6382630
6382630
6382630
6382630
6382630
6382630
6382630
6382630
6382630
3119270
4899350
5696540
5991300
6084360
6108200
6113570
6114530
6114610
6114610
6114610
6114610
6114610
6114610
6114610
6114610
6114610
6114610
6114610
6114610
6114610
6114610
6114610
6114610
6114610
6114610
6114610
6114610
6114610
6114610
6114610
6114610
6114610
6114610
6114610
6114610
6114610
6114610
6114610
6114610
3144720
4929580
5762870
6051360
6147180
6169920
6174080
6174390
6174450
6174470
6174470
6174470
6174470
6174470
6174470
6174470
6174470
6174470
6174470
6174470
6174470
6174470
6174470
6174470
6174470
6174470
6174470
6174470
6174470
6174470
6174470
6174470
6174470
6174470
6174470
6174470
6174470
6174470
6174470
6174470
3168450
5015480
5861300
6170330
6269420
6295460
6303510
6304780
6305310
6305320
6305330
6305330
6305330
6305330
6305330
6305330
6305330
6305330
6305330
6305330
6305330
6305330
6305330
6305330
6305330
6305330
6305330
6305330
6305330
6305330
6305330
6305330
6305330
6305330
6305330
6305330
6305330
6305330
6305330
6305330
3278340
5149440
6004630
6335580
6438200
6469790
6475900
6477680
6477770
6477790
6477790
6477790
6477790
6477790
6477790
6477790
6477790
6477790
6477790
6477790
6477790
6477790
6477790
6477790
6477790
6477790
6477790
6477790
6477790
6477790
6477790
6477790
6477790
6477790
6477790
6477790
6477790
6477790
6477790
6477790
3174730
4946160
5742740
6023190
6113150
6134540
6141280
6142030
6142110
6142120
6142120
6142120
6142120
6142120
6142120
6142120
6142120
6142120
6142120
6142120
6142120
6142120
6142120
6142120
6142120
6142120
6142120
6142120
6142120
6142120
6142120
6142120
6142120
6142120
6142120
6142120
6142120
6142120
6142120
6142120
3130970
4919000
5770150
6116200
6235370
6268380
6278650
6280920
6280970
6280970
6280970
6280970
6280970
6280970
6280970
6280970
6280970
6280970
6280970
6280970
6280970
6280970
6280970
6280970
6280970
6280970
6280970
6280970
6280970
6280970
6280970
6280970
6280970
6280970
6280970
6280970
6280970
6280970
6280970
6280970
3142580
4932340
5728630
6017330
6113220
6136070
6141440
6141750
6141850
6141870
6141870
6141870
6141870
6141870
6141870
6141870
6141870
6141870
6141870
6141870
6141870
6141870
6141870
6141870
6141870
6141870
6141870
6141870
6141870
6141870
6141870
6141870
6141870
6141870
6141870
6141870
6141870
6141870
6141870
6141870
3124810
4887030
5688540
5990780
6088040
6117860
6125650
6127850
6127910
6127920
6127920
6127920
6127920
6127920
6127920
6127920
6127920
6127920
6127920
6127920
6127920
6127920
6127920
6127920
6127920
6127920
6127920
6127920
6127920
6127920
6127920
6127920
6127920
6127920
6127920
6127920
6127920
6127920
6127920
6127920
3175850
4933640
5730040
6026550
6111270
6134820
6141040
6142580
6142720
6142740
6142740
6142740
6142740
6142740
6142740
6142740
6142740
6142740
6142740
6142740
6142740
6142740
6142740
6142740
6142740
6142740
6142740
6142740
6142740
6142740
6142740
6142740
6142740
6142740
6142740
6142740
6142740
6142740
6142740
6142740
3172710
4973280
5794670
6096740
6201800
6231400
6236780
6237640
6237780
6237810
6237830
6237840
6237850
6237850
6237850
6237850
6237850
6237850
6237850
6237850
6237850
6237850
6237850
6237850
6237850
6237850
6237850
6237850
6237850
6237850
6237850
6237850
6237850
6237850
6237850
6237850
6237850
6237850
6237850
6237850
3207430
5009480
5826910
6138950
6229060
6253060
6260600
6261490
6261680
6261740
6261760
6261760
6261760
6261760
6261760
6261760
6261760
6261760
6261760
6261760
6261760
6261760
6261760
6261760
6261760
6261760
6261760
6261760
6261760
6261760
6261760
6261760
6261760
6261760
6261760
6261760
6261760
6261760
6261760
6261760
3225700
5066140
5896900
6203330
6301290
6328250
6335080
6337690
6337780
6337820
6337820
6337820
6337820
6337820
6337820
6337820
6337820
6337820
6337820
6337820
6337820
6337820
6337820
6337820
6337820
6337820
6337820
6337820
6337820
6337820
6337820
6337820
6337820
6337820
6337820
6337820
6337820
6337820
6337820
6337820
3204180
5045410
5871220
6184290
6284680
6307820
6315550
6318640
6320120
6320160
6320160
6320160
6320160
6320160
6320160
6320160
6320160
6320160
6320160
6320160
6320160
6320160
6320160
6320160
6320160
6320160
6320160
6320160
6320160
6320160
6320160
6320160
6320160
6320160
6320160
6320160
6320160
6320160
6320160
6320160
3261740
5125620
5933200
6216880
6303970
6324900
6329910
6330750
6331370
6331890
6331890
6331890
6331890
6331890
6331890
6331890
6331890
6331890
6331890
6331890
6331890
6331890
6331890
6331890
6331890
6331890
6331890
6331890
6331890
6331890
6331890
6331890
6331890
6331890
6331890
6331890
6331890
6331890
6331890
6331890
3221300
5042770
5863120
6181490
6289190
6314200
6322290
6323640
6324180
6324210
6324210
6324210
6324210
6324210
6324210
6324210
6324210
6324210
6324210
6324210
6324210
6324210
6324210
6324210
6324210
6324210
6324210
6324210
6324210
6324210
6324210
6324210
6324210
6324210
6324210
6324210
6324210
6324210
6324210
6324210
3264710
5153760
5993470
6304100
6408760
6438460
6445200
6446720
6447400
6447410
6447410
6447410
6447410
6447410
6447410
6447410
6447410
6447410
6447410
6447410
6447410
6447410
6447410
6447410
6447410
6447410
6447410
6447410
6447410
6447410
6447410
6447410
6447410
6447410
6447410
6447410
6447410
6447410
6447410
6447410
3193390
5024290
5866040
6179880
6269690
6295360
6303550
6305360
6305470
6305500
6305500
6305500
6305500
6305500
6305500
6305500
6305500
6305500
6305500
6305500
6305500
6305500
6305500
6305500
6305500
6305500
6305500
6305500
6305500
6305500
6305500
6305500
6305500
6305500
6305500
6305500
6305500
6305500
6305500
6305500
3218810
5081660
5935230
6260800
6362760
6395180
6404240
6406070
6407130
6407160
6407170
6407170
6407170
6407170
6407170
6407170
6407170
6407170
6407170
6407170
6407170
6407170
6407170
6407170
6407170
6407170
6407170
6407170
6407170
6407170
6407170
6407170
6407170
6407170
6407170
6407170
6407170
6407170
6407170
6407170
3268730
5123940
5933670
6212960
6286900
6310680
6317010
6318290
6318420
6318420
6318420
6318420
6318420
6318420
6318420
6318420
6318420
6318420
6318420
6318420
6318420
6318420
6318420
6318420
6318420
6318420
6318420
6318420
6318420
6318420
6318420
6318420
6318420
6318420
6318420
6318420
6318420
6318420
6318420
6318420
3337800
5209200
6028390
6311060
6388070
6409880
6416200
6418950
6419490
6419490
6419490
6419490
6419490
6419490
6419490
6419490
6419490
6419490
6419490
6419490
6419490
6419490
6419490
6419490
6419490
6419490
6419490
6419490
6419490
6419490
6419490
6419490
6419490
6419490
6419490
6419490
6419490
6419490
6419490
6419490
3111350
4878500
5700080
6005400
6117190
6149820
6157990
6160030
6160640
6160670
6160670
6160670
6160670
6160670
6160670
6160670
6160670
6160670
6160670
6160670
6160670
6160670
6160670
6160670
6160670
6160670
6160670
6160670
6160670
6160670
6160670
6160670
6160670
6160670
6160670
6160670
6160670
6160670
6160670
6160670
3156520
4944900
5775340
6092510
6189160
6215760
6223560
6225460
6225540
6225570
6225580
6225580
6225580
6225580
6225580
6225580
6225580
6225580
6225580
6225580
6225580
6225580
6225580
6225580
6225580
6225580
6225580
6225580
6225580
6225580
6225580
6225580
6225580
6225580
6225580
6225580
6225580
6225580
6225580
6225580
3144150
4926820
5708070
5978470
6067820
6092060
6097000
6097310
6097400
6097430
6097430
6097430
6097430
6097430
6097430
6097430
6097430
6097430
6097430
6097430
6097430
6097430
6097430
6097430
6097430
6097430
6097430
6097430
6097430
6097430
6097430
6097430
6097430
6097430
6097430
6097430
6097430
6097430
6097430
6097430
3146970
4880620
5647280
5927870
6007260
6024930
6028280
6028630
6028720
6028720
6028720
6028720
6028720
6028720
6028720
6028720
6028720
6028720
6028720
6028720
6028720
6028720
6028720
6028720
6028720
6028720
6028720
6028720
6028720
6028720
6028720
6028720
6028720
6028720
6028720
6028720
6028720
6028720
6028720
6028720
3097260
4872200
5700760
6022050
6139300
6176470
6184460
6186280
6186920
6187460
6187460
6187460
6187460
6187460
6187460
6187460
6187460
6187460
6187460
6187460
6187460
6187460
6187460
6187460
6187460
6187460
6187460
6187460
6187460
6187460
6187460
6187460
6187460
6187460
6187460
6187460
6187460
6187460
6187460
6187460
3140300
4937840
5787170
6085320
6176300
6199610
6204540
6204870
6204950
6204960
6204960
6204960
6204960
6204960
6204960
6204960
6204960
6204960
6204960
6204960
6204960
6204960
6204960
6204960
6204960
6204960
6204960
6204960
6204960
6204960
6204960
6204960
6204960
6204960
6204960
6204960
6204960
6204960
6204960
6204960
3247830
5109680
5964000
6287710
6393570
6428280
6439060
6440600
6441200
6441270
6441280
6441290
6441290
6441290
6441290
6441290
6441290
6441290
6441290
6441290
6441290
6441290
6441290
6441290
6441290
6441290
6441290
6441290
6441290
6441290
6441290
6441290
6441290
6441290
6441290
6441290
6441290
6441290
6441290
6441290
3291570
5093700
5910970
6186490
6267130
6286740
6289460
6289700
6289770
6289770
6289770
6289770
6289770
6289770
6289770
6289770
6289770
6289770
6289770
6289770
6289770
6289770
6289770
6289770
6289770
6289770
6289770
6289770
6289770
6289770
6289770
6289770
6289770
6289770
6289770
6289770
6289770
6289770
6289770
6289770
3238580
5097270
5937930
6255000
6352980
6377900
6382380
6382850
6383030
6383090
6383100
6383100
6383100
6383100
6383100
6383100
6383100
6383100
6383100
6383100
6383100
6383100
6383100
6383100
6383100
6383100
6383100
6383100
6383100
6383100
6383100
6383100
6383100
6383100
6383100
6383100
6383100
6383100
6383100
6383100
3126400
4846300
5582320
5836350
5903730
5919330
5922240
5922550
5922620
5922630
5922640
5922640
5922640
5922640
5922640
5922640
5922640
5922640
5922640
5922640
5922640
5922640
5922640
5922640
5922640
5922640
5922640
5922640
5922640
5922640
5922640
5922640
5922640
5922640
5922640
5922640
5922640
5922640
5922640
5922640
3202060
5041560
5906760
6234570
6338330
6366760
6375320
6377820
6378460
6378480
6378480
6378480
6378480
6378480
6378480
6378480
6378480
6378480
6378480
6378480
6378480
6378480
6378480
6378480
6378480
6378480
6378480
6378480
6378480
6378480
6378480
6378480
6378480
6378480
6378480
6378480
6378480
6378480
6378480
6378480
3202260
5032480
5876090
6199260
6308990
6342440
6349190
6350400
6350920
6350940
6350940
6350940
6350940
6350940
6350940
6350940
6350940
6350940
6350940
6350940
6350940
6350940
6350940
6350940
6350940
6350940
6350940
6350940
6350940
6350940
6350940
6350940
6350940
6350940
6350940
6350940
6350940
6350940
6350940
6350940
3189790
5046250
5881030
6188010
6289440
6318100
6326140
6327020
6327130
6327170
6327170
6327170
6327170
6327170
6327170
6327170
6327170
6327170
6327170
6327170
6327170
6327170
6327170
6327170
6327170
6327170
6327170
6327170
6327170
6327170
6327170
6327170
6327170
6327170
6327170
6327170
6327170
6327170
6327170
6327170
3245920
5128060
5986170
6295350
6400750
6429590
6437510
6441720
6442960
6443040
6443090
6443130
6443140
6443140
6443140
6443140
6443140
6443140
6443140
6443140
6443140
6443140
6443140
6443140
6443140
6443140
6443140
6443140
6443140
6443140
6443140
6443140
6443140
6443140
6443140
6443140
6443140
6443140
6443140
6443140
3238250
5063300
5894850
6179950
6263630
6288620
6296150
6296470
6296540
6296550
6296560
6296560
6296560
6296560
6296560
6296560
6296560
6296560
6296560
6296560
6296560
6296560
6296560
6296560
6296560
6296560
6296560
6296560
6296560
6296560
6296560
6296560
6296560
6296560
6296560
6296560
6296560
6296560
6296560
6296560
3196500
5005360
5836830
6139450
6246300
6276960
6284900
6285330
6285400
6285430
6285430
6285430
6285430
6285430
6285430
6285430
6285430
6285430
6285430
6285430
6285430
6285430
6285430
6285430
6285430
6285430
6285430
6285430
6285430
6285430
6285430
6285430
6285430
6285430
6285430
6285430
6285430
6285430
6285430
6285430
3244880
5092090
5916370
6199060
6275590
6292260
6297570
6297930
6298020
6298060
6298070
6298070
6298070
6298070
6298070
6298070
6298070
6298070
6298070
6298070
6298070
6298070
6298070
6298070
6298070
6298070
6298070
6298070
6298070
6298070
6298070
6298070
6298070
6298070
6298070
6298070
6298070
6298070
6298070
6298070
3238830
5075270
5921540
6244390
6348090
6382080
6389880
6391330
6391430
6391480
6391490
6391490
6391490
6391490
6391490
6391490
6391490
6391490
6391490
6391490
6391490
6391490
6391490
6391490
6391490
6391490
6391490
6391490
6391490
6391490
6391490
6391490
6391490
6391490
6391490
6391490
6391490
6391490
6391490
6391490
3293000
5116770
5914910
6197150
6278100
6298810
6302930
6303700
6303740
6303750
6303750
6303750
6303750
6303750
6303750
6303750
6303750
6303750
6303750
6303750
6303750
6303750
6303750
6303750
6303750
6303750
6303750
6303750
6303750
6303750
6303750
6303750
6303750
6303750
6303750
6303750
6303750
6303750
6303750
6303750
3206810
5063220
5929390
6263130
6379210
6414940
6425050
6426360
6426440
6426480
6426490
6426490
6426490
6426490
6426490
6426490
6426490
6426490
6426490
6426490
6426490
6426490
6426490
6426490
6426490
6426490
6426490
6426490
6426490
6426490
6426490
6426490
6426490
6426490
6426490
6426490
6426490
6426490
6426490
6426490
3149080
4912110
5711960
6009110
6105200
6127440
6132420
6133700
6133800
6133820
6133820
6133820
6133820
6133820
6133820
6133820
6133820
6133820
6133820
6133820
6133820
6133820
6133820
6133820
6133820
6133820
6133820
6133820
6133820
6133820
6133820
6133820
6133820
6133820
6133820
6133820
6133820
6133820
6133820
6133820
3099170
4916570
5793530
6136580
6261620
6304300
6319310
6324090
6325340
6325410
6325430
6325430
6325430
6325430
6325430
6325430
6325430
6325430
6325430
6325430
6325430
6325430
6325430
6325430
6325430
6325430
6325430
6325430
6325430
6325430
6325430
6325430
6325430
6325430
6325430
6325430
6325430
6325430
6325430
6325430
3174390
4978200
5791270
6081090
6162770
6182680
6188780
6189660
6189740
6189760
6189760
6189760
6189760
6189760
6189760
6189760
6189760
6189760
6189760
6189760
6189760
6189760
6189760
6189760
6189760
6189760
6189760
6189760
6189760
6189760
6189760
6189760
6189760
6189760
6189760
6189760
6189760
6189760
6189760
6189760
3178360
4938600
5709130
5985600
6063670
6084220
6087570
6088360
6088410
6088420
6088420
6088420
6088420
6088420
6088420
6088420
6088420
6088420
6088420
6088420
6088420
6088420
6088420
6088420
6088420
6088420
6088420
6088420
6088420
6088420
6088420
6088420
6088420
6088420
6088420
6088420
6088420
6088420
6088420
6088420
3110660
4892330
5729770
6057160
6169690
6210590
6219230
6222090
6222750
6222770
6222780
6222780
6222780
6222780
6222780
6222780
6222780
6222780
6222780
6222780
6222780
6222780
6222780
6222780
6222780
6222780
6222780
6222780
6222780
6222780
6222780
6222780
6222780
6222780
6222780
6222780
6222780
6222780
6222780
6222780
3187350
5029510
5869350
6191020
6290140
6314600
6318880
6319720
6319830
6319880
6319880
6319880
6319880
6319880
6319880
6319880
6319880
6319880
6319880
6319880
6319880
6319880
6319880
6319880
6319880
6319880
6319880
6319880
6319880
6319880
6319880
6319880
6319880
6319880
6319880
6319880
6319880
6319880
6319880
6319880
3212470
4997340
5806860
6096520
6193000
6218060
6227030
6229040
6230210
6230780
6230780
6230780
6230780
6230780
6230780
6230780
6230780
6230780
6230780
6230780
6230780
6230780
6230780
6230780
6230780
6230780
6230780
6230780
6230780
6230780
6230780
6230780
6230780
6230780
6230780
6230780
6230780
6230780
6230780
6230780
3255320
5126790
5987990
6322470
6422420
6449530
6456730
6458270
6458430
6458450
6458450
6458450
6458450
6458450
6458450
6458450
6458450
6458450
6458450
6458450
6458450
6458450
6458450
6458450
6458450
6458450
6458450
6458450
6458450
6458450
6458450
6458450
6458450
6458450
6458450
6458450
6458450
6458450
6458450
6458450
3233750
5113270
5974410
6273970
6361250
6383630
6390200
6391110
6391210
6391230
6391230
6391230
6391230
6391230
6391230
6391230
6391230
6391230
6391230
6391230
6391230
6391230
6391230
6391230
6391230
6391230
6391230
6391230
6391230
6391230
6391230
6391230
6391230
6391230
6391230
6391230
6391230
6391230
6391230
6391230
3161430
4958890
5746150
6036590
6132560
6159980
6166520
6167340
6167460
6167470
6167470
6167470
6167470
6167470
6167470
6167470
6167470
6167470
6167470
6167470
6167470
6167470
6167470
6167470
6167470
6167470
6167470
6167470
6167470
6167470
6167470
6167470
6167470
6167470
6167470
6167470
6167470
6167470
6167470
6167470
3236870
5055340
5848450
6124610
6204690
6227970
6235610
6236460
6236580
6236600
6236600
6236600
6236600
6236600
6236600
6236600
6236600
6236600
6236600
6236600
6236600
6236600
6236600
6236600
6236600
6236600
6236600
6236600
6236600
6236600
6236600
6236600
6236600
6236600
6236600
6236600
6236600
6236600
6236600
6236600
3195800
5064150
5901370
6214910
6304070
6325580
6329360
6330290
6330900
6331470
6331470
6331470
6331470
6331470
6331470
6331470
6331470
6331470
6331470
6331470
6331470
6331470
6331470
6331470
6331470
6331470
6331470
6331470
6331470
6331470
6331470
6331470
6331470
6331470
6331470
6331470
6331470
6331470
6331470
6331470
3162470
4971950
5803130
6122040
6210570
6236720
6241830
6242410
6242590
6242650
6242650
6242650
6242650
6242650
6242650
6242650
6242650
6242650
6242650
6242650
6242650
6242650
6242650
6242650
6242650
6242650
6242650
6242650
6242650
6242650
6242650
6242650
6242650
6242650
6242650
6242650
6242650
6242650
6242650
6242650
3187810
5039200
5896980
6226740
6330740
6363850
6372940
6373870
6373960
6373970
6373970
6373970
6373970
6373970
6373970
6373970
6373970
6373970
6373970
6373970
6373970
6373970
6373970
6373970
6373970
6373970
6373970
6373970
6373970
6373970
6373970
6373970
6373970
6373970
6373970
6373970
6373970
6373970
6373970
6373970
3193250
5005910
5843570
6147810
6231640
6249190
6253580
6253820
6253850
6253850
6253850
6253850
6253850
6253850
6253850
6253850
6253850
6253850
6253850
6253850
6253850
6253850
6253850
6253850
6253850
6253850
6253850
6253850
6253850
6253850
6253850
6253850
6253850
6253850
6253850
6253850
6253850
6253850
6253850
6253850
3122350
4856810
5660750
5947740
6040820
6065270
6071230
6073130
6073220
6073250
6073260
6073270
6073270
6073270
6073270
6073270
6073270
6073270
6073270
6073270
6073270
6073270
6073270
6073270
6073270
6073270
6073270
6073270
6073270
6073270
6073270
6073270
6073270
6073270
6073270
6073270
6073270
6073270
6073270
6073270
3164260
5017190
5882460
6215640
6330200
6371720
6383570
6387580
6388330
6388390
6388400
6388400
6388400
6388400
6388400
6388400
6388400
6388400
6388400
6388400
6388400
6388400
6388400
6388400
6388400
6388400
6388400
6388400
6388400
6388400
6388400
6388400
6388400
6388400
6388400
6388400
6388400
6388400
6388400
6388400
3209580
5064300
5873130
6158750
6234290
6250060
6253050
6253280
6253330
6253340
6253340
6253340
6253340
6253340
6253340
6253340
6253340
6253340
6253340
6253340
6253340
6253340
6253340
6253340
6253340
6253340
6253340
6253340
6253340
6253340
6253340
6253340
6253340
6253340
6253340
6253340
6253340
6253340
6253340
6253340
3140750
4913510
5741440
6045890
6131420
6155880
6161800
6163110
6163680
6163710
6163720
6163720
6163720
6163720
6163720
6163720
6163720
6163720
6163720
6163720
6163720
6163720
6163720
6163720
6163720
6163720
6163720
6163720
6163720
6163720
6163720
6163720
6163720
6163720
6163720
6163720
6163720
6163720
6163720
6163720
3178240
4965600
5775520
6074370
6169980
6199200
6204270
6205120
6205240
6205280
6205300
6205310
6205320
6205320
6205320
6205320
6205320
6205320
6205320
6205320
6205320
6205320
6205320
6205320
6205320
6205320
6205320
6205320
6205320
6205320
6205320
6205320
6205320
6205320
6205320
6205320
6205320
6205320
6205320
6205320
3236520
5050290
5850800
6143040
6240250
6269720
6277820
6279650
6280280
6280350
6280370
6280370
6280370
6280370
6280370
6280370
6280370
6280370
6280370
6280370
6280370
6280370
6280370
6280370
6280370
6280370
6280370
6280370
6280370
6280370
6280370
6280370
6280370
6280370
6280370
6280370
6280370
6280370
6280370
6280370
3193080
5028040
5852140
6160750
6262730
6292440
6298960
6300650
6300710
6300720
6300720
6300720
6300720
6300720
6300720
6300720
6300720
6300720
6300720
6300720
6300720
6300720
6300720
6300720
6300720
6300720
6300720
6300720
6300720
6300720
6300720
6300720
6300720
6300720
6300720
6300720
6300720
6300720
6300720
6300720
3189330
4988160
5798980
6073120
6156030
6180350
6188290
6190050
6190630
6190630
6190630
6190630
6190630
6190630
6190630
6190630
6190630
6190630
6190630
6190630
6190630
6190630
6190630
6190630
6190630
6190630
6190630
6190630
6190630
6190630
6190630
6190630
6190630
6190630
6190630
6190630
6190630
6190630
6190630
6190630
3156340
4956450
5792270
6115080
6217980
6245510
6254630
6256530
6257130
6257170
6257190
6257200
6257200
6257200
6257200
6257200
6257200
6257200
6257200
6257200
6257200
6257200
6257200
6257200
6257200
6257200
6257200
6257200
6257200
6257200
6257200
6257200
6257200
6257200
6257200
6257200
6257200
6257200
6257200
6257200
3180430
4969330
5747540
6025940
6108940
6133310
6136950
6137700
6138230
6138250
6138260
6138260
6138260
6138260
6138260
6138260
6138260
6138260
6138260
6138260
6138260
6138260
6138260
6138260
6138260
6138260
6138260
6138260
6138260
6138260
6138260
6138260
6138260
6138260
6138260
6138260
6138260
6138260
6138260
6138260
3237670
5071560
5867820
6176270
6271920
6297170
6304010
6305290
6305360
6305370
6305380
6305390
6305390
6305390
6305390
6305390
6305390
6305390
6305390
6305390
6305390
6305390
6305390
6305390
6305390
6305390
6305390
6305390
6305390
6305390
6305390
6305390
6305390
6305390
6305390
6305390
6305390
6305390
6305390
6305390
3205210
5025800
5873790
6165510
6255080
6279070
6286210
6288580
6288690
6288720
6288730
6288740
6288740
6288740
6288740
6288740
6288740
6288740
6288740
6288740
6288740
6288740
6288740
6288740
6288740
6288740
6288740
6288740
6288740
6288740
6288740
6288740
6288740
6288740
6288740
6288740
6288740
6288740
6288740
6288740
3160630
4963910
5769710
6039500
6119390
6138080
6140440
6140700
6140780
6140810
6140810
6140810
6140810
6140810
6140810
6140810
6140810
6140810
6140810
6140810
6140810
6140810
6140810
6140810
6140810
6140810
6140810
6140810
6140810
6140810
6140810
6140810
6140810
6140810
6140810
6140810
6140810
6140810
6140810
6140810
3180630
5007790
5843240
6147370
6243580
6270860
6278740
6280070
6280650
6281230
6281230
6281230
6281230
6281230
6281230
6281230
6281230
6281230
6281230
6281230
6281230
6281230
6281230
6281230
6281230
6281230
6281230
6281230
6281230
6281230
6281230
6281230
6281230
6281230
6281230
6281230
6281230
6281230
6281230
6281230
3124460
4898470
5704410
6001860
6091270
6111530
6118490
6120960
6121060
6121070
6121070
6121070
6121070
6121070
6121070
6121070
6121070
6121070
6121070
6121070
6121070
6121070
6121070
6121070
6121070
6121070
6121070
6121070
6121070
6121070
6121070
6121070
6121070
6121070
6121070
6121070
6121070
6121070
6121070
6121070
3186630
5010620
5853870
6169890
6266190
6291360
6297610
6298400
6298440
6298440
6298440
6298440
6298440
6298440
6298440
6298440
6298440
6298440
6298440
6298440
6298440
6298440
6298440
6298440
6298440
6298440
6298440
6298440
6298440
6298440
6298440
6298440
6298440
6298440
6298440
6298440
6298440
6298440
6298440
6298440
3263700
5127430
5963760
6258060
6345020
6363030
6368020
6368460
6368550
6368580
6368590
6368600
6368600
6368600
6368600
6368600
6368600
6368600
6368600
6368600
6368600
6368600
6368600
6368600
6368600
6368600
6368600
6368600
6368600
6368600
6368600
6368600
6368600
6368600
6368600
6368600
6368600
6368600
6368600
6368600
3270390
5115740
5934170
6228860
6328820
6357980
6364690
6366460
6366580
6366610
6366620
6366630
6366640
6366640
6366640
6366640
6366640
6366640
6366640
6366640
6366640
6366640
6366640
6366640
6366640
6366640
6366640
6366640
6366640
6366640
6366640
6366640
6366640
6366640
6366640
6366640
6366640
6366640
6366640
6366640
3276280
5101270
5891660
6177740
6266270
6289150
6294700
6296690
6296810
6296830
6296840
6296850
6296850
6296850
6296850
6296850
6296850
6296850
6296850
6296850
6296850
6296850
6296850
6296850
6296850
6296850
6296850
6296850
6296850
6296850
6296850
6296850
6296850
6296850
6296850
6296850
6296850
6296850
6296850
6296850
3108860
4909480
5770050
6105400
6216060
6246070
6252740
6255080
6256090
6256110
6256110
6256110
6256110
6256110
6256110
6256110
6256110
6256110
6256110
6256110
6256110
6256110
6256110
6256110
6256110
6256110
6256110
6256110
6256110
6256110
6256110
6256110
6256110
6256110
6256110
6256110
6256110
6256110
6256110
6256110
3214490
5037700
5859580
6144270
6230280
6253760
6261900
6263850
6264030
6264060
6264070
6264070
6264070
6264070
6264070
6264070
6264070
6264070
6264070
6264070
6264070
6264070
6264070
6264070
6264070
6264070
6264070
6264070
6264070
6264070
6264070
6264070
6264070
6264070
6264070
6264070
6264070
6264070
6264070
6264070
3159850
4940480
5724680
6005280
6086200
6106820
6113580
6115170
6115200
6115200
6115200
6115200
6115200
6115200
6115200
6115200
6115200
6115200
6115200
6115200
6115200
6115200
6115200
6115200
6115200
6115200
6115200
6115200
6115200
6115200
6115200
6115200
6115200
6115200
6115200
6115200
6115200
6115200
6115200
6115200
3184880
4973070
5776660
6056710
6145200
6173710
6182370
6184310
6184920
6184950
6184950
6184950
6184950
6184950
6184950
6184950
6184950
6184950
6184950
6184950
6184950
6184950
6184950
6184950
6184950
6184950
6184950
6184950
6184950
6184950
6184950
6184950
6184950
6184950
6184950
6184950
6184950
6184950
6184950
6184950
3185780
4990300
5793320
6066910
6152900
6173270
6177930
6179180
6179290
6179310
6179310
6179310
6179310
6179310
6179310
6179310
6179310
6179310
6179310
6179310
6179310
6179310
6179310
6179310
6179310
6179310
6179310
6179310
6179310
6179310
6179310
6179310
6179310
6179310
6179310
6179310
6179310
6179310
6179310
6179310
3155050
4966540
5815660
6136650
6247470
6281390
6290170
6291690
6291750
6291770
6291770
6291770
6291770
6291770
6291770
6291770
6291770
6291770
6291770
6291770
6291770
6291770
6291770
6291770
6291770
6291770
6291770
6291770
6291770
6291770
6291770
6291770
6291770
6291770
6291770
6291770
6291770
6291770
6291770
6291770
3260120
5109870
5907900
6192870
6280770
6306700
6310640
6310900
6310940
6310950
6310960
6310960
6310960
6310960
6310960
6310960
6310960
6310960
6310960
6310960
6310960
6310960
6310960
6310960
6310960
6310960
6310960
6310960
6310960
6310960
6310960
6310960
6310960
6310960
6310960
6310960
6310960
6310960
6310960
6310960
3101760
4858400
5678820
5997820
6108670
6141680
6152800
6155630
6155770
6155800
6155810
6155810
6155810
6155810
6155810
6155810
6155810
6155810
6155810
6155810
6155810
6155810
6155810
6155810
6155810
6155810
6155810
6155810
6155810
6155810
6155810
6155810
6155810
6155810
6155810
6155810
6155810
6155810
6155810
6155810
3129850
4879370
5660160
5939900
6037860
6067960
6074110
6076070
6076710
6076750
6076780
6076790
6076800
6076800
6076800
6076800
6076800
6076800
6076800
6076800
6076800
6076800
6076800
6076800
6076800
6076800
6076800
6076800
6076800
6076800
6076800
6076800
6076800
6076800
6076800
6076800
6076800
6076800
6076800
6076800
3141450
4919870
5728250
6036960
6136930
6162520
6172270
6173670
6173770
6173810
6173810
6173810
6173810
6173810
6173810
6173810
6173810
6173810
6173810
6173810
6173810
6173810
6173810
6173810
6173810
6173810
6173810
6173810
6173810
6173810
6173810
6173810
6173810
6173810
6173810
6173810
6173810
6173810
6173810
6173810
3191130
5070530
5965670
6305700
6429960
6469050
6480570
6483160
6483910
6483970
6484020
6484030
6484040
6484040
6484040
6484040
6484040
6484040
6484040
6484040
6484040
6484040
6484040
6484040
6484040
6484040
6484040
6484040
6484040
6484040
6484040
6484040
6484040
6484040
6484040
6484040
6484040
6484040
6484040
6484040
3198020
5013290
5863730
6201330
6309790
6343570
6352300
6353180
6353250
6353250
6353250
6353250
6353250
6353250
6353250
6353250
6353250
6353250
6353250
6353250
6353250
6353250
6353250
6353250
6353250
6353250
6353250
6353250
6353250
6353250
6353250
6353250
6353250
6353250
6353250
6353250
6353250
6353250
6353250
6353250
3147700
4959020
5779270
6093380
6189720
6215050
6222050
6223240
6223310
6223320
6223320
6223320
6223320
6223320
6223320
6223320
6223320
6223320
6223320
6223320
6223320
6223320
6223320
6223320
6223320
6223320
6223320
6223320
6223320
6223320
6223320
6223320
6223320
6223320
6223320
6223320
6223320
6223320
6223320
6223320
3300700
5184200
6053920
6357290
6459520
6490070
6496390
6497390
6497550
6497560
6497560
6497560
6497560
6497560
6497560
6497560
6497560
6497560
6497560
6497560
6497560
6497560
6497560
6497560
6497560
6497560
6497560
6497560
6497560
6497560
6497560
6497560
6497560
6497560
6497560
6497560
6497560
6497560
6497560
6497560
3284060
5156410
6018200
6347480
6444450
6474120
6485850
6488470
6489730
6489820
6489840
6489840
6489840
6489840
6489840
6489840
6489840
6489840
6489840
6489840
6489840
6489840
6489840
6489840
6489840
6489840
6489840
6489840
6489840
6489840
6489840
6489840
6489840
6489840
6489840
6489840
6489840
6489840
6489840
6489840
3207120
5083260
5971660
6316660
6434040
6467530
6478180
6479110
6479260
6479290
6479300
6479300
6479300
6479300
6479300
6479300
6479300
6479300
6479300
6479300
6479300
6479300
6479300
6479300
6479300
6479300
6479300
6479300
6479300
6479300
6479300
6479300
6479300
6479300
6479300
6479300
6479300
6479300
6479300
6479300
3148170
4894450
5675950
5942290
6026330
6048400
6054060
6055890
6055990
6056010
6056010
6056010
6056010
6056010
6056010
6056010
6056010
6056010
6056010
6056010
6056010
6056010
6056010
6056010
6056010
6056010
6056010
6056010
6056010
6056010
6056010
6056010
6056010
6056010
6056010
6056010
6056010
6056010
6056010
6056010
3210570
5001320
5782500
6051720
6128490
6151230
6157600
6160440
6161010
6161530
6161530
6161530
6161530
6161530
6161530
6161530
6161530
6161530
6161530
6161530
6161530
6161530
6161530
6161530
6161530
6161530
6161530
6161530
6161530
6161530
6161530
6161530
6161530
6161530
6161530
6161530
6161530
6161530
6161530
6161530
3240350
5041350
5829000
6090340
6171820
6191320
6195810
6196710
6196760
6196780
6196780
6196780
6196780
6196780
6196780
6196780
6196780
6196780
6196780
6196780
6196780
6196780
6196780
6196780
6196780
6196780
6196780
6196780
6196780
6196780
6196780
6196780
6196780
6196780
6196780
6196780
6196780
6196780
6196780
6196780
3209060
5006550
5811710
6103380
6200950
6228400
6234910
6236300
6236450
6236500
6236510
6236510
6236510
6236510
6236510
6236510
6236510
6236510
6236510
6236510
6236510
6236510
6236510
6236510
6236510
6236510
6236510
6236510
6236510
6236510
6236510
6236510
6236510
6236510
6236510
6236510
6236510
6236510
6236510
6236510
3208430
5059220
5918190
6262910
6380200
6423390
6438750
6441920
6443190
6443800
6444340
6444350
6444350
6444350
6444350
6444350
6444350
6444350
6444350
6444350
6444350
6444350
6444350
6444350
6444350
6444350
6444350
6444350
6444350
6444350
6444350
6444350
6444350
6444350
6444350
6444350
6444350
6444350
6444350
6444350
3179430
5010140
5853260
6174170
6281710
6314260
6323390
6325910
6326030
6326040
6326040
6326040
6326040
6326040
6326040
6326040
6326040
6326040
6326040
6326040
6326040
6326040
6326040
6326040
6326040
6326040
6326040
6326040
6326040
6326040
6326040
6326040
6326040
6326040
6326040
6326040
6326040
6326040
6326040
6326040
3202050
5050380
5914340
6251260
6374500
6407860
6417510
6418900
6419060
6419100
6419100
6419100
6419100
6419100
6419100
6419100
6419100
6419100
6419100
6419100
6419100
6419100
6419100
6419100
6419100
6419100
6419100
6419100
6419100
6419100
6419100
6419100
6419100
6419100
6419100
6419100
6419100
6419100
6419100
6419100
3205660
5020300
5862970
6171360
6264270
6284400
6288280
6289150
6289220
6289260
6289280
6289300
6289300
6289300
6289300
6289300
6289300
6289300
6289300
6289300
6289300
6289300
6289300
6289300
6289300
6289300
6289300
6289300
6289300
6289300
6289300
6289300
6289300
6289300
6289300
6289300
6289300
6289300
6289300
6289300
3145280
4955450
5787760
6104020
6210630
6237680
6244470
6245980
6246580
6246610
6246630
6246630
6246630
6246630
6246630
6246630
6246630
6246630
6246630
6246630
6246630
6246630
6246630
6246630
6246630
6246630
6246630
6246630
6246630
6246630
6246630
6246630
6246630
6246630
6246630
6246630
6246630
6246630
6246630
6246630
3226690
5072120
5892510
6190560
6278550
6298260
6303070
6304470
6304560
6304600
6304620
6304620
6304620
6304620
6304620
6304620
6304620
6304620
6304620
6304620
6304620
6304620
6304620
6304620
6304620
6304620
6304620
6304620
6304620
6304620
6304620
6304620
6304620
6304620
6304620
6304620
6304620
6304620
6304620
6304620
3189540
4983310
5789880
6108680
6215820
6244990
6251500
6253670
6253920
6253980
6254010
6254010
6254010
6254010
6254010
6254010
6254010
6254010
6254010
6254010
6254010
6254010
6254010
6254010
6254010
6254010
6254010
6254010
6254010
6254010
6254010
6254010
6254010
6254010
6254010
6254010
6254010
6254010
6254010
6254010
3216110
5014950
5844770
6137400
6227570
6255750
6263280
6264730
6264820
6264840
6264840
6264840
6264840
6264840
6264840
6264840
6264840
6264840
6264840
6264840
6264840
6264840
6264840
6264840
6264840
6264840
6264840
6264840
6264840
6264840
6264840
6264840
6264840
6264840
6264840
6264840
6264840
6264840
6264840
6264840
3128990
4924330
5750780
6065300
6157710
6184050
6190890
6193350
6193460
6193490
6193490
6193490
6193490
6193490
6193490
6193490
6193490
6193490
6193490
6193490
6193490
6193490
6193490
6193490
6193490
6193490
6193490
6193490
6193490
6193490
6193490
6193490
6193490
6193490
6193490
6193490
6193490
6193490
6193490
6193490
3140050
4884500
5679140
5975270
6071680
6095240
6101270
6101790
6101940
6101970
6101990
6102000
6102000
6102000
6102000
6102000
6102000
6102000
6102000
6102000
6102000
6102000
6102000
6102000
6102000
6102000
6102000
6102000
6102000
6102000
6102000
6102000
6102000
6102000
6102000
6102000
6102000
6102000
6102000
6102000
3126150
4922170
5766450
6095470
6200910
6226930
6234660
6236240
6236400
6236440
6236440
6236440
6236440
6236440
6236440
6236440
6236440
6236440
6236440
6236440
6236440
6236440
6236440
6236440
6236440
6236440
6236440
6236440
6236440
6236440
6236440
6236440
6236440
6236440
6236440
6236440
6236440
6236440
6236440
6236440
3003330
4744540
5591520
5949220
6072430
6109370
6118630
6120640
6120770
6120790
6120790
6120790
6120790
6120790
6120790
6120790
6120790
6120790
6120790
6120790
6120790
6120790
6120790
6120790
6120790
6120790
6120790
6120790
6120790
6120790
6120790
6120790
6120790
6120790
6120790
6120790
6120790
6120790
6120790
6120790
3191610
4979330
5765780
6047920
6130170
6154960
6160670
6162550
6163560
6163580
6163580
6163580
6163580
6163580
6163580
6163580
6163580
6163580
6163580
6163580
6163580
6163580
6163580
6163580
6163580
6163580
6163580
6163580
6163580
6163580
6163580
6163580
6163580
6163580
6163580
6163580
6163580
6163580
6163580
6163580
3102810
4870520
5668050
5955270
6048870
6071800
6076700
6078590
6078660
6078680
6078690
6078690
6078690
6078690
6078690
6078690
6078690
6078690
6078690
6078690
6078690
6078690
6078690
6078690
6078690
6078690
6078690
6078690
6078690
6078690
6078690
6078690
6078690
6078690
6078690
6078690
6078690
6078690
6078690
6078690
3131080
4876030
5658390
5952850
6038470
6060940
6066810
6068230
6068340
6068390
6068410
6068410
6068410
6068410
6068410
6068410
6068410
6068410
6068410
6068410
6068410
6068410
6068410
6068410
6068410
6068410
6068410
6068410
6068410
6068410
6068410
6068410
6068410
6068410
6068410
6068410
6068410
6068410
6068410
6068410
3192280
5004580
5832270
6137910
6238020
6269130
6278010
6280330
6280890
6280930
6280940
6280950
6280950
6280950
6280950
6280950
6280950
6280950
6280950
6280950
6280950
6280950
6280950
6280950
6280950
6280950
6280950
6280950
6280950
6280950
6280950
6280950
6280950
6280950
6280950
6280950
6280950
6280950
6280950
6280950
3133200
4935270
5766520
6083290
6178190
6210820
6218760
6220590
6221160
6221180
6221180
6221180
6221180
6221180
6221180
6221180
6221180
6221180
6221180
6221180
6221180
6221180
6221180
6221180
6221180
6221180
6221180
6221180
6221180
6221180
6221180
6221180
6221180
6221180
6221180
6221180
6221180
6221180
6221180
6221180
3246780
5076140
5855340
6128700
6216320
6238280
6243580
6243800
6243860
6243870
6243880
6243880
6243880
6243880
6243880
6243880
6243880
6243880
6243880
6243880
6243880
6243880
6243880
6243880
6243880
6243880
6243880
6243880
6243880
6243880
6243880
6243880
6243880
6243880
6243880
6243880
6243880
6243880
6243880
6243880
3231420
5068040
5885420
6171260
6259740
6281970
6284420
6285290
6285420
6285460
6285480
6285480
6285480
6285480
6285480
6285480
6285480
6285480
6285480
6285480
6285480
6285480
6285480
6285480
6285480
6285480
6285480
6285480
6285480
6285480
6285480
6285480
6285480
6285480
6285480
6285480
6285480
6285480
6285480
6285480
3252420
5093970
5877350
6136140
6215910
6239740
6246620
6249260
6250790
6251310
6251820
6251820
6251820
6251820
6251820
6251820
6251820
6251820
6251820
6251820
6251820
6251820
6251820
6251820
6251820
6251820
6251820
6251820
6251820
6251820
6251820
6251820
6251820
6251820
6251820
6251820
6251820
6251820
6251820
6251820
3156950
4976450
5809110
6133100
6254840
6289920
6300420
6301440
6301580
6301620
6301630
6301640
6301640
6301640
6301640
6301640
6301640
6301640
6301640
6301640
6301640
6301640
6301640
6301640
6301640
6301640
6301640
6301640
6301640
6301640
6301640
6301640
6301640
6301640
6301640
6301640
6301640
6301640
6301640
6301640
3139680
4927520
5742020
6057630
6161700
6191940
6200950
6202890
6203490
6203500
6203510
6203510
6203510
6203510
6203510
6203510
6203510
6203510
6203510
6203510
6203510
6203510
6203510
6203510
6203510
6203510
6203510
6203510
6203510
6203510
6203510
6203510
6203510
6203510
6203510
6203510
6203510
6203510
6203510
6203510
3082890
4849970
5638960
5939080
6034380
6059510
6064350
6064650
6064710
6064710
6064710
6064710
6064710
6064710
6064710
6064710
6064710
6064710
6064710
6064710
6064710
6064710
6064710
6064710
6064710
6064710
6064710
6064710
6064710
6064710
6064710
6064710
6064710
6064710
6064710
6064710
6064710
6064710
6064710
6064710
3226440
5050510
5867660
6163930
6246920
6264790
6270030
6271910
6272030
6272090
6272100
6272100
6272100
6272100
6272100
6272100
6272100
6272100
6272100
6272100
6272100
6272100
6272100
6272100
6272100
6272100
6272100
6272100
6272100
6272100
6272100
6272100
6272100
6272100
6272100
6272100
6272100
6272100
6272100
6272100
3149120
4927430
5771280
6107720
6225090
6257320
6263720
6265640
6265680
6265680
6265680
6265680
6265680
6265680
6265680
6265680
6265680
6265680
6265680
6265680
6265680
6265680
6265680
6265680
6265680
6265680
6265680
6265680
6265680
6265680
6265680
6265680
6265680
6265680
6265680
6265680
6265680
6265680
6265680
6265680
3187170
5004660
5841670
6162160
6270620
6299760
6305990
6306520
6306650
6306680
6306690
6306690
6306690
6306690
6306690
6306690
6306690
6306690
6306690
6306690
6306690
6306690
6306690
6306690
6306690
6306690
6306690
6306690
6306690
6306690
6306690
6306690
6306690
6306690
6306690
6306690
6306690
6306690
6306690
6306690
3115590
4890230
5706720
6018570
6131360
6166280
6175690
6177490
6178080
6178130
6178130
6178130
6178130
6178130
6178130
6178130
6178130
6178130
6178130
6178130
6178130
6178130
6178130
6178130
6178130
6178130
6178130
6178130
6178130
6178130
6178130
6178130
6178130
6178130
6178130
6178130
6178130
6178130
6178130
6178130
3253760
5152990
6011150
6340880
6441060
6469040
6475580
6478430
6478530
6478560
6478570
6478570
6478570
6478570
6478570
6478570
6478570
6478570
6478570
6478570
6478570
6478570
6478570
6478570
6478570
6478570
6478570
6478570
6478570
6478570
6478570
6478570
6478570
6478570
6478570
6478570
6478570
6478570
6478570
6478570
3136450
4909970
5748240
6055090
6152170
6178590
6186950
6188780
6189350
6189360
6189360
6189360
6189360
6189360
6189360
6189360
6189360
6189360
6189360
6189360
6189360
6189360
6189360
6189360
6189360
6189360
6189360
6189360
6189360
6189360
6189360
6189360
6189360
6189360
6189360
6189360
6189360
6189360
6189360
6189360
3161690
4981540
5825710
6162590
6271200
6296580
6300700
6302120
6302780
6302830
6302840
6302840
6302840
6302840
6302840
6302840
6302840
6302840
6302840
6302840
6302840
6302840
6302840
6302840
6302840
6302840
6302840
6302840
6302840
6302840
6302840
6302840
6302840
6302840
6302840
6302840
6302840
6302840
6302840
6302840
3160350
4987770
5838590
6150100
6254050
6283400
6288870
6290580
6290640
6290680
6290700
6290710
6290720
6290720
6290720
6290720
6290720
6290720
6290720
6290720
6290720
6290720
6290720
6290720
6290720
6290720
6290720
6290720
6290720
6290720
6290720
6290720
6290720
6290720
6290720
6290720
6290720
6290720
6290720
6290720
3101260
4905770
5742280
6070320
6184110
6217680
6226070
6227370
6227920
6227930
6227930
6227930
6227930
6227930
6227930
6227930
6227930
6227930
6227930
6227930
6227930
6227930
6227930
6227930
6227930
6227930
6227930
6227930
6227930
6227930
6227930
6227930
6227930
6227930
6227930
6227930
6227930
6227930
6227930
6227930
3301640
5184960
6049870
6371240
6461860
6490030
6496150
6497590
6498190
6498230
6498250
6498270
6498270
6498270
6498270
6498270
6498270
6498270
6498270
6498270
6498270
6498270
6498270
6498270
6498270
6498270
6498270
6498270
6498270
6498270
6498270
6498270
6498270
6498270
6498270
6498270
6498270
6498270
6498270
6498270
3268810
5129480
5959970
6250780
6337640
6356650
6360860
6361750
6361910
6361980
6362010
6362020
6362020
6362020
6362020
6362020
6362020
6362020
6362020
6362020
6362020
6362020
6362020
6362020
6362020
6362020
6362020
6362020
6362020
6362020
6362020
6362020
6362020
6362020
6362020
6362020
6362020
6362020
6362020
6362020
3184410
5043420
5894440
6198390
6292850
6318900
6325780
6327120
6327240
6327290
6327300
6327300
6327300
6327300
6327300
6327300
6327300
6327300
6327300
6327300
6327300
6327300
6327300
6327300
6327300
6327300
6327300
6327300
6327300
6327300
6327300
6327300
6327300
6327300
6327300
6327300
6327300
6327300
6327300
6327300
3201160
5026400
5861840
6143610
6231560
6251690
6255970
6256760
6256820
6256820
6256820
6256820
6256820
6256820
6256820
6256820
6256820
6256820
6256820
6256820
6256820
6256820
6256820
6256820
6256820
6256820
6256820
6256820
6256820
6256820
6256820
6256820
6256820
6256820
6256820
6256820
6256820
6256820
6256820
6256820
3214870
5015050
5832470
6134850
6240140
6272610
6277960
6279900
6280050
6280090
6280110
6280110
6280110
6280110
6280110
6280110
6280110
6280110
6280110
6280110
6280110
6280110
6280110
6280110
6280110
6280110
6280110
6280110
6280110
6280110
6280110
6280110
6280110
6280110
6280110
6280110
6280110
6280110
6280110
6280110
3139290
4910070
5712580
6000220
6087760
6110920
6117710
6118020
6118090
6118100
6118110
6118110
6118110
6118110
6118110
6118110
6118110
6118110
6118110
6118110
6118110
6118110
6118110
6118110
6118110
6118110
6118110
6118110
6118110
6118110
6118110
6118110
6118110
6118110
6118110
6118110
6118110
6118110
6118110
6118110
3182790
5026620
5891660
6225850
6349070
6379890
6388070
6390900
6391010
6391040
6391040
6391040
6391040
6391040
6391040
6391040
6391040
6391040
6391040
6391040
6391040
6391040
6391040
6391040
6391040
6391040
6391040
6391040
6391040
6391040
6391040
6391040
6391040
6391040
6391040
6391040
6391040
6391040
6391040
6391040
3192470
5028470
5886920
6214430
6321420
6354160
6360700
6363090
6363230
6363250
6363260
6363270
6363270
6363270
6363270
6363270
6363270
6363270
6363270
6363270
6363270
6363270
6363270
6363270
6363270
6363270
6363270
6363270
6363270
6363270
6363270
6363270
6363270
6363270
6363270
6363270
6363270
6363270
6363270
6363270
3180170
4999670
5829720
6134580
6228650
6250370
6257790
6259020
6260070
6260100
6260100
6260100
6260100
6260100
6260100
6260100
6260100
6260100
6260100
6260100
6260100
6260100
6260100
6260100
6260100
6260100
6260100
6260100
6260100
6260100
6260100
6260100
6260100
6260100
6260100
6260100
6260100
6260100
6260100
6260100
3204640
4984420
5812000
6120920
6213570
6238480
6243450
6244200
6244250
6244250
6244250
6244250
6244250
6244250
6244250
6244250
6244250
6244250
6244250
6244250
6244250
6244250
6244250
6244250
6244250
6244250
6244250
6244250
6244250
6244250
6244250
6244250
6244250
6244250
6244250
6244250
6244250
6244250
6244250
6244250
3178300
4949350
5733720
5998750
6084210
6104810
6108920
6110360
6110500
6110510
6110510
6110510
6110510
6110510
6110510
6110510
6110510
6110510
6110510
6110510
6110510
6110510
6110510
6110510
6110510
6110510
6110510
6110510
6110510
6110510
6110510
6110510
6110510
6110510
6110510
6110510
6110510
6110510
6110510
6110510
3140600
4954110
5809240
6149010
6266730
6303950
6313470
6314790
6315030
6315100
6315130
6315130
6315130
6315130
6315130
6315130
6315130
6315130
6315130
6315130
6315130
6315130
6315130
6315130
6315130
6315130
6315130
6315130
6315130
6315130
6315130
6315130
6315130
6315130
6315130
6315130
6315130
6315130
6315130
6315130
3226520
5059420
5849650
6134150
6212130
6232880
6237760
6238600
6238700
6238720
6238730
6238730
6238730
6238730
6238730
6238730
6238730
6238730
6238730
6238730
6238730
6238730
6238730
6238730
6238730
6238730
6238730
6238730
6238730
6238730
6238730
6238730
6238730
6238730
6238730
6238730
6238730
6238730
6238730
6238730
3182490
5007240
5797310
6059880
6142590
6167220
6173310
6175110
6175170
6175180
6175180
6175180
6175180
6175180
6175180
6175180
6175180
6175180
6175180
6175180
6175180
6175180
6175180
6175180
6175180
6175180
6175180
6175180
6175180
6175180
6175180
6175180
6175180
6175180
6175180
6175180
6175180
6175180
6175180
6175180
3299500
5181510
6036040
6333010
6427510
6457410
6466860
6467870
6468530
6468600
6468630
6468640
6468640
6468640
6468640
6468640
6468640
6468640
6468640
6468640
6468640
6468640
6468640
6468640
6468640
6468640
6468640
6468640
6468640
6468640
6468640
6468640
6468640
6468640
6468640
6468640
6468640
6468640
6468640
6468640
3184540
5047150
5897170
6216150
6311660
6340290
6348790
6351140
6351640
6351650
6351650
6351650
6351650
6351650
6351650
6351650
6351650
6351650
6351650
6351650
6351650
6351650
6351650
6351650
6351650
6351650
6351650
6351650
6351650
6351650
6351650
6351650
6351650
6351650
6351650
6351650
6351650
6351650
6351650
6351650
3094850
4887920
5729600
6063800
6173320
6198800
6205870
6207860
6208480
6208490
6208490
6208490
6208490
6208490
6208490
6208490
6208490
6208490
6208490
6208490
6208490
6208490
6208490
6208490
6208490
6208490
6208490
6208490
6208490
6208490
6208490
6208490
6208490
6208490
6208490
6208490
6208490
6208490
6208490
6208490
3227030
5069140
5876690
6175640
6267290
6295650
6303840
6304210
6304320
6304340
6304340
6304340
6304340
6304340
6304340
6304340
6304340
6304340
6304340
6304340
6304340
6304340
6304340
6304340
6304340
6304340
6304340
6304340
6304340
6304340
6304340
6304340
6304340
6304340
6304340
6304340
6304340
6304340
6304340
6304340
3229020
5021750
5807820
6082740
6162020
6180390
6185980
6187290
6187370
6187370
6187370
6187370
6187370
6187370
6187370
6187370
6187370
6187370
6187370
6187370
6187370
6187370
6187370
6187370
6187370
6187370
6187370
6187370
6187370
6187370
6187370
6187370
6187370
6187370
6187370
6187370
6187370
6187370
6187370
6187370
3051230
4823640
5673600
6017790
6127700
6158030
6167710
6170850
6170940
6170980
6170980
6170980
6170980
6170980
6170980
6170980
6170980
6170980
6170980
6170980
6170980
6170980
6170980
6170980
6170980
6170980
6170980
6170980
6170980
6170980
6170980
6170980
6170980
6170980
6170980
6170980
6170980
6170980
6170980
6170980
3123690
4924080
5779470
6112380
6228240
6258620
6266780
6268990
6270060
6270080
6270080
6270080
6270080
6270080
6270080
6270080
6270080
6270080
6270080
6270080
6270080
6270080
6270080
6270080
6270080
6270080
6270080
6270080
6270080
6270080
6270080
6270080
6270080
6270080
6270080
6270080
6270080
6270080
6270080
6270080
3192480
4987810
5824490
6140820
6232490
6257090
6260390
6260790
6260870
6260880
6260880
6260880
6260880
6260880
6260880
6260880
6260880
6260880
6260880
6260880
6260880
6260880
6260880
6260880
6260880
6260880
6260880
6260880
6260880
6260880
6260880
6260880
6260880
6260880
6260880
6260880
6260880
6260880
6260880
6260880
3198800
5062450
5895970
6197340
6281750
6307670
6311670
6311960
6312020
6312050
6312050
6312050
6312050
6312050
6312050
6312050
6312050
6312050
6312050
6312050
6312050
6312050
6312050
6312050
6312050
6312050
6312050
6312050
6312050
6312050
6312050
6312050
6312050
6312050
6312050
6312050
6312050
6312050
6312050
6312050
3169760
4971370
5789140
6092630
6186520
6214960
6220740
6222180
6222300
6222330
6222330
6222330
6222330
6222330
6222330
6222330
6222330
6222330
6222330
6222330
6222330
6222330
6222330
6222330
6222330
6222330
6222330
6222330
6222330
6222330
6222330
6222330
6222330
6222330
6222330
6222330
6222330
6222330
6222330
6222330
3276830
5168840
6026220
6342650
6442030
6472920
6481100
6482830
6483410
6483450
6483460
6483460
6483460
6483460
6483460
6483460
6483460
6483460
6483460
6483460
6483460
6483460
6483460
6483460
6483460
6483460
6483460
6483460
6483460
6483460
6483460
6483460
6483460
6483460
6483460
6483460
6483460
6483460
6483460
6483460
3142180
4964670
5800600
6133930
6248700
6283660
6291140
6293470
6294130
6294160
6294180
6294200
6294210
6294210
6294210
6294210
6294210
6294210
6294210
6294210
6294210
6294210
6294210
6294210
6294210
6294210
6294210
6294210
6294210
6294210
6294210
6294210
6294210
6294210
6294210
6294210
6294210
6294210
6294210
6294210
3328270
5235270
6083770
6377760
6468650
6491730
6496080
6496460
6496550
6496560
6496560
6496560
6496560
6496560
6496560
6496560
6496560
6496560
6496560
6496560
6496560
6496560
6496560
6496560
6496560
6496560
6496560
6496560
6496560
6496560
6496560
6496560
6496560
6496560
6496560
6496560
6496560
6496560
6496560
6496560
3142180
4924270
5760140
6081140
6185840
6218110
6225920
6226920
6227040
6227070
6227070
6227070
6227070
6227070
6227070
6227070
6227070
6227070
6227070
6227070
6227070
6227070
6227070
6227070
6227070
6227070
6227070
6227070
6227070
6227070
6227070
6227070
6227070
6227070
6227070
6227070
6227070
6227070
6227070
6227070
3289060
5208850
6064450
6382930
6486400
6516950
6526830
6527310
6527490
6527530
6527530
6527530
6527530
6527530
6527530
6527530
6527530
6527530
6527530
6527530
6527530
6527530
6527530
6527530
6527530
6527530
6527530
6527530
6527530
6527530
6527530
6527530
6527530
6527530
6527530
6527530
6527530
6527530
6527530
6527530
3252900
5092700
5923490
6220960
6315250
6341740
6349760
6354140
6354750
6354780
6354790
6354800
6354800
6354800
6354800
6354800
6354800
6354800
6354800
6354800
6354800
6354800
6354800
6354800
6354800
6354800
6354800
6354800
6354800
6354800
6354800
6354800
6354800
6354800
6354800
6354800
6354800
6354800
6354800
6354800
3130550
4905290
5734420
6024020
6109100
6130480
6134310
6135040
6135140
6135140
6135140
6135140
6135140
6135140
6135140
6135140
6135140
6135140
6135140
6135140
6135140
6135140
6135140
6135140
6135140
6135140
6135140
6135140
6135140
6135140
6135140
6135140
6135140
6135140
6135140
6135140
6135140
6135140
6135140
6135140
3179280
4987320
5811790
6109560
6198230
6221170
6226540
6227830
6229030
6229640
6229650
6229650
6229650
6229650
6229650
6229650
6229650
6229650
6229650
6229650
6229650
6229650
6229650
6229650
6229650
6229650
6229650
6229650
6229650
6229650
6229650
6229650
6229650
6229650
6229650
6229650
6229650
6229650
6229650
6229650
3238860
5081980
5939390
6262840
6357500
6383280
6391200
6392560
6393190
6393250
6393280
6393280
6393280
6393280
6393280
6393280
6393280
6393280
6393280
6393280
6393280
6393280
6393280
6393280
6393280
6393280
6393280
6393280
6393280
6393280
6393280
6393280
6393280
6393280
6393280
6393280
6393280
6393280
6393280
6393280
3233670
5074180
5892600
6202750
6306300
6336430
6345720
6348510
6349670
6349690
6349690
6349690
6349690
6349690
6349690
6349690
6349690
6349690
6349690
6349690
6349690
6349690
6349690
6349690
6349690
6349690
6349690
6349690
6349690
6349690
6349690
6349690
6349690
6349690
6349690
6349690
6349690
6349690
6349690
6349690
3173560
4991640
5830310
6149510
6261040
6295260
6305140
6306550
6306660
6306670
6306670
6306670
6306670
6306670
6306670
6306670
6306670
6306670
6306670
6306670
6306670
6306670
6306670
6306670
6306670
6306670
6306670
6306670
6306670
6306670
6306670
6306670
6306670
6306670
6306670
6306670
6306670
6306670
6306670
6306670
3122190
4832660
5586960
5853960
5928300
5941020
5944560
5945890
5945990
5946030
5946060
5946060
5946060
5946060
5946060
5946060
5946060
5946060
5946060
5946060
5946060
5946060
5946060
5946060
5946060
5946060
5946060
5946060
5946060
5946060
5946060
5946060
5946060
5946060
5946060
5946060
5946060
5946060
5946060
5946060
3186420
5043010
5902340
6247310
6362770
6401720
6411880
6412530
6412760
6412830
6412840
6412840
6412840
6412840
6412840
6412840
6412840
6412840
6412840
6412840
6412840
6412840
6412840
6412840
6412840
6412840
6412840
6412840
6412840
6412840
6412840
6412840
6412840
6412840
6412840
6412840
6412840
6412840
6412840
6412840
3198820
5000100
5815720
6098630
6190220
6215960
6220200
6221020
6221070
6221070
6221070
6221070
6221070
6221070
6221070
6221070
6221070
6221070
6221070
6221070
6221070
6221070
6221070
6221070
6221070
6221070
6221070
6221070
6221070
6221070
6221070
6221070
6221070
6221070
6221070
6221070
6221070
6221070
6221070
6221070
3160540
5036990
5927400
6272340
6390660
6426890
6437820
6442510
6442770
6442850
6442870
6442870
6442870
6442870
6442870
6442870
6442870
6442870
6442870
6442870
6442870
6442870
6442870
6442870
6442870
6442870
6442870
6442870
6442870
6442870
6442870
6442870
6442870
6442870
6442870
6442870
6442870
6442870
6442870
6442870
3139090
4921000
5750440
6068740
6175100
6210250
6220080
6223470
6224260
6224320
6224330
6224330
6224330
6224330
6224330
6224330
6224330
6224330
6224330
6224330
6224330
6224330
6224330
6224330
6224330
6224330
6224330
6224330
6224330
6224330
6224330
6224330
6224330
6224330
6224330
6224330
6224330
6224330
6224330
6224330
3282650
5141270
6000640
6321560
6432320
6471540
6481140
6483450
6483670
6483770
6483770
6483770
6483770
6483770
6483770
6483770
6483770
6483770
6483770
6483770
6483770
6483770
6483770
6483770
6483770
6483770
6483770
6483770
6483770
6483770
6483770
6483770
6483770
6483770
6483770
6483770
6483770
6483770
6483770
6483770
3222230
4990420
5780160
6058960
6142790
6161890
6164240
6164390
6164420
6164430
6164440
6164450
6164450
6164450
6164450
6164450
6164450
6164450
6164450
6164450
6164450
6164450
6164450
6164450
6164450
6164450
6164450
6164450
6164450
6164450
6164450
6164450
6164450
6164450
6164450
6164450
6164450
6164450
6164450
6164450
3129420
4890950
5670850
5949540
6030390
6047790
6052060
6053260
6053300
6053330
6053340
6053340
6053340
6053340
6053340
6053340
6053340
6053340
6053340
6053340
6053340
6053340
6053340
6053340
6053340
6053340
6053340
6053340
6053340
6053340
6053340
6053340
6053340
6053340
6053340
6053340
6053340
6053340
6053340
6053340
3183380
5020490
5883570
6213000
6322370
6352490
6361330
6364450
6365460
6365970
6365980
6365980
6365980
6365980
6365980
6365980
6365980
6365980
6365980
6365980
6365980
6365980
6365980
6365980
6365980
6365980
6365980
6365980
6365980
6365980
6365980
6365980
6365980
6365980
6365980
6365980
6365980
6365980
6365980
6365980
3126500
4921020
5768690
6081540
6184040
6210620
6217190
6219510
6220050
6220540
6220540
6220540
6220540
6220540
6220540
6220540
6220540
6220540
6220540
6220540
6220540
6220540
6220540
6220540
6220540
6220540
6220540
6220540
6220540
6220540
6220540
6220540
6220540
6220540
6220540
6220540
6220540
6220540
6220540
6220540
3156280
4960390
5814970
6140040
6251730
6284340
6291310
6293300
6293880
6293900
6293900
6293900
6293900
6293900
6293900
6293900
6293900
6293900
6293900
6293900
6293900
6293900
6293900
6293900
6293900
6293900
6293900
6293900
6293900
6293900
6293900
6293900
6293900
6293900
6293900
6293900
6293900
6293900
6293900
6293900
3178450
4903400
5649320
5916800
5988990
6008070
6012390
6013250
6013320
6013330
6013330
6013330
6013330
6013330
6013330
6013330
6013330
6013330
6013330
6013330
6013330
6013330
6013330
6013330
6013330
6013330
6013330
6013330
6013330
6013330
6013330
6013330
6013330
6013330
6013330
6013330
6013330
6013330
6013330
6013330
3201600
5024640
5847990
6150210
6251180
6278200
6286230
6287460
6287540
6287540
6287540
6287540
6287540
6287540
6287540
6287540
6287540
6287540
6287540
6287540
6287540
6287540
6287540
6287540
6287540
6287540
6287540
6287540
6287540
6287540
6287540
6287540
6287540
6287540
6287540
6287540
6287540
6287540
6287540
6287540
3174040
4965370
5791890
6105300
6203170
6227690
6231490
6232410
6232540
6232560
6232560
6232560
6232560
6232560
6232560
6232560
6232560
6232560
6232560
6232560
6232560
6232560
6232560
6232560
6232560
6232560
6232560
6232560
6232560
6232560
6232560
6232560
6232560
6232560
6232560
6232560
6232560
6232560
6232560
6232560
3093600
4857720
5693490
6026380
6138980
6172340
6181120
6181570
6181650
6181660
6181660
6181660
6181660
6181660
6181660
6181660
6181660
6181660
6181660
6181660
6181660
6181660
6181660
6181660
6181660
6181660
6181660
6181660
6181660
6181660
6181660
6181660
6181660
6181660
6181660
6181660
6181660
6181660
6181660
6181660
3134890
4904230
5692020
5988380
6082260
6106830
6113210
6115020
6115050
6115050
6115050
6115050
6115050
6115050
6115050
6115050
6115050
6115050
6115050
6115050
6115050
6115050
6115050
6115050
6115050
6115050
6115050
6115050
6115050
6115050
6115050
6115050
6115050
6115050
6115050
6115050
6115050
6115050
6115050
6115050
3282850
5110170
5919740
6199560
6279820
6301670
6308380
6309120
6309180
6309200
6309200
6309200
6309200
6309200
6309200
6309200
6309200
6309200
6309200
6309200
6309200
6309200
6309200
6309200
6309200
6309200
6309200
6309200
6309200
6309200
6309200
6309200
6309200
6309200
6309200
6309200
6309200
6309200
6309200
6309200
3251270
5071840
5886230
6184840
6280870
6314960
6324890
6328240
6328780
6328800
6328800
6328800
6328800
6328800
6328800
6328800
6328800
6328800
6328800
6328800
6328800
6328800
6328800
6328800
6328800
6328800
6328800
6328800
6328800
6328800
6328800
6328800
6328800
6328800
6328800
6328800
6328800
6328800
6328800
6328800
