16160
28037
35461
39744
41799
42553
42799
42878
42891
42897
42897
42897
42897
42897
42897
42897
42897
42897
42897
42897
42897
42897
42897
42897
42897
42897
42897
42897
42897
42897
42897
42897
42897
42897
42897
42897
42897
42897
42897
42897
15855
27428
34424
38300
40100
40872
41108
41159
41170
41172
41173
41174
41174
41174
41174
41174
41174
41174
41174
41174
41174
41174
41174
41174
41174
41174
41174
41174
41174
41174
41174
41174
41174
41174
41174
41174
41174
41174
41174
41174
15850
27513
34658
38689
40626
41424
41626
41667
41677
41681
41681
41681
41681
41681
41681
41681
41681
41681
41681
41681
41681
41681
41681
41681
41681
41681
41681
41681
41681
41681
41681
41681
41681
41681
41681
41681
41681
41681
41681
41681
15998
27702
34725
38649
40473
41228
41490
41537
41555
41558
41560
41560
41560
41560
41560
41560
41560
41560
41560
41560
41560
41560
41560
41560
41560
41560
41560
41560
41560
41560
41560
41560
41560
41560
41560
41560
41560
41560
41560
41560
15941
27916
35315
39642
41852
42763
43099
43197
43205
43206
43206
43206
43206
43206
43206
43206
43206
43206
43206
43206
43206
43206
43206
43206
43206
43206
43206
43206
43206
43206
43206
43206
43206
43206
43206
43206
43206
43206
43206
43206
16292
28252
35489
39486
41313
41922
42104
42151
42157
42157
42157
42157
42157
42157
42157
42157
42157
42157
42157
42157
42157
42157
42157
42157
42157
42157
42157
42157
42157
42157
42157
42157
42157
42157
42157
42157
42157
42157
42157
42157
15922
27735
34884
38857
40695
41423
41717
41790
41824
41834
41839
41839
41839
41839
41839
41839
41839
41839
41839
41839
41839
41839
41839
41839
41839
41839
41839
41839
41839
41839
41839
41839
41839
41839
41839
41839
41839
41839
41839
41839
16338
28683
36151
40236
42150
42893
43131
43181
43196
43196
43196
43196
43196
43196
43196
43196
43196
43196
43196
43196
43196
43196
43196
43196
43196
43196
43196
43196
43196
43196
43196
43196
43196
43196
43196
43196
43196
43196
43196
43196
16023
27935
35131
39317
41213
41879
42138
42204
42232
42233
42233
42233
42233
42233
42233
42233
42233
42233
42233
42233
42233
42233
42233
42233
42233
42233
42233
42233
42233
42233
42233
42233
42233
42233
42233
42233
42233
42233
42233
42233
16155
28194
35513
39581
41614
42377
42620
42687
42695
42697
42698
42698
42698
42698
42698
42698
42698
42698
42698
42698
42698
42698
42698
42698
42698
42698
42698
42698
42698
42698
42698
42698
42698
42698
42698
42698
42698
42698
42698
42698
16217
28267
35488
39408
41242
42000
42267
42317
42329
42334
42335
42335
42335
42335
42335
42335
42335
42335
42335
42335
42335
42335
42335
42335
42335
42335
42335
42335
42335
42335
42335
42335
42335
42335
42335
42335
42335
42335
42335
42335
16020
28000
35274
39660
41881
42782
43161
43236
43270
43282
43284
43284
43284
43284
43284
43284
43284
43284
43284
43284
43284
43284
43284
43284
43284
43284
43284
43284
43284
43284
43284
43284
43284
43284
43284
43284
43284
43284
43284
43284
15980
27926
35078
39134
41079
41839
42082
42151
42175
42185
42185
42185
42185
42185
42185
42185
42185
42185
42185
42185
42185
42185
42185
42185
42185
42185
42185
42185
42185
42185
42185
42185
42185
42185
42185
42185
42185
42185
42185
42185
16079
28028
35390
39514
41497
42211
42447
42525
42548
42554
42555
42555
42555
42555
42555
42555
42555
42555
42555
42555
42555
42555
42555
42555
42555
42555
42555
42555
42555
42555
42555
42555
42555
42555
42555
42555
42555
42555
42555
42555
15790
27250
34265
38235
40092
40895
41120
41178
41186
41189
41190
41190
41190
41190
41190
41190
41190
41190
41190
41190
41190
41190
41190
41190
41190
41190
41190
41190
41190
41190
41190
41190
41190
41190
41190
41190
41190
41190
41190
41190
15752
27592
34949
39224
41464
42429
42801
42921
42959
42969
42971
42971
42971
42971
42971
42971
42971
42971
42971
42971
42971
42971
42971
42971
42971
42971
42971
42971
42971
42971
42971
42971
42971
42971
42971
42971
42971
42971
42971
42971
15821
27558
34820
39057
41146
41979
42255
42360
42393
42412
42413
42413
42413
42413
42413
42413
42413
42413
42413
42413
42413
42413
42413
42413
42413
42413
42413
42413
42413
42413
42413
42413
42413
42413
42413
42413
42413
42413
42413
42413
16050
28026
35271
39409
41489
42375
42651
42712
42728
42731
42731
42731
42731
42731
42731
42731
42731
42731
42731
42731
42731
42731
42731
42731
42731
42731
42731
42731
42731
42731
42731
42731
42731
42731
42731
42731
42731
42731
42731
42731
16170
28201
35505
39607
41489
42287
42524
42574
42582
42587
42588
42588
42588
42588
42588
42588
42588
42588
42588
42588
42588
42588
42588
42588
42588
42588
42588
42588
42588
42588
42588
42588
42588
42588
42588
42588
42588
42588
42588
42588
16114
28121
35386
39447
41302
41912
42122
42166
42184
42189
42189
42189
42189
42189
42189
42189
42189
42189
42189
42189
42189
42189
42189
42189
42189
42189
42189
42189
42189
42189
42189
42189
42189
42189
42189
42189
42189
42189
42189
42189
16214
28068
35393
39516
41654
42503
42772
42837
42847
42850
42850
42850
42850
42850
42850
42850
42850
42850
42850
42850
42850
42850
42850
42850
42850
42850
42850
42850
42850
42850
42850
42850
42850
42850
42850
42850
42850
42850
42850
42850
15878
27746
34886
38856
40830
41537
41762
41819
41827
41827
41827
41827
41827
41827
41827
41827
41827
41827
41827
41827
41827
41827
41827
41827
41827
41827
41827
41827
41827
41827
41827
41827
41827
41827
41827
41827
41827
41827
41827
41827
16044
27922
35162
39207
41223
41976
42158
42189
42195
42197
42197
42197
42197
42197
42197
42197
42197
42197
42197
42197
42197
42197
42197
42197
42197
42197
42197
42197
42197
42197
42197
42197
42197
42197
42197
42197
42197
42197
42197
42197
15960
27893
35099
39170
41201
41933
42192
42241
42255
42256
42257
42257
42257
42257
42257
42257
42257
42257
42257
42257
42257
42257
42257
42257
42257
42257
42257
42257
42257
42257
42257
42257
42257
42257
42257
42257
42257
42257
42257
42257
16185
28302
35548
39783
41738
42557
42778
42839
42848
42850
42850
42850
42850
42850
42850
42850
42850
42850
42850
42850
42850
42850
42850
42850
42850
42850
42850
42850
42850
42850
42850
42850
42850
42850
42850
42850
42850
42850
42850
42850
15925
27630
34709
38613
40433
41051
41257
41293
41301
41302
41302
41302
41302
41302
41302
41302
41302
41302
41302
41302
41302
41302
41302
41302
41302
41302
41302
41302
41302
41302
41302
41302
41302
41302
41302
41302
41302
41302
41302
41302
15917
27722
34993
39334
41501
42384
42670
42741
42746
42746
42746
42746
42746
42746
42746
42746
42746
42746
42746
42746
42746
42746
42746
42746
42746
42746
42746
42746
42746
42746
42746
42746
42746
42746
42746
42746
42746
42746
42746
42746
15986
27769
34819
38690
40518
41204
41429
41460
41470
41472
41472
41472
41472
41472
41472
41472
41472
41472
41472
41472
41472
41472
41472
41472
41472
41472
41472
41472
41472
41472
41472
41472
41472
41472
41472
41472
41472
41472
41472
41472
15925
27606
34749
38804
40652
41372
41605
41669
41675
41676
41676
41676
41676
41676
41676
41676
41676
41676
41676
41676
41676
41676
41676
41676
41676
41676
41676
41676
41676
41676
41676
41676
41676
41676
41676
41676
41676
41676
41676
41676
16154
27899
34882
38793
40635
41313
41545
41621
41635
41637
41637
41637
41637
41637
41637
41637
41637
41637
41637
41637
41637
41637
41637
41637
41637
41637
41637
41637
41637
41637
41637
41637
41637
41637
41637
41637
41637
41637
41637
41637
15996
27768
34871
38753
40640
41377
41564
41611
41625
41628
41630
41631
41632
41632
41632
41632
41632
41632
41632
41632
41632
41632
41632
41632
41632
41632
41632
41632
41632
41632
41632
41632
41632
41632
41632
41632
41632
41632
41632
41632
16192
28073
35209
39230
41065
41788
42035
42085
42104
42110
42112
42112
42112
42112
42112
42112
42112
42112
42112
42112
42112
42112
42112
42112
42112
42112
42112
42112
42112
42112
42112
42112
42112
42112
42112
42112
42112
42112
42112
42112
16186
28201
35461
39623
41658
42443
42697
42802
42811
42815
42815
42815
42815
42815
42815
42815
42815
42815
42815
42815
42815
42815
42815
42815
42815
42815
42815
42815
42815
42815
42815
42815
42815
42815
42815
42815
42815
42815
42815
42815
16062
28000
35155
39201
41128
41765
41992
42067
42098
42102
42102
42102
42102
42102
42102
42102
42102
42102
42102
42102
42102
42102
42102
42102
42102
42102
42102
42102
42102
42102
42102
42102
42102
42102
42102
42102
42102
42102
42102
42102
16319
28455
35503
39457
41263
41874
42063
42108
42131
42144
42144
42144
42144
42144
42144
42144
42144
42144
42144
42144
42144
42144
42144
42144
42144
42144
42144
42144
42144
42144
42144
42144
42144
42144
42144
42144
42144
42144
42144
42144
16097
28009
35281
39467
41501
42247
42510
42567
42582
42585
42585
42585
42585
42585
42585
42585
42585
42585
42585
42585
42585
42585
42585
42585
42585
42585
42585
42585
42585
42585
42585
42585
42585
42585
42585
42585
42585
42585
42585
42585
16187
28383
35680
39872
41914
42700
42945
43019
43048
43049
43049
43049
43049
43049
43049
43049
43049
43049
43049
43049
43049
43049
43049
43049
43049
43049
43049
43049
43049
43049
43049
43049
43049
43049
43049
43049
43049
43049
43049
43049
16153
28111
35300
39423
41306
42079
42352
42416
42427
42430
42430
42430
42430
42430
42430
42430
42430
42430
42430
42430
42430
42430
42430
42430
42430
42430
42430
42430
42430
42430
42430
42430
42430
42430
42430
42430
42430
42430
42430
42430
16160
28076
35433
39637
41643
42428
42710
42776
42804
42807
42808
42808
42808
42808
42808
42808
42808
42808
42808
42808
42808
42808
42808
42808
42808
42808
42808
42808
42808
42808
42808
42808
42808
42808
42808
42808
42808
42808
42808
42808
16238
28326
35433
39377
41077
41739
41943
41993
42006
42006
42006
42006
42006
42006
42006
42006
42006
42006
42006
42006
42006
42006
42006
42006
42006
42006
42006
42006
42006
42006
42006
42006
42006
42006
42006
42006
42006
42006
42006
42006
16359
28584
35818
39749
41483
42143
42385
42465
42480
42480
42480
42480
42480
42480
42480
42480
42480
42480
42480
42480
42480
42480
42480
42480
42480
42480
42480
42480
42480
42480
42480
42480
42480
42480
42480
42480
42480
42480
42480
42480
15944
27689
34850
38901
40954
41799
42070
42157
42179
42182
42182
42182
42182
42182
42182
42182
42182
42182
42182
42182
42182
42182
42182
42182
42182
42182
42182
42182
42182
42182
42182
42182
42182
42182
42182
42182
42182
42182
42182
42182
16054
27855
35044
39188
41092
41841
42075
42148
42156
42159
42160
42160
42160
42160
42160
42160
42160
42160
42160
42160
42160
42160
42160
42160
42160
42160
42160
42160
42160
42160
42160
42160
42160
42160
42160
42160
42160
42160
42160
42160
16026
27880
34908
38665
40580
41288
41470
41501
41510
41513
41513
41513
41513
41513
41513
41513
41513
41513
41513
41513
41513
41513
41513
41513
41513
41513
41513
41513
41513
41513
41513
41513
41513
41513
41513
41513
41513
41513
41513
41513
15996
27589
34601
38597
40452
41049
41228
41263
41272
41272
41272
41272
41272
41272
41272
41272
41272
41272
41272
41272
41272
41272
41272
41272
41272
41272
41272
41272
41272
41272
41272
41272
41272
41272
41272
41272
41272
41272
41272
41272
15822
27449
34567
38694
40708
41539
41792
41857
41882
41897
41897
41897
41897
41897
41897
41897
41897
41897
41897
41897
41897
41897
41897
41897
41897
41897
41897
41897
41897
41897
41897
41897
41897
41897
41897
41897
41897
41897
41897
41897
15836
27578
34862
38781
40547
41240
41421
41454
41462
41463
41463
41463
41463
41463
41463
41463
41463
41463
41463
41463
41463
41463
41463
41463
41463
41463
41463
41463
41463
41463
41463
41463
41463
41463
41463
41463
41463
41463
41463
41463
16098
28148
35346
39442
41448
42345
42682
42758
42779
42786
42787
42788
42788
42788
42788
42788
42788
42788
42788
42788
42788
42788
42788
42788
42788
42788
42788
42788
42788
42788
42788
42788
42788
42788
42788
42788
42788
42788
42788
42788
16377
28344
35503
39499
41362
41997
42152
42176
42183
42183
42183
42183
42183
42183
42183
42183
42183
42183
42183
42183
42183
42183
42183
42183
42183
42183
42183
42183
42183
42183
42183
42183
42183
42183
42183
42183
42183
42183
42183
42183
16109
28155
35352
39447
41445
42143
42357
42404
42422
42428
42429
42429
42429
42429
42429
42429
42429
42429
42429
42429
42429
42429
42429
42429
42429
42429
42429
42429
42429
42429
42429
42429
42429
42429
42429
42429
42429
42429
42429
42429
15967
27511
34384
38181
39771
40317
40452
40483
40490
40491
40492
40492
40492
40492
40492
40492
40492
40492
40492
40492
40492
40492
40492
40492
40492
40492
40492
40492
40492
40492
40492
40492
40492
40492
40492
40492
40492
40492
40492
40492
16045
27849
35277
39471
41579
42355
42626
42720
42745
42747
42747
42747
42747
42747
42747
42747
42747
42747
42747
42747
42747
42747
42747
42747
42747
42747
42747
42747
42747
42747
42747
42747
42747
42747
42747
42747
42747
42747
42747
42747
16026
27955
35174
39294
41297
42107
42353
42396
42409
42411
42411
42411
42411
42411
42411
42411
42411
42411
42411
42411
42411
42411
42411
42411
42411
42411
42411
42411
42411
42411
42411
42411
42411
42411
42411
42411
42411
42411
42411
42411
15988
28084
35239
39339
41292
42052
42310
42359
42370
42374
42374
42374
42374
42374
42374
42374
42374
42374
42374
42374
42374
42374
42374
42374
42374
42374
42374
42374
42374
42374
42374
42374
42374
42374
42374
42374
42374
42374
42374
42374
16063
28231
35574
39699
41854
42710
42995
43143
43189
43197
43202
43206
43207
43207
43207
43207
43207
43207
43207
43207
43207
43207
43207
43207
43207
43207
43207
43207
43207
43207
43207
43207
43207
43207
43207
43207
43207
43207
43207
43207
16154
28073
35373
39469
41363
42107
42353
42385
42392
42393
42394
42394
42394
42394
42394
42394
42394
42394
42394
42394
42394
42394
42394
42394
42394
42394
42394
42394
42394
42394
42394
42394
42394
42394
42394
42394
42394
42394
42394
42394
16113
28051
35265
39280
41229
41994
42242
42285
42292
42295
42295
42295
42295
42295
42295
42295
42295
42295
42295
42295
42295
42295
42295
42295
42295
42295
42295
42295
42295
42295
42295
42295
42295
42295
42295
42295
42295
42295
42295
42295
16271
28339
35614
39703
41584
42198
42417
42453
42462
42466
42467
42467
42467
42467
42467
42467
42467
42467
42467
42467
42467
42467
42467
42467
42467
42467
42467
42467
42467
42467
42467
42467
42467
42467
42467
42467
42467
42467
42467
42467
16173
28100
35312
39400
41307
42093
42366
42433
42443
42448
42449
42449
42449
42449
42449
42449
42449
42449
42449
42449
42449
42449
42449
42449
42449
42449
42449
42449
42449
42449
42449
42449
42449
42449
42449
42449
42449
42449
42449
42449
16364
28389
35585
39629
41484
42151
42329
42367
42371
42372
42372
42372
42372
42372
42372
42372
42372
42372
42372
42372
42372
42372
42372
42372
42372
42372
42372
42372
42372
42372
42372
42372
42372
42372
42372
42372
42372
42372
42372
42372
16052
28065
35356
39519
41572
42415
42724
42777
42785
42789
42790
42790
42790
42790
42790
42790
42790
42790
42790
42790
42790
42790
42790
42790
42790
42790
42790
42790
42790
42790
42790
42790
42790
42790
42790
42790
42790
42790
42790
42790
15973
27579
34595
38492
40379
41004
41190
41240
41250
41252
41252
41252
41252
41252
41252
41252
41252
41252
41252
41252
41252
41252
41252
41252
41252
41252
41252
41252
41252
41252
41252
41252
41252
41252
41252
41252
41252
41252
41252
41252
15779
27479
34796
38954
41123
42076
42446
42573
42620
42627
42629
42629
42629
42629
42629
42629
42629
42629
42629
42629
42629
42629
42629
42629
42629
42629
42629
42629
42629
42629
42629
42629
42629
42629
42629
42629
42629
42629
42629
42629
16047
27870
34921
38865
40598
41185
41366
41415
41423
41425
41425
41425
41425
41425
41425
41425
41425
41425
41425
41425
41425
41425
41425
41425
41425
41425
41425
41425
41425
41425
41425
41425
41425
41425
41425
41425
41425
41425
41425
41425
15976
27537
34468
38286
39970
40582
40722
40762
40767
40768
40768
40768
40768
40768
40768
40768
40768
40768
40768
40768
40768
40768
40768
40768
40768
40768
40768
40768
40768
40768
40768
40768
40768
40768
40768
40768
40768
40768
40768
40768
15836
27590
34777
38890
40939
41831
42110
42201
42228
42230
42231
42231
42231
42231
42231
42231
42231
42231
42231
42231
42231
42231
42231
42231
42231
42231
42231
42231
42231
42231
42231
42231
42231
42231
42231
42231
42231
42231
42231
42231
16095
28126
35436
39640
41674
42365
42559
42604
42615
42620
42620
42620
42620
42620
42620
42620
42620
42620
42620
42620
42620
42620
42620
42620
42620
42620
42620
42620
42620
42620
42620
42620
42620
42620
42620
42620
42620
42620
42620
42620
16189
27990
35193
39199
41164
41876
42149
42233
42272
42290
42290
42290
42290
42290
42290
42290
42290
42290
42290
42290
42290
42290
42290
42290
42290
42290
42290
42290
42290
42290
42290
42290
42290
42290
42290
42290
42290
42290
42290
42290
16223
28299
35678
39915
41915
42637
42889
42965
42981
42983
42983
42983
42983
42983
42983
42983
42983
42983
42983
42983
42983
42983
42983
42983
42983
42983
42983
42983
42983
42983
42983
42983
42983
42983
42983
42983
42983
42983
42983
42983
16133
28273
35607
39745
41609
42248
42437
42489
42499
42501
42501
42501
42501
42501
42501
42501
42501
42501
42501
42501
42501
42501
42501
42501
42501
42501
42501
42501
42501
42501
42501
42501
42501
42501
42501
42501
42501
42501
42501
42501
15999
27772
34699
38666
40463
41177
41402
41445
41457
41458
41458
41458
41458
41458
41458
41458
41458
41458
41458
41458
41458
41458
41458
41458
41458
41458
41458
41458
41458
41458
41458
41458
41458
41458
41458
41458
41458
41458
41458
41458
16133
28096
35218
39200
41007
41658
41876
41922
41934
41936
41936
41936
41936
41936
41936
41936
41936
41936
41936
41936
41936
41936
41936
41936
41936
41936
41936
41936
41936
41936
41936
41936
41936
41936
41936
41936
41936
41936
41936
41936
16160
28236
35401
39533
41390
42059
42242
42296
42318
42336
42336
42336
42336
42336
42336
42336
42336
42336
42336
42336
42336
42336
42336
42336
42336
42336
42336
42336
42336
42336
42336
42336
42336
42336
42336
42336
42336
42336
42336
42336
15986
27752
34898
39099
41010
41792
42030
42088
42106
42112
42112
42112
42112
42112
42112
42112
42112
42112
42112
42112
42112
42112
42112
42112
42112
42112
42112
42112
42112
42112
42112
42112
42112
42112
42112
42112
42112
42112
42112
42112
16024
27964
35352
39546
41522
42298
42583
42637
42646
42647
42647
42647
42647
42647
42647
42647
42647
42647
42647
42647
42647
42647
42647
42647
42647
42647
42647
42647
42647
42647
42647
42647
42647
42647
42647
42647
42647
42647
42647
42647
16139
28106
35393
39492
41245
41830
41996
42020
42023
42023
42023
42023
42023
42023
42023
42023
42023
42023
42023
42023
42023
42023
42023
42023
42023
42023
42023
42023
42023
42023
42023
42023
42023
42023
42023
42023
42023
42023
42023
42023
15991
27548
34622
38556
40454
41183
41389
41462
41471
41474
41475
41476
41476
41476
41476
41476
41476
41476
41476
41476
41476
41476
41476
41476
41476
41476
41476
41476
41476
41476
41476
41476
41476
41476
41476
41476
41476
41476
41476
41476
15736
27557
34797
39060
41195
42188
42554
42682
42718
42724
42725
42725
42725
42725
42725
42725
42725
42725
42725
42725
42725
42725
42725
42725
42725
42725
42725
42725
42725
42725
42725
42725
42725
42725
42725
42725
42725
42725
42725
42725
16134
28251
35424
39494
41315
41917
42060
42083
42088
42089
42089
42089
42089
42089
42089
42089
42089
42089
42089
42089
42089
42089
42089
42089
42089
42089
42089
42089
42089
42089
42089
42089
42089
42089
42089
42089
42089
42089
42089
42089
15920
27563
34735
38621
40388
41040
41242
41295
41313
41316
41317
41317
41317
41317
41317
41317
41317
41317
41317
41317
41317
41317
41317
41317
41317
41317
41317
41317
41317
41317
41317
41317
41317
41317
41317
41317
41317
41317
41317
41317
16081
27936
35101
39168
41007
41745
41940
41986
41998
42002
42004
42005
42006
42006
42006
42006
42006
42006
42006
42006
42006
42006
42006
42006
42006
42006
42006
42006
42006
42006
42006
42006
42006
42006
42006
42006
42006
42006
42006
42006
16293
28215
35453
39561
41443
42245
42509
42575
42599
42606
42608
42608
42608
42608
42608
42608
42608
42608
42608
42608
42608
42608
42608
42608
42608
42608
42608
42608
42608
42608
42608
42608
42608
42608
42608
42608
42608
42608
42608
42608
16044
27979
35041
39070
40961
41670
41893
41945
41951
41952
41952
41952
41952
41952
41952
41952
41952
41952
41952
41952
41952
41952
41952
41952
41952
41952
41952
41952
41952
41952
41952
41952
41952
41952
41952
41952
41952
41952
41952
41952
16176
27969
35146
39082
40938
41654
41902
41961
41980
41980
41980
41980
41980
41980
41980
41980
41980
41980
41980
41980
41980
41980
41980
41980
41980
41980
41980
41980
41980
41980
41980
41980
41980
41980
41980
41980
41980
41980
41980
41980
15841
27567
34709
38793
40815
41579
41867
41940
41961
41965
41967
41968
41968
41968
41968
41968
41968
41968
41968
41968
41968
41968
41968
41968
41968
41968
41968
41968
41968
41968
41968
41968
41968
41968
41968
41968
41968
41968
41968
41968
16144
27958
35033
38810
40519
41162
41292
41328
41342
41344
41345
41345
41345
41345
41345
41345
41345
41345
41345
41345
41345
41345
41345
41345
41345
41345
41345
41345
41345
41345
41345
41345
41345
41345
41345
41345
41345
41345
41345
41345
16291
28314
35478
39608
41451
42104
42320
42370
42377
42378
42379
42380
42380
42380
42380
42380
42380
42380
42380
42380
42380
42380
42380
42380
42380
42380
42380
42380
42380
42380
42380
42380
42380
42380
42380
42380
42380
42380
42380
42380
16126
28067
35373
39507
41366
42088
42334
42415
42426
42429
42430
42431
42431
42431
42431
42431
42431
42431
42431
42431
42431
42431
42431
42431
42431
42431
42431
42431
42431
42431
42431
42431
42431
42431
42431
42431
42431
42431
42431
42431
15997
27845
34988
38801
40589
41171
41290
41316
41324
41327
41327
41327
41327
41327
41327
41327
41327
41327
41327
41327
41327
41327
41327
41327
41327
41327
41327
41327
41327
41327
41327
41327
41327
41327
41327
41327
41327
41327
41327
41327
16086
28021
35321
39409
41347
42047
42289
42344
42363
42382
42382
42382
42382
42382
42382
42382
42382
42382
42382
42382
42382
42382
42382
42382
42382
42382
42382
42382
42382
42382
42382
42382
42382
42382
42382
42382
42382
42382
42382
42382
15929
27580
34659
38703
40624
41285
41513
41604
41614
41615
41615
41615
41615
41615
41615
41615
41615
41615
41615
41615
41615
41615
41615
41615
41615
41615
41615
41615
41615
41615
41615
41615
41615
41615
41615
41615
41615
41615
41615
41615
16062
28031
35292
39399
41268
41952
42148
42188
42192
42192
42192
42192
42192
42192
42192
42192
42192
42192
42192
42192
42192
42192
42192
42192
42192
42192
42192
42192
42192
42192
42192
42192
42192
42192
42192
42192
42192
42192
42192
42192
16203
28246
35556
39636
41507
42138
42364
42408
42417
42420
42421
42422
42422
42422
42422
42422
42422
42422
42422
42422
42422
42422
42422
42422
42422
42422
42422
42422
42422
42422
42422
42422
42422
42422
42422
42422
42422
42422
42422
42422
16248
28208
35444
39524
41525
42335
42577
42637
42649
42652
42653
42654
42655
42655
42655
42655
42655
42655
42655
42655
42655
42655
42655
42655
42655
42655
42655
42655
42655
42655
42655
42655
42655
42655
42655
42655
42655
42655
42655
42655
16213
28126
35288
39287
41198
41887
42130
42212
42224
42226
42227
42228
42228
42228
42228
42228
42228
42228
42228
42228
42228
42228
42228
42228
42228
42228
42228
42228
42228
42228
42228
42228
42228
42228
42228
42228
42228
42228
42228
42228
15773
27472
34671
38878
40974
41752
41990
42068
42091
42093
42093
42093
42093
42093
42093
42093
42093
42093
42093
42093
42093
42093
42093
42093
42093
42093
42093
42093
42093
42093
42093
42093
42093
42093
42093
42093
42093
42093
42093
42093
16235
28243
35512
39528
41382
42092
42321
42399
42417
42420
42421
42421
42421
42421
42421
42421
42421
42421
42421
42421
42421
42421
42421
42421
42421
42421
42421
42421
42421
42421
42421
42421
42421
42421
42421
42421
42421
42421
42421
42421
16153
28076
35087
39006
40663
41282
41490
41532
41535
41535
41535
41535
41535
41535
41535
41535
41535
41535
41535
41535
41535
41535
41535
41535
41535
41535
41535
41535
41535
41535
41535
41535
41535
41535
41535
41535
41535
41535
41535
41535
16082
27942
35059
39079
40947
41770
42051
42128
42150
42153
42153
42153
42153
42153
42153
42153
42153
42153
42153
42153
42153
42153
42153
42153
42153
42153
42153
42153
42153
42153
42153
42153
42153
42153
42153
42153
42153
42153
42153
42153
16094
28027
35243
39202
41093
41765
41958
42005
42016
42018
42018
42018
42018
42018
42018
42018
42018
42018
42018
42018
42018
42018
42018
42018
42018
42018
42018
42018
42018
42018
42018
42018
42018
42018
42018
42018
42018
42018
42018
42018
16063
27991
35332
39390
41346
42164
42457
42531
42537
42539
42539
42539
42539
42539
42539
42539
42539
42539
42539
42539
42539
42539
42539
42539
42539
42539
42539
42539
42539
42539
42539
42539
42539
42539
42539
42539
42539
42539
42539
42539
16157
28245
35352
39240
41127
41848
42008
42034
42038
42039
42040
42040
42040
42040
42040
42040
42040
42040
42040
42040
42040
42040
42040
42040
42040
42040
42040
42040
42040
42040
42040
42040
42040
42040
42040
42040
42040
42040
42040
42040
15843
27512
34674
38689
40687
41531
41863
41951
41965
41968
41969
41969
41969
41969
41969
41969
41969
41969
41969
41969
41969
41969
41969
41969
41969
41969
41969
41969
41969
41969
41969
41969
41969
41969
41969
41969
41969
41969
41969
41969
15961
27698
34680
38513
40353
41140
41365
41444
41469
41473
41476
41477
41478
41478
41478
41478
41478
41478
41478
41478
41478
41478
41478
41478
41478
41478
41478
41478
41478
41478
41478
41478
41478
41478
41478
41478
41478
41478
41478
41478
16029
27809
34976
39015
40939
41626
41899
41961
41971
41975
41975
41975
41975
41975
41975
41975
41975
41975
41975
41975
41975
41975
41975
41975
41975
41975
41975
41975
41975
41975
41975
41975
41975
41975
41975
41975
41975
41975
41975
41975
15966
27938
35357
39564
41733
42639
42972
43075
43111
43117
43122
43123
43124
43124
43124
43124
43124
43124
43124
43124
43124
43124
43124
43124
43124
43124
43124
43124
43124
43124
43124
43124
43124
43124
43124
43124
43124
43124
43124
43124
15992
27752
34952
39111
41065
41830
42079
42128
42135
42135
42135
42135
42135
42135
42135
42135
42135
42135
42135
42135
42135
42135
42135
42135
42135
42135
42135
42135
42135
42135
42135
42135
42135
42135
42135
42135
42135
42135
42135
42135
15835
27590
34696
38768
40680
41380
41612
41653
41660
41661
41661
41661
41661
41661
41661
41661
41661
41661
41661
41661
41661
41661
41661
41661
41661
41661
41661
41661
41661
41661
41661
41661
41661
41661
41661
41661
41661
41661
41661
41661
16315
28580
36109
40238
42271
43103
43345
43406
43422
43423
43423
43423
43423
43423
43423
43423
43423
43423
43423
43423
43423
43423
43423
43423
43423
43423
43423
43423
43423
43423
43423
43423
43423
43423
43423
43423
43423
43423
43423
43423
16289
28336
35696
39881
41856
42639
42993
43099
43147
43156
43158
43158
43158
43158
43158
43158
43158
43158
43158
43158
43158
43158
43158
43158
43158
43158
43158
43158
43158
43158
43158
43158
43158
43158
43158
43158
43158
43158
43158
43158
16083
28197
35644
39997
42219
43150
43474
43528
43543
43546
43547
43547
43547
43547
43547
43547
43547
43547
43547
43547
43547
43547
43547
43547
43547
43547
43547
43547
43547
43547
43547
43547
43547
43547
43547
43547
43547
43547
43547
43547
16077
27724
34777
38596
40370
41056
41271
41337
41347
41349
41349
41349
41349
41349
41349
41349
41349
41349
41349
41349
41349
41349
41349
41349
41349
41349
41349
41349
41349
41349
41349
41349
41349
41349
41349
41349
41349
41349
41349
41349
16077
27920
34941
38892
40641
41316
41563
41652
41670
41683
41683
41683
41683
41683
41683
41683
41683
41683
41683
41683
41683
41683
41683
41683
41683
41683
41683
41683
41683
41683
41683
41683
41683
41683
41683
41683
41683
41683
41683
41683
16208
28218
35457
39361
41191
41854
42030
42081
42086
42088
42088
42088
42088
42088
42088
42088
42088
42088
42088
42088
42088
42088
42088
42088
42088
42088
42088
42088
42088
42088
42088
42088
42088
42088
42088
42088
42088
42088
42088
42088
16082
27936
35054
38949
40828
41545
41767
41828
41843
41848
41849
41849
41849
41849
41849
41849
41849
41849
41849
41849
41849
41849
41849
41849
41849
41849
41849
41849
41849
41849
41849
41849
41849
41849
41849
41849
41849
41849
41849
41849
16097
28133
35445
39770
41827
42753
43158
43280
43329
43351
43366
43367
43367
43367
43367
43367
43367
43367
43367
43367
43367
43367
43367
43367
43367
43367
43367
43367
43367
43367
43367
43367
43367
43367
43367
43367
43367
43367
43367
43367
16161
28178
35543
39827
42040
42916
43205
43301
43313
43314
43314
43314
43314
43314
43314
43314
43314
43314
43314
43314
43314
43314
43314
43314
43314
43314
43314
43314
43314
43314
43314
43314
43314
43314
43314
43314
43314
43314
43314
43314
15888
27795
35060
39229
41452
42331
42633
42694
42710
42714
42714
42714
42714
42714
42714
42714
42714
42714
42714
42714
42714
42714
42714
42714
42714
42714
42714
42714
42714
42714
42714
42714
42714
42714
42714
42714
42714
42714
42714
42714
16054
27868
35071
39117
41037
41685
41878
41926
41933
41937
41939
41941
41941
41941
41941
41941
41941
41941
41941
41941
41941
41941
41941
41941
41941
41941
41941
41941
41941
41941
41941
41941
41941
41941
41941
41941
41941
41941
41941
41941
15944
27779
34960
39052
41055
41849
42099
42172
42193
42196
42198
42198
42198
42198
42198
42198
42198
42198
42198
42198
42198
42198
42198
42198
42198
42198
42198
42198
42198
42198
42198
42198
42198
42198
42198
42198
42198
42198
42198
42198
16207
28253
35412
39477
41295
41940
42148
42210
42219
42223
42225
42225
42225
42225
42225
42225
42225
42225
42225
42225
42225
42225
42225
42225
42225
42225
42225
42225
42225
42225
42225
42225
42225
42225
42225
42225
42225
42225
42225
42225
16158
27991
35133
39323
41379
42190
42451
42551
42576
42582
42585
42585
42585
42585
42585
42585
42585
42585
42585
42585
42585
42585
42585
42585
42585
42585
42585
42585
42585
42585
42585
42585
42585
42585
42585
42585
42585
42585
42585
42585
16046
27879
35045
38958
40799
41511
41757
41824
41833
41835
41835
41835
41835
41835
41835
41835
41835
41835
41835
41835
41835
41835
41835
41835
41835
41835
41835
41835
41835
41835
41835
41835
41835
41835
41835
41835
41835
41835
41835
41835
15914
27670
34928
39002
40872
41634
41889
41979
41990
41993
41993
41993
41993
41993
41993
41993
41993
41993
41993
41993
41993
41993
41993
41993
41993
41993
41993
41993
41993
41993
41993
41993
41993
41993
41993
41993
41993
41993
41993
41993
15928
27587
34706
38579
40420
41099
41312
41364
41379
41382
41384
41385
41385
41385
41385
41385
41385
41385
41385
41385
41385
41385
41385
41385
41385
41385
41385
41385
41385
41385
41385
41385
41385
41385
41385
41385
41385
41385
41385
41385
15825
27571
34740
38860
40863
41593
41859
41939
41955
41959
41959
41959
41959
41959
41959
41959
41959
41959
41959
41959
41959
41959
41959
41959
41959
41959
41959
41959
41959
41959
41959
41959
41959
41959
41959
41959
41959
41959
41959
41959
15672
27163
34329
38665
40807
41771
42073
42157
42170
42172
42172
42172
42172
42172
42172
42172
42172
42172
42172
42172
42172
42172
42172
42172
42172
42172
42172
42172
42172
42172
42172
42172
42172
42172
42172
42172
42172
42172
42172
42172
16053
27866
34907
38863
40575
41260
41480
41551
41574
41576
41576
41576
41576
41576
41576
41576
41576
41576
41576
41576
41576
41576
41576
41576
41576
41576
41576
41576
41576
41576
41576
41576
41576
41576
41576
41576
41576
41576
41576
41576
15753
27320
34299
38217
40089
40822
41000
41072
41079
41081
41082
41082
41082
41082
41082
41082
41082
41082
41082
41082
41082
41082
41082
41082
41082
41082
41082
41082
41082
41082
41082
41082
41082
41082
41082
41082
41082
41082
41082
41082
16045
27715
34737
38677
40492
41179
41415
41479
41490
41495
41497
41497
41497
41497
41497
41497
41497
41497
41497
41497
41497
41497
41497
41497
41497
41497
41497
41497
41497
41497
41497
41497
41497
41497
41497
41497
41497
41497
41497
41497
16081
27895
35199
39282
41142
41952
42216
42292
42309
42313
42314
42315
42315
42315
42315
42315
42315
42315
42315
42315
42315
42315
42315
42315
42315
42315
42315
42315
42315
42315
42315
42315
42315
42315
42315
42315
42315
42315
42315
42315
15984
27867
35098
39241
41126
41971
42219
42285
42303
42305
42305
42305
42305
42305
42305
42305
42305
42305
42305
42305
42305
42305
42305
42305
42305
42305
42305
42305
42305
42305
42305
42305
42305
42305
42305
42305
42305
42305
42305
42305
16188
28148
35166
38946
40727
41363
41542
41564
41570
41571
41572
41572
41572
41572
41572
41572
41572
41572
41572
41572
41572
41572
41572
41572
41572
41572
41572
41572
41572
41572
41572
41572
41572
41572
41572
41572
41572
41572
41572
41572
16173
28118
35405
39419
41286
41949
42077
42125
42138
42142
42144
42144
42144
42144
42144
42144
42144
42144
42144
42144
42144
42144
42144
42144
42144
42144
42144
42144
42144
42144
42144
42144
42144
42144
42144
42144
42144
42144
42144
42144
16323
28410
35573
39417
41154
41821
42041
42110
42146
42159
42171
42171
42171
42171
42171
42171
42171
42171
42171
42171
42171
42171
42171
42171
42171
42171
42171
42171
42171
42171
42171
42171
42171
42171
42171
42171
42171
42171
42171
42171
15863
27695
34911
38996
41108
41964
42273
42336
42350
42354
42355
42356
42356
42356
42356
42356
42356
42356
42356
42356
42356
42356
42356
42356
42356
42356
42356
42356
42356
42356
42356
42356
42356
42356
42356
42356
42356
42356
42356
42356
15930
27638
34754
38859
40803
41565
41842
41919
41940
41941
41942
41942
41942
41942
41942
41942
41942
41942
41942
41942
41942
41942
41942
41942
41942
41942
41942
41942
41942
41942
41942
41942
41942
41942
41942
41942
41942
41942
41942
41942
15867
27605
34627
38743
40668
41387
41559
41589
41595
41595
41595
41595
41595
41595
41595
41595
41595
41595
41595
41595
41595
41595
41595
41595
41595
41595
41595
41595
41595
41595
41595
41595
41595
41595
41595
41595
41595
41595
41595
41595
16065
27925
34994
38998
40862
41479
41691
41762
41774
41780
41781
41781
41781
41781
41781
41781
41781
41781
41781
41781
41781
41781
41781
41781
41781
41781
41781
41781
41781
41781
41781
41781
41781
41781
41781
41781
41781
41781
41781
41781
15899
27512
34716
38876
40980
41824
42074
42149
42153
42153
42153
42153
42153
42153
42153
42153
42153
42153
42153
42153
42153
42153
42153
42153
42153
42153
42153
42153
42153
42153
42153
42153
42153
42153
42153
42153
42153
42153
42153
42153
16194
28215
35476
39679
41789
42597
42869
42922
42935
42938
42939
42939
42939
42939
42939
42939
42939
42939
42939
42939
42939
42939
42939
42939
42939
42939
42939
42939
42939
42939
42939
42939
42939
42939
42939
42939
42939
42939
42939
42939
15861
27614
34656
38580
40460
41261
41539
41602
41622
41627
41627
41627
41627
41627
41627
41627
41627
41627
41627
41627
41627
41627
41627
41627
41627
41627
41627
41627
41627
41627
41627
41627
41627
41627
41627
41627
41627
41627
41627
41627
16223
28423
35732
39884
41829
42599
42824
42914
42924
42927
42928
42928
42928
42928
42928
42928
42928
42928
42928
42928
42928
42928
42928
42928
42928
42928
42928
42928
42928
42928
42928
42928
42928
42928
42928
42928
42928
42928
42928
42928
15958
27599
34830
38878
40747
41439
41690
41756
41774
41775
41775
41775
41775
41775
41775
41775
41775
41775
41775
41775
41775
41775
41775
41775
41775
41775
41775
41775
41775
41775
41775
41775
41775
41775
41775
41775
41775
41775
41775
41775
15947
27814
35089
39332
41340
42084
42262
42326
42353
42358
42359
42359
42359
42359
42359
42359
42359
42359
42359
42359
42359
42359
42359
42359
42359
42359
42359
42359
42359
42359
42359
42359
42359
42359
42359
42359
42359
42359
42359
42359
15969
27891
35090
39058
40990
41780
41976
42030
42036
42040
42042
42043
42044
42044
42044
42044
42044
42044
42044
42044
42044
42044
42044
42044
42044
42044
42044
42044
42044
42044
42044
42044
42044
42044
42044
42044
42044
42044
42044
42044
15754
27530
34624
38724
40704
41487
41741
41793
41809
41810
41810
41810
41810
41810
41810
41810
41810
41810
41810
41810
41810
41810
41810
41810
41810
41810
41810
41810
41810
41810
41810
41810
41810
41810
41810
41810
41810
41810
41810
41810
16214
28266
35665
39917
41842
42592
42814
42880
42901
42905
42907
42909
42909
42909
42909
42909
42909
42909
42909
42909
42909
42909
42909
42909
42909
42909
42909
42909
42909
42909
42909
42909
42909
42909
42909
42909
42909
42909
42909
42909
16207
28256
35450
39493
41393
42046
42233
42283
42299
42306
42309
42310
42310
42310
42310
42310
42310
42310
42310
42310
42310
42310
42310
42310
42310
42310
42310
42310
42310
42310
42310
42310
42310
42310
42310
42310
42310
42310
42310
42310
16035
28074
35371
39441
41360
42093
42352
42408
42420
42425
42426
42426
42426
42426
42426
42426
42426
42426
42426
42426
42426
42426
42426
42426
42426
42426
42426
42426
42426
42426
42426
42426
42426
42426
42426
42426
42426
42426
42426
42426
16072
27971
35231
39228
41159
41846
42040
42080
42086
42086
42086
42086
42086
42086
42086
42086
42086
42086
42086
42086
42086
42086
42086
42086
42086
42086
42086
42086
42086
42086
42086
42086
42086
42086
42086
42086
42086
42086
42086
42086
16195
28084
35297
39327
41276
42105
42328
42405
42420
42424
42426
42426
42426
42426
42426
42426
42426
42426
42426
42426
42426
42426
42426
42426
42426
42426
42426
42426
42426
42426
42426
42426
42426
42426
42426
42426
42426
42426
42426
42426
16125
27960
35086
39007
40780
41419
41630
41661
41668
41669
41670
41670
41670
41670
41670
41670
41670
41670
41670
41670
41670
41670
41670
41670
41670
41670
41670
41670
41670
41670
41670
41670
41670
41670
41670
41670
41670
41670
41670
41670
16068
28071
35405
39535
41717
42576
42848
42936
42947
42950
42950
42950
42950
42950
42950
42950
42950
42950
42950
42950
42950
42950
42950
42950
42950
42950
42950
42950
42950
42950
42950
42950
42950
42950
42950
42950
42950
42950
42950
42950
16022
27983
35282
39368
41370
42187
42412
42495
42509
42511
42512
42513
42513
42513
42513
42513
42513
42513
42513
42513
42513
42513
42513
42513
42513
42513
42513
42513
42513
42513
42513
42513
42513
42513
42513
42513
42513
42513
42513
42513
16040
27911
35100
39144
40985
41636
41871
41916
41943
41946
41946
41946
41946
41946
41946
41946
41946
41946
41946
41946
41946
41946
41946
41946
41946
41946
41946
41946
41946
41946
41946
41946
41946
41946
41946
41946
41946
41946
41946
41946
16147
27907
35083
39065
40959
41656
41841
41877
41882
41882
41882
41882
41882
41882
41882
41882
41882
41882
41882
41882
41882
41882
41882
41882
41882
41882
41882
41882
41882
41882
41882
41882
41882
41882
41882
41882
41882
41882
41882
41882
16126
27949
35016
38782
40542
41159
41336
41402
41416
41417
41417
41417
41417
41417
41417
41417
41417
41417
41417
41417
41417
41417
41417
41417
41417
41417
41417
41417
41417
41417
41417
41417
41417
41417
41417
41417
41417
41417
41417
41417
15866
27684
34963
39300
41556
42509
42837
42930
42954
42961
42964
42964
42964
42964
42964
42964
42964
42964
42964
42964
42964
42964
42964
42964
42964
42964
42964
42964
42964
42964
42964
42964
42964
42964
42964
42964
42964
42964
42964
42964
16190
28231
35338
39335
41127
41798
42013
42058
42068
42070
42071
42071
42071
42071
42071
42071
42071
42071
42071
42071
42071
42071
42071
42071
42071
42071
42071
42071
42071
42071
42071
42071
42071
42071
42071
42071
42071
42071
42071
42071
16116
28044
35135
38889
40608
41277
41496
41559
41565
41566
41566
41566
41566
41566
41566
41566
41566
41566
41566
41566
41566
41566
41566
41566
41566
41566
41566
41566
41566
41566
41566
41566
41566
41566
41566
41566
41566
41566
41566
41566
16351
28662
36232
40306
42229
42996
43278
43340
43367
43374
43377
43378
43378
43378
43378
43378
43378
43378
43378
43378
43378
43378
43378
43378
43378
43378
43378
43378
43378
43378
43378
43378
43378
43378
43378
43378
43378
43378
43378
43378
16126
28252
35527
39657
41564
42321
42586
42665
42676
42677
42677
42677
42677
42677
42677
42677
42677
42677
42677
42677
42677
42677
42677
42677
42677
42677
42677
42677
42677
42677
42677
42677
42677
42677
42677
42677
42677
42677
42677
42677
15815
27617
34760
39008
41146
41900
42178
42260
42283
42284
42284
42284
42284
42284
42284
42284
42284
42284
42284
42284
42284
42284
42284
42284
42284
42284
42284
42284
42284
42284
42284
42284
42284
42284
42284
42284
42284
42284
42284
42284
16241
28306
35312
39350
41300
42069
42342
42379
42390
42392
42392
42392
42392
42392
42392
42392
42392
42392
42392
42392
42392
42392
42392
42392
42392
42392
42392
42392
42392
42392
42392
42392
42392
42392
42392
42392
42392
42392
42392
42392
16245
28091
35211
39069
40679
41190
41359
41412
41420
41420
41420
41420
41420
41420
41420
41420
41420
41420
41420
41420
41420
41420
41420
41420
41420
41420
41420
41420
41420
41420
41420
41420
41420
41420
41420
41420
41420
41420
41420
41420
15704
27273
34425
38502
40445
41216
41482
41562
41571
41575
41575
41575
41575
41575
41575
41575
41575
41575
41575
41575
41575
41575
41575
41575
41575
41575
41575
41575
41575
41575
41575
41575
41575
41575
41575
41575
41575
41575
41575
41575
15852
27645
34872
39030
41100
41876
42146
42211
42240
42242
42242
42242
42242
42242
42242
42242
42242
42242
42242
42242
42242
42242
42242
42242
42242
42242
42242
42242
42242
42242
42242
42242
42242
42242
42242
42242
42242
42242
42242
42242
16140
27934
35201
39378
41252
41918
42092
42132
42140
42141
42141
42141
42141
42141
42141
42141
42141
42141
42141
42141
42141
42141
42141
42141
42141
42141
42141
42141
42141
42141
42141
42141
42141
42141
42141
42141
42141
42141
42141
42141
16187
28300
35524
39492
41264
41984
42150
42179
42185
42188
42188
42188
42188
42188
42188
42188
42188
42188
42188
42188
42188
42188
42188
42188
42188
42188
42188
42188
42188
42188
42188
42188
42188
42188
42188
42188
42188
42188
42188
42188
16091
27967
35254
39317
41257
42073
42339
42405
42417
42420
42420
42420
42420
42420
42420
42420
42420
42420
42420
42420
42420
42420
42420
42420
42420
42420
42420
42420
42420
42420
42420
42420
42420
42420
42420
42420
42420
42420
42420
42420
16151
28331
35679
39866
41809
42597
42869
42925
42944
42948
42949
42949
42949
42949
42949
42949
42949
42949
42949
42949
42949
42949
42949
42949
42949
42949
42949
42949
42949
42949
42949
42949
42949
42949
42949
42949
42949
42949
42949
42949
15985
27765
34918
39079
41079
41923
42164
42241
42268
42271
42273
42275
42276
42276
42276
42276
42276
42276
42276
42276
42276
42276
42276
42276
42276
42276
42276
42276
42276
42276
42276
42276
42276
42276
42276
42276
42276
42276
42276
42276
16381
28617
35935
40062
42014
42723
42924
42962
42971
42972
42972
42972
42972
42972
42972
42972
42972
42972
42972
42972
42972
42972
42972
42972
42972
42972
42972
42972
42972
42972
42972
42972
42972
42972
42972
42972
42972
42972
42972
42972
15946
27664
35006
39143
41267
42154
42428
42489
42501
42504
42504
42504
42504
42504
42504
42504
42504
42504
42504
42504
42504
42504
42504
42504
42504
42504
42504
42504
42504
42504
42504
42504
42504
42504
42504
42504
42504
42504
42504
42504
16282
28588
35836
39994
42034
42827
43152
43200
43218
43222
43222
43222
43222
43222
43222
43222
43222
43222
43222
43222
43222
43222
43222
43222
43222
43222
43222
43222
43222
43222
43222
43222
43222
43222
43222
43222
43222
43222
43222
43222
16293
28400
35663
39709
41650
42349
42566
42653
42675
42678
42679
42680
42680
42680
42680
42680
42680
42680
42680
42680
42680
42680
42680
42680
42680
42680
42680
42680
42680
42680
42680
42680
42680
42680
42680
42680
42680
42680
42680
42680
15992
27716
34969
38852
40652
41308
41496
41530
41540
41540
41540
41540
41540
41540
41540
41540
41540
41540
41540
41540
41540
41540
41540
41540
41540
41540
41540
41540
41540
41540
41540
41540
41540
41540
41540
41540
41540
41540
41540
41540
15990
27846
34984
39021
40868
41524
41710
41761
41803
41825
41826
41826
41826
41826
41826
41826
41826
41826
41826
41826
41826
41826
41826
41826
41826
41826
41826
41826
41826
41826
41826
41826
41826
41826
41826
41826
41826
41826
41826
41826
16059
27991
35303
39490
41390
42096
42342
42400
42424
42430
42433
42433
42433
42433
42433
42433
42433
42433
42433
42433
42433
42433
42433
42433
42433
42433
42433
42433
42433
42433
42433
42433
42433
42433
42433
42433
42433
42433
42433
42433
16242
28225
35460
39604
41652
42403
42669
42753
42791
42793
42793
42793
42793
42793
42793
42793
42793
42793
42793
42793
42793
42793
42793
42793
42793
42793
42793
42793
42793
42793
42793
42793
42793
42793
42793
42793
42793
42793
42793
42793
16003
27927
35081
39116
41143
42030
42355
42418
42429
42430
42430
42430
42430
42430
42430
42430
42430
42430
42430
42430
42430
42430
42430
42430
42430
42430
42430
42430
42430
42430
42430
42430
42430
42430
42430
42430
42430
42430
42430
42430
16053
27512
34419
38187
39771
40263
40422
40477
40487
40491
40494
40494
40494
40494
40494
40494
40494
40494
40494
40494
40494
40494
40494
40494
40494
40494
40494
40494
40494
40494
40494
40494
40494
40494
40494
40494
40494
40494
40494
40494
16119
28228
35498
39731
41839
42770
43084
43149
43172
43179
43180
43180
43180
43180
43180
43180
43180
43180
43180
43180
43180
43180
43180
43180
43180
43180
43180
43180
43180
43180
43180
43180
43180
43180
43180
43180
43180
43180
43180
43180
16228
28110
35299
39332
41237
41978
42168
42211
42216
42216
42216
42216
42216
42216
42216
42216
42216
42216
42216
42216
42216
42216
42216
42216
42216
42216
42216
42216
42216
42216
42216
42216
42216
42216
42216
42216
42216
42216
42216
42216
15832
27821
35157
39348
41469
42323
42636
42754
42780
42788
42790
42790
42790
42790
42790
42790
42790
42790
42790
42790
42790
42790
42790
42790
42790
42790
42790
42790
42790
42790
42790
42790
42790
42790
42790
42790
42790
42790
42790
42790
15910
27649
34738
38839
40856
41719
42000
42105
42145
42151
42152
42152
42152
42152
42152
42152
42152
42152
42152
42152
42152
42152
42152
42152
42152
42152
42152
42152
42152
42152
42152
42152
42152
42152
42152
42152
42152
42152
42152
42152
16304
28304
35656
39824
41852
42732
43029
43143
43165
43175
43175
43175
43175
43175
43175
43175
43175
43175
43175
43175
43175
43175
43175
43175
43175
43175
43175
43175
43175
43175
43175
43175
43175
43175
43175
43175
43175
43175
43175
43175
16151
27883
34941
38797
40589
41173
41291
41306
41309
41310
41311
41312
41312
41312
41312
41312
41312
41312
41312
41312
41312
41312
41312
41312
41312
41312
41312
41312
41312
41312
41312
41312
41312
41312
41312
41312
41312
41312
41312
41312
15879
27335
34228
37995
39762
40332
40486
40528
40532
40535
40536
40536
40536
40536
40536
40536
40536
40536
40536
40536
40536
40536
40536
40536
40536
40536
40536
40536
40536
40536
40536
40536
40536
40536
40536
40536
40536
40536
40536
40536
15932
27848
35181
39420
41426
42215
42475
42553
42576
42588
42589
42589
42589
42589
42589
42589
42589
42589
42589
42589
42589
42589
42589
42589
42589
42589
42589
42589
42589
42589
42589
42589
42589
42589
42589
42589
42589
42589
42589
42589
15938
27651
34886
38910
40814
41522
41750
41826
41841
41851
41851
41851
41851
41851
41851
41851
41851
41851
41851
41851
41851
41851
41851
41851
41851
41851
41851
41851
41851
41851
41851
41851
41851
41851
41851
41851
41851
41851
41851
41851
15913
27688
34951
39027
41070
41874
42103
42185
42204
42206
42206
42206
42206
42206
42206
42206
42206
42206
42206
42206
42206
42206
42206
42206
42206
42206
42206
42206
42206
42206
42206
42206
42206
42206
42206
42206
42206
42206
42206
42206
16102
27683
34610
38465
40146
40728
40887
40934
40941
40942
40942
40942
40942
40942
40942
40942
40942
40942
40942
40942
40942
40942
40942
40942
40942
40942
40942
40942
40942
40942
40942
40942
40942
40942
40942
40942
40942
40942
40942
40942
16116
28107
35328
39381
41366
42118
42375
42420
42428
42428
42428
42428
42428
42428
42428
42428
42428
42428
42428
42428
42428
42428
42428
42428
42428
42428
42428
42428
42428
42428
42428
42428
42428
42428
42428
42428
42428
42428
42428
42428
16090
27913
35217
39375
41362
42098
42283
42336
42349
42351
42351
42351
42351
42351
42351
42351
42351
42351
42351
42351
42351
42351
42351
42351
42351
42351
42351
42351
42351
42351
42351
42351
42351
42351
42351
42351
42351
42351
42351
42351
15924
27561
34698
38893
40949
41750
42043
42088
42096
42097
42097
42097
42097
42097
42097
42097
42097
42097
42097
42097
42097
42097
42097
42097
42097
42097
42097
42097
42097
42097
42097
42097
42097
42097
42097
42097
42097
42097
42097
42097
15958
27688
34668
38525
40308
40932
41141
41205
41208
41208
41208
41208
41208
41208
41208
41208
41208
41208
41208
41208
41208
41208
41208
41208
41208
41208
41208
41208
41208
41208
41208
41208
41208
41208
41208
41208
41208
41208
41208
41208
16090
27963
35015
38895
40681
41345
41587
41622
41628
41630
41630
41630
41630
41630
41630
41630
41630
41630
41630
41630
41630
41630
41630
41630
41630
41630
41630
41630
41630
41630
41630
41630
41630
41630
41630
41630
41630
41630
41630
41630
16208
28186
35408
39412
41332
42167
42458
42559
42574
42576
42576
42576
42576
42576
42576
42576
42576
42576
42576
42576
42576
42576
42576
42576
42576
42576
42576
42576
42576
42576
42576
42576
42576
42576
42576
42576
42576
42576
42576
42576
