16160.0
23825.0
29385.0
32686.0
34203.0
34739.0
34937.0
34998.0
35011.0
35017.0
35017.0
35017.0
35017.0
35017.0
35017.0
35017.0
35017.0
35017.0
35017.0
35017.0
35017.0
35017.0
35017.0
35017.0
35017.0
35017.0
35017.0
35017.0
35017.0
35017.0
35017.0
35017.0
35017.0
35017.0
35017.0
35017.0
35017.0
35017.0
35017.0
35017.0
15855.0
23392.0
28720.0
31692.0
33062.0
33626.0
33782.0
33823.0
33834.0
33836.0
33837.0
33838.0
33838.0
33838.0
33838.0
33838.0
33838.0
33838.0
33838.0
33838.0
33838.0
33838.0
33838.0
33838.0
33838.0
33838.0
33838.0
33838.0
33838.0
33838.0
33838.0
33838.0
33838.0
33838.0
33838.0
33838.0
33838.0
33838.0
33838.0
33838.0
15850.0
23361.0
28774.0
31849.0
33342.0
33954.0
34082.0
34123.0
34133.0
34137.0
34137.0
34137.0
34137.0
34137.0
34137.0
34137.0
34137.0
34137.0
34137.0
34137.0
34137.0
34137.0
34137.0
34137.0
34137.0
34137.0
34137.0
34137.0
34137.0
34137.0
34137.0
34137.0
34137.0
34137.0
34137.0
34137.0
34137.0
34137.0
34137.0
34137.0
15998.0
23828.0
29167.0
32193.0
33601.0
34148.0
34326.0
34361.0
34371.0
34374.0
34376.0
34376.0
34376.0
34376.0
34376.0
34376.0
34376.0
34376.0
34376.0
34376.0
34376.0
34376.0
34376.0
34376.0
34376.0
34376.0
34376.0
34376.0
34376.0
34376.0
34376.0
34376.0
34376.0
34376.0
34376.0
34376.0
34376.0
34376.0
34376.0
34376.0
15941.0
23594.0
29239.0
32620.0
34308.0
34961.0
35193.0
35257.0
35265.0
35266.0
35266.0
35266.0
35266.0
35266.0
35266.0
35266.0
35266.0
35266.0
35266.0
35266.0
35266.0
35266.0
35266.0
35266.0
35266.0
35266.0
35266.0
35266.0
35266.0
35266.0
35266.0
35266.0
35266.0
35266.0
35266.0
35266.0
35266.0
35266.0
35266.0
35266.0
16292.0
24044.0
29599.0
32690.0
34073.0
34548.0
34688.0
34723.0
34729.0
34729.0
34729.0
34729.0
34729.0
34729.0
34729.0
34729.0
34729.0
34729.0
34729.0
34729.0
34729.0
34729.0
34729.0
34729.0
34729.0
34729.0
34729.0
34729.0
34729.0
34729.0
34729.0
34729.0
34729.0
34729.0
34729.0
34729.0
34729.0
34729.0
34729.0
34729.0
15922.0
23599.0
29062.0
32137.0
33517.0
34057.0
34259.0
34320.0
34348.0
34358.0
34363.0
34363.0
34363.0
34363.0
34363.0
34363.0
34363.0
34363.0
34363.0
34363.0
34363.0
34363.0
34363.0
34363.0
34363.0
34363.0
34363.0
34363.0
34363.0
34363.0
34363.0
34363.0
34363.0
34363.0
34363.0
34363.0
34363.0
34363.0
34363.0
34363.0
16338.0
24343.0
30057.0
33264.0
34702.0
35277.0
35445.0
35487.0
35502.0
35502.0
35502.0
35502.0
35502.0
35502.0
35502.0
35502.0
35502.0
35502.0
35502.0
35502.0
35502.0
35502.0
35502.0
35502.0
35502.0
35502.0
35502.0
35502.0
35502.0
35502.0
35502.0
35502.0
35502.0
35502.0
35502.0
35502.0
35502.0
35502.0
35502.0
35502.0
16023.0
23519.0
28997.0
32201.0
33677.0
34185.0
34350.0
34390.0
34404.0
34405.0
34405.0
34405.0
34405.0
34405.0
34405.0
34405.0
34405.0
34405.0
34405.0
34405.0
34405.0
34405.0
34405.0
34405.0
34405.0
34405.0
34405.0
34405.0
34405.0
34405.0
34405.0
34405.0
34405.0
34405.0
34405.0
34405.0
34405.0
34405.0
34405.0
34405.0
16155.0
23782.0
29297.0
32471.0
34004.0
34581.0
34764.0
34821.0
34829.0
34831.0
34832.0
34832.0
34832.0
34832.0
34832.0
34832.0
34832.0
34832.0
34832.0
34832.0
34832.0
34832.0
34832.0
34832.0
34832.0
34832.0
34832.0
34832.0
34832.0
34832.0
34832.0
34832.0
34832.0
34832.0
34832.0
34832.0
34832.0
34832.0
34832.0
34832.0
16217.0
24063.0
29604.0
32592.0
34002.0
34536.0
34723.0
34767.0
34779.0
34784.0
34785.0
34785.0
34785.0
34785.0
34785.0
34785.0
34785.0
34785.0
34785.0
34785.0
34785.0
34785.0
34785.0
34785.0
34785.0
34785.0
34785.0
34785.0
34785.0
34785.0
34785.0
34785.0
34785.0
34785.0
34785.0
34785.0
34785.0
34785.0
34785.0
34785.0
16020.0
23722.0
29296.0
32704.0
34391.0
35080.0
35373.0
35436.0
35460.0
35466.0
35468.0
35468.0
35468.0
35468.0
35468.0
35468.0
35468.0
35468.0
35468.0
35468.0
35468.0
35468.0
35468.0
35468.0
35468.0
35468.0
35468.0
35468.0
35468.0
35468.0
35468.0
35468.0
35468.0
35468.0
35468.0
35468.0
35468.0
35468.0
35468.0
35468.0
15980.0
23574.0
29080.0
32146.0
33599.0
34145.0
34316.0
34365.0
34375.0
34375.0
34375.0
34375.0
34375.0
34375.0
34375.0
34375.0
34375.0
34375.0
34375.0
34375.0
34375.0
34375.0
34375.0
34375.0
34375.0
34375.0
34375.0
34375.0
34375.0
34375.0
34375.0
34375.0
34375.0
34375.0
34375.0
34375.0
34375.0
34375.0
34375.0
34375.0
16079.0
23648.0
29280.0
32488.0
33989.0
34557.0
34727.0
34783.0
34802.0
34808.0
34809.0
34809.0
34809.0
34809.0
34809.0
34809.0
34809.0
34809.0
34809.0
34809.0
34809.0
34809.0
34809.0
34809.0
34809.0
34809.0
34809.0
34809.0
34809.0
34809.0
34809.0
34809.0
34809.0
34809.0
34809.0
34809.0
34809.0
34809.0
34809.0
34809.0
15790.0
23376.0
28543.0
31563.0
32946.0
33503.0
33668.0
33708.0
33716.0
33719.0
33720.0
33720.0
33720.0
33720.0
33720.0
33720.0
33720.0
33720.0
33720.0
33720.0
33720.0
33720.0
33720.0
33720.0
33720.0
33720.0
33720.0
33720.0
33720.0
33720.0
33720.0
33720.0
33720.0
33720.0
33720.0
33720.0
33720.0
33720.0
33720.0
33720.0
15752.0
23280.0
28761.0
32118.0
33804.0
34525.0
34815.0
34917.0
34947.0
34957.0
34959.0
34959.0
34959.0
34959.0
34959.0
34959.0
34959.0
34959.0
34959.0
34959.0
34959.0
34959.0
34959.0
34959.0
34959.0
34959.0
34959.0
34959.0
34959.0
34959.0
34959.0
34959.0
34959.0
34959.0
34959.0
34959.0
34959.0
34959.0
34959.0
34959.0
15821.0
23400.0
28876.0
32155.0
33714.0
34365.0
34575.0
34662.0
34689.0
34704.0
34705.0
34705.0
34705.0
34705.0
34705.0
34705.0
34705.0
34705.0
34705.0
34705.0
34705.0
34705.0
34705.0
34705.0
34705.0
34705.0
34705.0
34705.0
34705.0
34705.0
34705.0
34705.0
34705.0
34705.0
34705.0
34705.0
34705.0
34705.0
34705.0
34705.0
16050.0
23750.0
29241.0
32505.0
34083.0
34721.0
34913.0
34970.0
34986.0
34989.0
34989.0
34989.0
34989.0
34989.0
34989.0
34989.0
34989.0
34989.0
34989.0
34989.0
34989.0
34989.0
34989.0
34989.0
34989.0
34989.0
34989.0
34989.0
34989.0
34989.0
34989.0
34989.0
34989.0
34989.0
34989.0
34989.0
34989.0
34989.0
34989.0
34989.0
16170.0
23927.0
29495.0
32671.0
34091.0
34709.0
34892.0
34938.0
34946.0
34951.0
34952.0
34952.0
34952.0
34952.0
34952.0
34952.0
34952.0
34952.0
34952.0
34952.0
34952.0
34952.0
34952.0
34952.0
34952.0
34952.0
34952.0
34952.0
34952.0
34952.0
34952.0
34952.0
34952.0
34952.0
34952.0
34952.0
34952.0
34952.0
34952.0
34952.0
16114.0
23693.0
29266.0
32357.0
33794.0
34270.0
34446.0
34490.0
34508.0
34513.0
34513.0
34513.0
34513.0
34513.0
34513.0
34513.0
34513.0
34513.0
34513.0
34513.0
34513.0
34513.0
34513.0
34513.0
34513.0
34513.0
34513.0
34513.0
34513.0
34513.0
34513.0
34513.0
34513.0
34513.0
34513.0
34513.0
34513.0
34513.0
34513.0
34513.0
16214.0
23892.0
29381.0
32644.0
34252.0
34891.0
35084.0
35141.0
35151.0
35154.0
35154.0
35154.0
35154.0
35154.0
35154.0
35154.0
35154.0
35154.0
35154.0
35154.0
35154.0
35154.0
35154.0
35154.0
35154.0
35154.0
35154.0
35154.0
35154.0
35154.0
35154.0
35154.0
35154.0
35154.0
35154.0
35154.0
35154.0
35154.0
35154.0
35154.0
15878.0
23512.0
28974.0
32098.0
33580.0
34057.0
34222.0
34271.0
34279.0
34279.0
34279.0
34279.0
34279.0
34279.0
34279.0
34279.0
34279.0
34279.0
34279.0
34279.0
34279.0
34279.0
34279.0
34279.0
34279.0
34279.0
34279.0
34279.0
34279.0
34279.0
34279.0
34279.0
34279.0
34279.0
34279.0
34279.0
34279.0
34279.0
34279.0
34279.0
16044.0
23656.0
29188.0
32327.0
33857.0
34416.0
34574.0
34605.0
34611.0
34613.0
34613.0
34613.0
34613.0
34613.0
34613.0
34613.0
34613.0
34613.0
34613.0
34613.0
34613.0
34613.0
34613.0
34613.0
34613.0
34613.0
34613.0
34613.0
34613.0
34613.0
34613.0
34613.0
34613.0
34613.0
34613.0
34613.0
34613.0
34613.0
34613.0
34613.0
15960.0
23569.0
29073.0
32276.0
33805.0
34337.0
34530.0
34575.0
34587.0
34588.0
34589.0
34589.0
34589.0
34589.0
34589.0
34589.0
34589.0
34589.0
34589.0
34589.0
34589.0
34589.0
34589.0
34589.0
34589.0
34589.0
34589.0
34589.0
34589.0
34589.0
34589.0
34589.0
34589.0
34589.0
34589.0
34589.0
34589.0
34589.0
34589.0
34589.0
16185.0
23982.0
29536.0
32859.0
34362.0
34971.0
35148.0
35195.0
35204.0
35206.0
35206.0
35206.0
35206.0
35206.0
35206.0
35206.0
35206.0
35206.0
35206.0
35206.0
35206.0
35206.0
35206.0
35206.0
35206.0
35206.0
35206.0
35206.0
35206.0
35206.0
35206.0
35206.0
35206.0
35206.0
35206.0
35206.0
35206.0
35206.0
35206.0
35206.0
15925.0
23462.0
28859.0
31829.0
33191.0
33665.0
33811.0
33847.0
33855.0
33856.0
33856.0
33856.0
33856.0
33856.0
33856.0
33856.0
33856.0
33856.0
33856.0
33856.0
33856.0
33856.0
33856.0
33856.0
33856.0
33856.0
33856.0
33856.0
33856.0
33856.0
33856.0
33856.0
33856.0
33856.0
33856.0
33856.0
33856.0
33856.0
33856.0
33856.0
15917.0
23448.0
28961.0
32354.0
34013.0
34654.0
34854.0
34907.0
34912.0
34912.0
34912.0
34912.0
34912.0
34912.0
34912.0
34912.0
34912.0
34912.0
34912.0
34912.0
34912.0
34912.0
34912.0
34912.0
34912.0
34912.0
34912.0
34912.0
34912.0
34912.0
34912.0
34912.0
34912.0
34912.0
34912.0
34912.0
34912.0
34912.0
34912.0
34912.0
15986.0
23437.0
28733.0
31708.0
33086.0
33616.0
33767.0
33798.0
33808.0
33810.0
33810.0
33810.0
33810.0
33810.0
33810.0
33810.0
33810.0
33810.0
33810.0
33810.0
33810.0
33810.0
33810.0
33810.0
33810.0
33810.0
33810.0
33810.0
33810.0
33810.0
33810.0
33810.0
33810.0
33810.0
33810.0
33810.0
33810.0
33810.0
33810.0
33810.0
15925.0
23452.0
28775.0
31852.0
33242.0
33762.0
33945.0
33985.0
33991.0
33992.0
33992.0
33992.0
33992.0
33992.0
33992.0
33992.0
33992.0
33992.0
33992.0
33992.0
33992.0
33992.0
33992.0
33992.0
33992.0
33992.0
33992.0
33992.0
33992.0
33992.0
33992.0
33992.0
33992.0
33992.0
33992.0
33992.0
33992.0
33992.0
33992.0
33992.0
16154.0
23699.0
29064.0
32079.0
33451.0
33967.0
34163.0
34233.0
34247.0
34249.0
34249.0
34249.0
34249.0
34249.0
34249.0
34249.0
34249.0
34249.0
34249.0
34249.0
34249.0
34249.0
34249.0
34249.0
34249.0
34249.0
34249.0
34249.0
34249.0
34249.0
34249.0
34249.0
34249.0
34249.0
34249.0
34249.0
34249.0
34249.0
34249.0
34249.0
15996.0
23682.0
28929.0
31965.0
33328.0
33847.0
33996.0
34031.0
34045.0
34048.0
34050.0
34051.0
34052.0
34052.0
34052.0
34052.0
34052.0
34052.0
34052.0
34052.0
34052.0
34052.0
34052.0
34052.0
34052.0
34052.0
34052.0
34052.0
34052.0
34052.0
34052.0
34052.0
34052.0
34052.0
34052.0
34052.0
34052.0
34052.0
34052.0
34052.0
16192.0
23881.0
29277.0
32422.0
33849.0
34404.0
34595.0
34635.0
34654.0
34660.0
34662.0
34662.0
34662.0
34662.0
34662.0
34662.0
34662.0
34662.0
34662.0
34662.0
34662.0
34662.0
34662.0
34662.0
34662.0
34662.0
34662.0
34662.0
34662.0
34662.0
34662.0
34662.0
34662.0
34662.0
34662.0
34662.0
34662.0
34662.0
34662.0
34662.0
16186.0
23839.0
29443.0
32693.0
34260.0
34849.0
35043.0
35108.0
35117.0
35121.0
35121.0
35121.0
35121.0
35121.0
35121.0
35121.0
35121.0
35121.0
35121.0
35121.0
35121.0
35121.0
35121.0
35121.0
35121.0
35121.0
35121.0
35121.0
35121.0
35121.0
35121.0
35121.0
35121.0
35121.0
35121.0
35121.0
35121.0
35121.0
35121.0
35121.0
16062.0
23660.0
29045.0
32181.0
33630.0
34123.0
34294.0
34339.0
34360.0
34364.0
34364.0
34364.0
34364.0
34364.0
34364.0
34364.0
34364.0
34364.0
34364.0
34364.0
34364.0
34364.0
34364.0
34364.0
34364.0
34364.0
34364.0
34364.0
34364.0
34364.0
34364.0
34364.0
34364.0
34364.0
34364.0
34364.0
34364.0
34364.0
34364.0
34364.0
16319.0
24259.0
29701.0
32709.0
34065.0
34550.0
34681.0
34718.0
34737.0
34750.0
34750.0
34750.0
34750.0
34750.0
34750.0
34750.0
34750.0
34750.0
34750.0
34750.0
34750.0
34750.0
34750.0
34750.0
34750.0
34750.0
34750.0
34750.0
34750.0
34750.0
34750.0
34750.0
34750.0
34750.0
34750.0
34750.0
34750.0
34750.0
34750.0
34750.0
16097.0
23863.0
29477.0
32731.0
34255.0
34833.0
35038.0
35079.0
35088.0
35091.0
35091.0
35091.0
35091.0
35091.0
35091.0
35091.0
35091.0
35091.0
35091.0
35091.0
35091.0
35091.0
35091.0
35091.0
35091.0
35091.0
35091.0
35091.0
35091.0
35091.0
35091.0
35091.0
35091.0
35091.0
35091.0
35091.0
35091.0
35091.0
35091.0
35091.0
16187.0
24117.0
29680.0
32946.0
34488.0
35112.0
35299.0
35361.0
35388.0
35389.0
35389.0
35389.0
35389.0
35389.0
35389.0
35389.0
35389.0
35389.0
35389.0
35389.0
35389.0
35389.0
35389.0
35389.0
35389.0
35389.0
35389.0
35389.0
35389.0
35389.0
35389.0
35389.0
35389.0
35389.0
35389.0
35389.0
35389.0
35389.0
35389.0
35389.0
16153.0
23779.0
29212.0
32305.0
33686.0
34223.0
34410.0
34466.0
34477.0
34480.0
34480.0
34480.0
34480.0
34480.0
34480.0
34480.0
34480.0
34480.0
34480.0
34480.0
34480.0
34480.0
34480.0
34480.0
34480.0
34480.0
34480.0
34480.0
34480.0
34480.0
34480.0
34480.0
34480.0
34480.0
34480.0
34480.0
34480.0
34480.0
34480.0
34480.0
16160.0
23924.0
29477.0
32763.0
34261.0
34860.0
35066.0
35122.0
35142.0
35145.0
35146.0
35146.0
35146.0
35146.0
35146.0
35146.0
35146.0
35146.0
35146.0
35146.0
35146.0
35146.0
35146.0
35146.0
35146.0
35146.0
35146.0
35146.0
35146.0
35146.0
35146.0
35146.0
35146.0
35146.0
35146.0
35146.0
35146.0
35146.0
35146.0
35146.0
16238.0
24004.0
29485.0
32559.0
33873.0
34373.0
34515.0
34559.0
34572.0
34572.0
34572.0
34572.0
34572.0
34572.0
34572.0
34572.0
34572.0
34572.0
34572.0
34572.0
34572.0
34572.0
34572.0
34572.0
34572.0
34572.0
34572.0
34572.0
34572.0
34572.0
34572.0
34572.0
34572.0
34572.0
34572.0
34572.0
34572.0
34572.0
34572.0
34572.0
16359.0
24256.0
29926.0
33061.0
34439.0
34933.0
35135.0
35195.0
35206.0
35206.0
35206.0
35206.0
35206.0
35206.0
35206.0
35206.0
35206.0
35206.0
35206.0
35206.0
35206.0
35206.0
35206.0
35206.0
35206.0
35206.0
35206.0
35206.0
35206.0
35206.0
35206.0
35206.0
35206.0
35206.0
35206.0
35206.0
35206.0
35206.0
35206.0
35206.0
15944.0
23597.0
28960.0
32041.0
33548.0
34137.0
34316.0
34385.0
34397.0
34400.0
34400.0
34400.0
34400.0
34400.0
34400.0
34400.0
34400.0
34400.0
34400.0
34400.0
34400.0
34400.0
34400.0
34400.0
34400.0
34400.0
34400.0
34400.0
34400.0
34400.0
34400.0
34400.0
34400.0
34400.0
34400.0
34400.0
34400.0
34400.0
34400.0
34400.0
16054.0
23497.0
28876.0
32060.0
33466.0
34003.0
34193.0
34260.0
34268.0
34271.0
34272.0
34272.0
34272.0
34272.0
34272.0
34272.0
34272.0
34272.0
34272.0
34272.0
34272.0
34272.0
34272.0
34272.0
34272.0
34272.0
34272.0
34272.0
34272.0
34272.0
34272.0
34272.0
34272.0
34272.0
34272.0
34272.0
34272.0
34272.0
34272.0
34272.0
16026.0
23686.0
29086.0
32003.0
33406.0
33922.0
34046.0
34077.0
34086.0
34089.0
34089.0
34089.0
34089.0
34089.0
34089.0
34089.0
34089.0
34089.0
34089.0
34089.0
34089.0
34089.0
34089.0
34089.0
34089.0
34089.0
34089.0
34089.0
34089.0
34089.0
34089.0
34089.0
34089.0
34089.0
34089.0
34089.0
34089.0
34089.0
34089.0
34089.0
15996.0
23509.0
28917.0
32029.0
33480.0
33991.0
34152.0
34187.0
34196.0
34196.0
34196.0
34196.0
34196.0
34196.0
34196.0
34196.0
34196.0
34196.0
34196.0
34196.0
34196.0
34196.0
34196.0
34196.0
34196.0
34196.0
34196.0
34196.0
34196.0
34196.0
34196.0
34196.0
34196.0
34196.0
34196.0
34196.0
34196.0
34196.0
34196.0
34196.0
15822.0
23271.0
28681.0
31844.0
33348.0
33953.0
34124.0
34173.0
34198.0
34205.0
34205.0
34205.0
34205.0
34205.0
34205.0
34205.0
34205.0
34205.0
34205.0
34205.0
34205.0
34205.0
34205.0
34205.0
34205.0
34205.0
34205.0
34205.0
34205.0
34205.0
34205.0
34205.0
34205.0
34205.0
34205.0
34205.0
34205.0
34205.0
34205.0
34205.0
15836.0
23344.0
28782.0
31817.0
33135.0
33646.0
33781.0
33814.0
33822.0
33823.0
33823.0
33823.0
33823.0
33823.0
33823.0
33823.0
33823.0
33823.0
33823.0
33823.0
33823.0
33823.0
33823.0
33823.0
33823.0
33823.0
33823.0
33823.0
33823.0
33823.0
33823.0
33823.0
33823.0
33823.0
33823.0
33823.0
33823.0
33823.0
33823.0
33823.0
16098.0
23936.0
29490.0
32762.0
34332.0
34995.0
35232.0
35300.0
35319.0
35326.0
35327.0
35328.0
35328.0
35328.0
35328.0
35328.0
35328.0
35328.0
35328.0
35328.0
35328.0
35328.0
35328.0
35328.0
35328.0
35328.0
35328.0
35328.0
35328.0
35328.0
35328.0
35328.0
35328.0
35328.0
35328.0
35328.0
35328.0
35328.0
35328.0
35328.0
16377.0
24082.0
29577.0
32687.0
34046.0
34533.0
34668.0
34692.0
34699.0
34699.0
34699.0
34699.0
34699.0
34699.0
34699.0
34699.0
34699.0
34699.0
34699.0
34699.0
34699.0
34699.0
34699.0
34699.0
34699.0
34699.0
34699.0
34699.0
34699.0
34699.0
34699.0
34699.0
34699.0
34699.0
34699.0
34699.0
34699.0
34699.0
34699.0
34699.0
16109.0
24001.0
29512.0
32637.0
34159.0
34705.0
34861.0
34908.0
34926.0
34932.0
34933.0
34933.0
34933.0
34933.0
34933.0
34933.0
34933.0
34933.0
34933.0
34933.0
34933.0
34933.0
34933.0
34933.0
34933.0
34933.0
34933.0
34933.0
34933.0
34933.0
34933.0
34933.0
34933.0
34933.0
34933.0
34933.0
34933.0
34933.0
34933.0
34933.0
15967.0
23775.0
29048.0
31929.0
33097.0
33533.0
33658.0
33689.0
33696.0
33697.0
33698.0
33698.0
33698.0
33698.0
33698.0
33698.0
33698.0
33698.0
33698.0
33698.0
33698.0
33698.0
33698.0
33698.0
33698.0
33698.0
33698.0
33698.0
33698.0
33698.0
33698.0
33698.0
33698.0
33698.0
33698.0
33698.0
33698.0
33698.0
33698.0
33698.0
16045.0
23753.0
29391.0
32709.0
34275.0
34845.0
35058.0
35120.0
35135.0
35137.0
35137.0
35137.0
35137.0
35137.0
35137.0
35137.0
35137.0
35137.0
35137.0
35137.0
35137.0
35137.0
35137.0
35137.0
35137.0
35137.0
35137.0
35137.0
35137.0
35137.0
35137.0
35137.0
35137.0
35137.0
35137.0
35137.0
35137.0
35137.0
35137.0
35137.0
16026.0
23585.0
29062.0
32198.0
33629.0
34219.0
34395.0
34434.0
34441.0
34443.0
34443.0
34443.0
34443.0
34443.0
34443.0
34443.0
34443.0
34443.0
34443.0
34443.0
34443.0
34443.0
34443.0
34443.0
34443.0
34443.0
34443.0
34443.0
34443.0
34443.0
34443.0
34443.0
34443.0
34443.0
34443.0
34443.0
34443.0
34443.0
34443.0
34443.0
15988.0
23732.0
29249.0
32395.0
33830.0
34374.0
34554.0
34595.0
34606.0
34610.0
34610.0
34610.0
34610.0
34610.0
34610.0
34610.0
34610.0
34610.0
34610.0
34610.0
34610.0
34610.0
34610.0
34610.0
34610.0
34610.0
34610.0
34610.0
34610.0
34610.0
34610.0
34610.0
34610.0
34610.0
34610.0
34610.0
34610.0
34610.0
34610.0
34610.0
16063.0
23865.0
29524.0
32765.0
34436.0
35110.0
35331.0
35435.0
35465.0
35473.0
35478.0
35482.0
35483.0
35483.0
35483.0
35483.0
35483.0
35483.0
35483.0
35483.0
35483.0
35483.0
35483.0
35483.0
35483.0
35483.0
35483.0
35483.0
35483.0
35483.0
35483.0
35483.0
35483.0
35483.0
35483.0
35483.0
35483.0
35483.0
35483.0
35483.0
16154.0
23855.0
29467.0
32643.0
34075.0
34639.0
34805.0
34837.0
34844.0
34845.0
34846.0
34846.0
34846.0
34846.0
34846.0
34846.0
34846.0
34846.0
34846.0
34846.0
34846.0
34846.0
34846.0
34846.0
34846.0
34846.0
34846.0
34846.0
34846.0
34846.0
34846.0
34846.0
34846.0
34846.0
34846.0
34846.0
34846.0
34846.0
34846.0
34846.0
16113.0
23873.0
29365.0
32450.0
33891.0
34460.0
34654.0
34697.0
34704.0
34707.0
34707.0
34707.0
34707.0
34707.0
34707.0
34707.0
34707.0
34707.0
34707.0
34707.0
34707.0
34707.0
34707.0
34707.0
34707.0
34707.0
34707.0
34707.0
34707.0
34707.0
34707.0
34707.0
34707.0
34707.0
34707.0
34707.0
34707.0
34707.0
34707.0
34707.0
16271.0
24059.0
29690.0
32869.0
34304.0
34798.0
34965.0
35001.0
35010.0
35014.0
35015.0
35015.0
35015.0
35015.0
35015.0
35015.0
35015.0
35015.0
35015.0
35015.0
35015.0
35015.0
35015.0
35015.0
35015.0
35015.0
35015.0
35015.0
35015.0
35015.0
35015.0
35015.0
35015.0
35015.0
35015.0
35015.0
35015.0
35015.0
35015.0
35015.0
16173.0
23878.0
29334.0
32442.0
33913.0
34511.0
34690.0
34741.0
34751.0
34756.0
34757.0
34757.0
34757.0
34757.0
34757.0
34757.0
34757.0
34757.0
34757.0
34757.0
34757.0
34757.0
34757.0
34757.0
34757.0
34757.0
34757.0
34757.0
34757.0
34757.0
34757.0
34757.0
34757.0
34757.0
34757.0
34757.0
34757.0
34757.0
34757.0
34757.0
16364.0
24307.0
29819.0
32955.0
34364.0
34875.0
35013.0
35041.0
35045.0
35046.0
35046.0
35046.0
35046.0
35046.0
35046.0
35046.0
35046.0
35046.0
35046.0
35046.0
35046.0
35046.0
35046.0
35046.0
35046.0
35046.0
35046.0
35046.0
35046.0
35046.0
35046.0
35046.0
35046.0
35046.0
35046.0
35046.0
35046.0
35046.0
35046.0
35046.0
16052.0
23651.0
29142.0
32389.0
33992.0
34615.0
34816.0
34867.0
34875.0
34879.0
34880.0
34880.0
34880.0
34880.0
34880.0
34880.0
34880.0
34880.0
34880.0
34880.0
34880.0
34880.0
34880.0
34880.0
34880.0
34880.0
34880.0
34880.0
34880.0
34880.0
34880.0
34880.0
34880.0
34880.0
34880.0
34880.0
34880.0
34880.0
34880.0
34880.0
15973.0
23599.0
28861.0
31850.0
33251.0
33710.0
33850.0
33896.0
33906.0
33908.0
33908.0
33908.0
33908.0
33908.0
33908.0
33908.0
33908.0
33908.0
33908.0
33908.0
33908.0
33908.0
33908.0
33908.0
33908.0
33908.0
33908.0
33908.0
33908.0
33908.0
33908.0
33908.0
33908.0
33908.0
33908.0
33908.0
33908.0
33908.0
33908.0
33908.0
15779.0
23255.0
28570.0
31782.0
33445.0
34120.0
34406.0
34495.0
34514.0
34521.0
34523.0
34523.0
34523.0
34523.0
34523.0
34523.0
34523.0
34523.0
34523.0
34523.0
34523.0
34523.0
34523.0
34523.0
34523.0
34523.0
34523.0
34523.0
34523.0
34523.0
34523.0
34523.0
34523.0
34523.0
34523.0
34523.0
34523.0
34523.0
34523.0
34523.0
16047.0
23688.0
29125.0
32097.0
33386.0
33827.0
33964.0
34003.0
34011.0
34013.0
34013.0
34013.0
34013.0
34013.0
34013.0
34013.0
34013.0
34013.0
34013.0
34013.0
34013.0
34013.0
34013.0
34013.0
34013.0
34013.0
34013.0
34013.0
34013.0
34013.0
34013.0
34013.0
34013.0
34013.0
34013.0
34013.0
34013.0
34013.0
34013.0
34013.0
15976.0
23517.0
28736.0
31742.0
33006.0
33456.0
33560.0
33594.0
33599.0
33600.0
33600.0
33600.0
33600.0
33600.0
33600.0
33600.0
33600.0
33600.0
33600.0
33600.0
33600.0
33600.0
33600.0
33600.0
33600.0
33600.0
33600.0
33600.0
33600.0
33600.0
33600.0
33600.0
33600.0
33600.0
33600.0
33600.0
33600.0
33600.0
33600.0
33600.0
15836.0
23414.0
28919.0
32166.0
33707.0
34349.0
34554.0
34615.0
34630.0
34632.0
34633.0
34633.0
34633.0
34633.0
34633.0
34633.0
34633.0
34633.0
34633.0
34633.0
34633.0
34633.0
34633.0
34633.0
34633.0
34633.0
34633.0
34633.0
34633.0
34633.0
34633.0
34633.0
34633.0
34633.0
34633.0
34633.0
34633.0
34633.0
34633.0
34633.0
16095.0
23752.0
29274.0
32498.0
33956.0
34499.0
34649.0
34692.0
34703.0
34708.0
34708.0
34708.0
34708.0
34708.0
34708.0
34708.0
34708.0
34708.0
34708.0
34708.0
34708.0
34708.0
34708.0
34708.0
34708.0
34708.0
34708.0
34708.0
34708.0
34708.0
34708.0
34708.0
34708.0
34708.0
34708.0
34708.0
34708.0
34708.0
34708.0
34708.0
16189.0
23944.0
29467.0
32479.0
33958.0
34494.0
34679.0
34739.0
34754.0
34768.0
34768.0
34768.0
34768.0
34768.0
34768.0
34768.0
34768.0
34768.0
34768.0
34768.0
34768.0
34768.0
34768.0
34768.0
34768.0
34768.0
34768.0
34768.0
34768.0
34768.0
34768.0
34768.0
34768.0
34768.0
34768.0
34768.0
34768.0
34768.0
34768.0
34768.0
16223.0
24023.0
29592.0
32961.0
34505.0
35061.0
35277.0
35337.0
35353.0
35355.0
35355.0
35355.0
35355.0
35355.0
35355.0
35355.0
35355.0
35355.0
35355.0
35355.0
35355.0
35355.0
35355.0
35355.0
35355.0
35355.0
35355.0
35355.0
35355.0
35355.0
35355.0
35355.0
35355.0
35355.0
35355.0
35355.0
35355.0
35355.0
35355.0
35355.0
16133.0
23869.0
29431.0
32651.0
34073.0
34560.0
34719.0
34763.0
34773.0
34775.0
34775.0
34775.0
34775.0
34775.0
34775.0
34775.0
34775.0
34775.0
34775.0
34775.0
34775.0
34775.0
34775.0
34775.0
34775.0
34775.0
34775.0
34775.0
34775.0
34775.0
34775.0
34775.0
34775.0
34775.0
34775.0
34775.0
34775.0
34775.0
34775.0
34775.0
15999.0
23568.0
28829.0
31784.0
33165.0
33681.0
33820.0
33861.0
33873.0
33874.0
33874.0
33874.0
33874.0
33874.0
33874.0
33874.0
33874.0
33874.0
33874.0
33874.0
33874.0
33874.0
33874.0
33874.0
33874.0
33874.0
33874.0
33874.0
33874.0
33874.0
33874.0
33874.0
33874.0
33874.0
33874.0
33874.0
33874.0
33874.0
33874.0
33874.0
16133.0
23924.0
29362.0
32520.0
33885.0
34376.0
34554.0
34586.0
34598.0
34600.0
34600.0
34600.0
34600.0
34600.0
34600.0
34600.0
34600.0
34600.0
34600.0
34600.0
34600.0
34600.0
34600.0
34600.0
34600.0
34600.0
34600.0
34600.0
34600.0
34600.0
34600.0
34600.0
34600.0
34600.0
34600.0
34600.0
34600.0
34600.0
34600.0
34600.0
16160.0
23774.0
29261.0
32321.0
33724.0
34217.0
34370.0
34416.0
34428.0
34428.0
34428.0
34428.0
34428.0
34428.0
34428.0
34428.0
34428.0
34428.0
34428.0
34428.0
34428.0
34428.0
34428.0
34428.0
34428.0
34428.0
34428.0
34428.0
34428.0
34428.0
34428.0
34428.0
34428.0
34428.0
34428.0
34428.0
34428.0
34428.0
34428.0
34428.0
15986.0
23418.0
28964.0
32315.0
33802.0
34410.0
34616.0
34674.0
34692.0
34698.0
34698.0
34698.0
34698.0
34698.0
34698.0
34698.0
34698.0
34698.0
34698.0
34698.0
34698.0
34698.0
34698.0
34698.0
34698.0
34698.0
34698.0
34698.0
34698.0
34698.0
34698.0
34698.0
34698.0
34698.0
34698.0
34698.0
34698.0
34698.0
34698.0
34698.0
16024.0
23832.0
29370.0
32660.0
34142.0
34710.0
34907.0
34957.0
34966.0
34967.0
34967.0
34967.0
34967.0
34967.0
34967.0
34967.0
34967.0
34967.0
34967.0
34967.0
34967.0
34967.0
34967.0
34967.0
34967.0
34967.0
34967.0
34967.0
34967.0
34967.0
34967.0
34967.0
34967.0
34967.0
34967.0
34967.0
34967.0
34967.0
34967.0
34967.0
16139.0
24036.0
29663.0
32876.0
34225.0
34668.0
34796.0
34820.0
34823.0
34823.0
34823.0
34823.0
34823.0
34823.0
34823.0
34823.0
34823.0
34823.0
34823.0
34823.0
34823.0
34823.0
34823.0
34823.0
34823.0
34823.0
34823.0
34823.0
34823.0
34823.0
34823.0
34823.0
34823.0
34823.0
34823.0
34823.0
34823.0
34823.0
34823.0
34823.0
15991.0
23554.0
28848.0
31860.0
33312.0
33841.0
33989.0
34050.0
34059.0
34062.0
34063.0
34064.0
34064.0
34064.0
34064.0
34064.0
34064.0
34064.0
34064.0
34064.0
34064.0
34064.0
34064.0
34064.0
34064.0
34064.0
34064.0
34064.0
34064.0
34064.0
34064.0
34064.0
34064.0
34064.0
34064.0
34064.0
34064.0
34064.0
34064.0
34064.0
15736.0
23301.0
28815.0
32166.0
33811.0
34534.0
34796.0
34900.0
34926.0
34932.0
34933.0
34933.0
34933.0
34933.0
34933.0
34933.0
34933.0
34933.0
34933.0
34933.0
34933.0
34933.0
34933.0
34933.0
34933.0
34933.0
34933.0
34933.0
34933.0
34933.0
34933.0
34933.0
34933.0
34933.0
34933.0
34933.0
34933.0
34933.0
34933.0
34933.0
16134.0
24057.0
29554.0
32690.0
34103.0
34559.0
34684.0
34707.0
34712.0
34713.0
34713.0
34713.0
34713.0
34713.0
34713.0
34713.0
34713.0
34713.0
34713.0
34713.0
34713.0
34713.0
34713.0
34713.0
34713.0
34713.0
34713.0
34713.0
34713.0
34713.0
34713.0
34713.0
34713.0
34713.0
34713.0
34713.0
34713.0
34713.0
34713.0
34713.0
15920.0
23469.0
28885.0
31849.0
33138.0
33598.0
33752.0
33795.0
33805.0
33808.0
33809.0
33809.0
33809.0
33809.0
33809.0
33809.0
33809.0
33809.0
33809.0
33809.0
33809.0
33809.0
33809.0
33809.0
33809.0
33809.0
33809.0
33809.0
33809.0
33809.0
33809.0
33809.0
33809.0
33809.0
33809.0
33809.0
33809.0
33809.0
33809.0
33809.0
16081.0
23578.0
28959.0
32152.0
33601.0
34167.0
34328.0
34368.0
34380.0
34384.0
34386.0
34387.0
34388.0
34388.0
34388.0
34388.0
34388.0
34388.0
34388.0
34388.0
34388.0
34388.0
34388.0
34388.0
34388.0
34388.0
34388.0
34388.0
34388.0
34388.0
34388.0
34388.0
34388.0
34388.0
34388.0
34388.0
34388.0
34388.0
34388.0
34388.0
16293.0
24099.0
29695.0
32817.0
34227.0
34805.0
35003.0
35063.0
35085.0
35092.0
35094.0
35094.0
35094.0
35094.0
35094.0
35094.0
35094.0
35094.0
35094.0
35094.0
35094.0
35094.0
35094.0
35094.0
35094.0
35094.0
35094.0
35094.0
35094.0
35094.0
35094.0
35094.0
35094.0
35094.0
35094.0
35094.0
35094.0
35094.0
35094.0
35094.0
16044.0
23605.0
28959.0
32076.0
33549.0
34054.0
34215.0
34261.0
34267.0
34268.0
34268.0
34268.0
34268.0
34268.0
34268.0
34268.0
34268.0
34268.0
34268.0
34268.0
34268.0
34268.0
34268.0
34268.0
34268.0
34268.0
34268.0
34268.0
34268.0
34268.0
34268.0
34268.0
34268.0
34268.0
34268.0
34268.0
34268.0
34268.0
34268.0
34268.0
16176.0
23889.0
29384.0
32372.0
33730.0
34262.0
34426.0
34457.0
34470.0
34470.0
34470.0
34470.0
34470.0
34470.0
34470.0
34470.0
34470.0
34470.0
34470.0
34470.0
34470.0
34470.0
34470.0
34470.0
34470.0
34470.0
34470.0
34470.0
34470.0
34470.0
34470.0
34470.0
34470.0
34470.0
34470.0
34470.0
34470.0
34470.0
34470.0
34470.0
15841.0
23307.0
28735.0
31909.0
33463.0
34009.0
34223.0
34284.0
34303.0
34307.0
34309.0
34310.0
34310.0
34310.0
34310.0
34310.0
34310.0
34310.0
34310.0
34310.0
34310.0
34310.0
34310.0
34310.0
34310.0
34310.0
34310.0
34310.0
34310.0
34310.0
34310.0
34310.0
34310.0
34310.0
34310.0
34310.0
34310.0
34310.0
34310.0
34310.0
16144.0
23752.0
29067.0
32008.0
33275.0
33752.0
33848.0
33878.0
33886.0
33888.0
33889.0
33889.0
33889.0
33889.0
33889.0
33889.0
33889.0
33889.0
33889.0
33889.0
33889.0
33889.0
33889.0
33889.0
33889.0
33889.0
33889.0
33889.0
33889.0
33889.0
33889.0
33889.0
33889.0
33889.0
33889.0
33889.0
33889.0
33889.0
33889.0
33889.0
16291.0
24046.0
29470.0
32598.0
33987.0
34488.0
34608.0
34640.0
34647.0
34648.0
34649.0
34650.0
34650.0
34650.0
34650.0
34650.0
34650.0
34650.0
34650.0
34650.0
34650.0
34650.0
34650.0
34650.0
34650.0
34650.0
34650.0
34650.0
34650.0
34650.0
34650.0
34650.0
34650.0
34650.0
34650.0
34650.0
34650.0
34650.0
34650.0
34650.0
16126.0
23825.0
29283.0
32413.0
33832.0
34346.0
34560.0
34605.0
34616.0
34619.0
34620.0
34621.0
34621.0
34621.0
34621.0
34621.0
34621.0
34621.0
34621.0
34621.0
34621.0
34621.0
34621.0
34621.0
34621.0
34621.0
34621.0
34621.0
34621.0
34621.0
34621.0
34621.0
34621.0
34621.0
34621.0
34621.0
34621.0
34621.0
34621.0
34621.0
15997.0
23687.0
29100.0
32017.0
33347.0
33771.0
33886.0
33912.0
33920.0
33923.0
33923.0
33923.0
33923.0
33923.0
33923.0
33923.0
33923.0
33923.0
33923.0
33923.0
33923.0
33923.0
33923.0
33923.0
33923.0
33923.0
33923.0
33923.0
33923.0
33923.0
33923.0
33923.0
33923.0
33923.0
33923.0
33923.0
33923.0
33923.0
33923.0
33923.0
16086.0
23851.0
29485.0
32637.0
34105.0
34647.0
34843.0
34878.0
34895.0
34908.0
34908.0
34908.0
34908.0
34908.0
34908.0
34908.0
34908.0
34908.0
34908.0
34908.0
34908.0
34908.0
34908.0
34908.0
34908.0
34908.0
34908.0
34908.0
34908.0
34908.0
34908.0
34908.0
34908.0
34908.0
34908.0
34908.0
34908.0
34908.0
34908.0
34908.0
15929.0
23612.0
28883.0
31987.0
33420.0
33933.0
34101.0
34168.0
34178.0
34179.0
34179.0
34179.0
34179.0
34179.0
34179.0
34179.0
34179.0
34179.0
34179.0
34179.0
34179.0
34179.0
34179.0
34179.0
34179.0
34179.0
34179.0
34179.0
34179.0
34179.0
34179.0
34179.0
34179.0
34179.0
34179.0
34179.0
34179.0
34179.0
34179.0
34179.0
16062.0
23523.0
28946.0
32137.0
33570.0
34076.0
34212.0
34240.0
34244.0
34244.0
34244.0
34244.0
34244.0
34244.0
34244.0
34244.0
34244.0
34244.0
34244.0
34244.0
34244.0
34244.0
34244.0
34244.0
34244.0
34244.0
34244.0
34244.0
34244.0
34244.0
34244.0
34244.0
34244.0
34244.0
34244.0
34244.0
34244.0
34244.0
34244.0
34244.0
16203.0
24048.0
29716.0
32882.0
34311.0
34812.0
34998.0
35042.0
35051.0
35054.0
35055.0
35056.0
35056.0
35056.0
35056.0
35056.0
35056.0
35056.0
35056.0
35056.0
35056.0
35056.0
35056.0
35056.0
35056.0
35056.0
35056.0
35056.0
35056.0
35056.0
35056.0
35056.0
35056.0
35056.0
35056.0
35056.0
35056.0
35056.0
35056.0
35056.0
16248.0
24082.0
29626.0
32776.0
34323.0
34917.0
35095.0
35133.0
35145.0
35148.0
35149.0
35150.0
35151.0
35151.0
35151.0
35151.0
35151.0
35151.0
35151.0
35151.0
35151.0
35151.0
35151.0
35151.0
35151.0
35151.0
35151.0
35151.0
35151.0
35151.0
35151.0
35151.0
35151.0
35151.0
35151.0
35151.0
35151.0
35151.0
35151.0
35151.0
16213.0
23930.0
29376.0
32483.0
33928.0
34463.0
34650.0
34716.0
34728.0
34730.0
34731.0
34732.0
34732.0
34732.0
34732.0
34732.0
34732.0
34732.0
34732.0
34732.0
34732.0
34732.0
34732.0
34732.0
34732.0
34732.0
34732.0
34732.0
34732.0
34732.0
34732.0
34732.0
34732.0
34732.0
34732.0
34732.0
34732.0
34732.0
34732.0
34732.0
15773.0
23308.0
28807.0
32120.0
33672.0
34252.0
34442.0
34498.0
34509.0
34511.0
34511.0
34511.0
34511.0
34511.0
34511.0
34511.0
34511.0
34511.0
34511.0
34511.0
34511.0
34511.0
34511.0
34511.0
34511.0
34511.0
34511.0
34511.0
34511.0
34511.0
34511.0
34511.0
34511.0
34511.0
34511.0
34511.0
34511.0
34511.0
34511.0
34511.0
16235.0
24085.0
29600.0
32660.0
34046.0
34584.0
34755.0
34813.0
34831.0
34834.0
34835.0
34835.0
34835.0
34835.0
34835.0
34835.0
34835.0
34835.0
34835.0
34835.0
34835.0
34835.0
34835.0
34835.0
34835.0
34835.0
34835.0
34835.0
34835.0
34835.0
34835.0
34835.0
34835.0
34835.0
34835.0
34835.0
34835.0
34835.0
34835.0
34835.0
16153.0
23906.0
29281.0
32266.0
33565.0
34002.0
34150.0
34178.0
34181.0
34181.0
34181.0
34181.0
34181.0
34181.0
34181.0
34181.0
34181.0
34181.0
34181.0
34181.0
34181.0
34181.0
34181.0
34181.0
34181.0
34181.0
34181.0
34181.0
34181.0
34181.0
34181.0
34181.0
34181.0
34181.0
34181.0
34181.0
34181.0
34181.0
34181.0
34181.0
16082.0
23706.0
29095.0
32219.0
33665.0
34284.0
34483.0
34540.0
34552.0
34555.0
34555.0
34555.0
34555.0
34555.0
34555.0
34555.0
34555.0
34555.0
34555.0
34555.0
34555.0
34555.0
34555.0
34555.0
34555.0
34555.0
34555.0
34555.0
34555.0
34555.0
34555.0
34555.0
34555.0
34555.0
34555.0
34555.0
34555.0
34555.0
34555.0
34555.0
16094.0
23703.0
29231.0
32320.0
33835.0
34355.0
34510.0
34549.0
34560.0
34562.0
34562.0
34562.0
34562.0
34562.0
34562.0
34562.0
34562.0
34562.0
34562.0
34562.0
34562.0
34562.0
34562.0
34562.0
34562.0
34562.0
34562.0
34562.0
34562.0
34562.0
34562.0
34562.0
34562.0
34562.0
34562.0
34562.0
34562.0
34562.0
34562.0
34562.0
16063.0
23681.0
29218.0
32362.0
33898.0
34518.0
34723.0
34783.0
34789.0
34791.0
34791.0
34791.0
34791.0
34791.0
34791.0
34791.0
34791.0
34791.0
34791.0
34791.0
34791.0
34791.0
34791.0
34791.0
34791.0
34791.0
34791.0
34791.0
34791.0
34791.0
34791.0
34791.0
34791.0
34791.0
34791.0
34791.0
34791.0
34791.0
34791.0
34791.0
16157.0
23781.0
29260.0
32266.0
33653.0
34156.0
34288.0
34314.0
34318.0
34319.0
34320.0
34320.0
34320.0
34320.0
34320.0
34320.0
34320.0
34320.0
34320.0
34320.0
34320.0
34320.0
34320.0
34320.0
34320.0
34320.0
34320.0
34320.0
34320.0
34320.0
34320.0
34320.0
34320.0
34320.0
34320.0
34320.0
34320.0
34320.0
34320.0
34320.0
15843.0
23406.0
28794.0
31893.0
33463.0
34075.0
34301.0
34361.0
34375.0
34378.0
34379.0
34379.0
34379.0
34379.0
34379.0
34379.0
34379.0
34379.0
34379.0
34379.0
34379.0
34379.0
34379.0
34379.0
34379.0
34379.0
34379.0
34379.0
34379.0
34379.0
34379.0
34379.0
34379.0
34379.0
34379.0
34379.0
34379.0
34379.0
34379.0
34379.0
15961.0
23518.0
28824.0
31839.0
33265.0
33834.0
34005.0
34066.0
34085.0
34089.0
34092.0
34093.0
34094.0
34094.0
34094.0
34094.0
34094.0
34094.0
34094.0
34094.0
34094.0
34094.0
34094.0
34094.0
34094.0
34094.0
34094.0
34094.0
34094.0
34094.0
34094.0
34094.0
34094.0
34094.0
34094.0
34094.0
34094.0
34094.0
34094.0
34094.0
16029.0
23645.0
29008.0
32173.0
33683.0
34176.0
34357.0
34401.0
34411.0
34415.0
34415.0
34415.0
34415.0
34415.0
34415.0
34415.0
34415.0
34415.0
34415.0
34415.0
34415.0
34415.0
34415.0
34415.0
34415.0
34415.0
34415.0
34415.0
34415.0
34415.0
34415.0
34415.0
34415.0
34415.0
34415.0
34415.0
34415.0
34415.0
34415.0
34415.0
15966.0
23646.0
29303.0
32604.0
34211.0
34885.0
35138.0
35215.0
35245.0
35251.0
35256.0
35257.0
35258.0
35258.0
35258.0
35258.0
35258.0
35258.0
35258.0
35258.0
35258.0
35258.0
35258.0
35258.0
35258.0
35258.0
35258.0
35258.0
35258.0
35258.0
35258.0
35258.0
35258.0
35258.0
35258.0
35258.0
35258.0
35258.0
35258.0
35258.0
15992.0
23624.0
29122.0
32309.0
33781.0
34334.0
34535.0
34576.0
34583.0
34583.0
34583.0
34583.0
34583.0
34583.0
34583.0
34583.0
34583.0
34583.0
34583.0
34583.0
34583.0
34583.0
34583.0
34583.0
34583.0
34583.0
34583.0
34583.0
34583.0
34583.0
34583.0
34583.0
34583.0
34583.0
34583.0
34583.0
34583.0
34583.0
34583.0
34583.0
15835.0
23492.0
28860.0
31996.0
33412.0
33908.0
34080.0
34113.0
34120.0
34121.0
34121.0
34121.0
34121.0
34121.0
34121.0
34121.0
34121.0
34121.0
34121.0
34121.0
34121.0
34121.0
34121.0
34121.0
34121.0
34121.0
34121.0
34121.0
34121.0
34121.0
34121.0
34121.0
34121.0
34121.0
34121.0
34121.0
34121.0
34121.0
34121.0
34121.0
16315.0
24312.0
30115.0
33366.0
34877.0
35501.0
35697.0
35756.0
35772.0
35773.0
35773.0
35773.0
35773.0
35773.0
35773.0
35773.0
35773.0
35773.0
35773.0
35773.0
35773.0
35773.0
35773.0
35773.0
35773.0
35773.0
35773.0
35773.0
35773.0
35773.0
35773.0
35773.0
35773.0
35773.0
35773.0
35773.0
35773.0
35773.0
35773.0
35773.0
16289.0
24026.0
29700.0
33003.0
34558.0
35193.0
35443.0
35535.0
35573.0
35582.0
35584.0
35584.0
35584.0
35584.0
35584.0
35584.0
35584.0
35584.0
35584.0
35584.0
35584.0
35584.0
35584.0
35584.0
35584.0
35584.0
35584.0
35584.0
35584.0
35584.0
35584.0
35584.0
35584.0
35584.0
35584.0
35584.0
35584.0
35584.0
35584.0
35584.0
16083.0
23881.0
29596.0
32995.0
34677.0
35336.0
35572.0
35624.0
35639.0
35642.0
35643.0
35643.0
35643.0
35643.0
35643.0
35643.0
35643.0
35643.0
35643.0
35643.0
35643.0
35643.0
35643.0
35643.0
35643.0
35643.0
35643.0
35643.0
35643.0
35643.0
35643.0
35643.0
35643.0
35643.0
35643.0
35643.0
35643.0
35643.0
35643.0
35643.0
16077.0
23666.0
28927.0
31944.0
33238.0
33768.0
33937.0
33985.0
33995.0
33997.0
33997.0
33997.0
33997.0
33997.0
33997.0
33997.0
33997.0
33997.0
33997.0
33997.0
33997.0
33997.0
33997.0
33997.0
33997.0
33997.0
33997.0
33997.0
33997.0
33997.0
33997.0
33997.0
33997.0
33997.0
33997.0
33997.0
33997.0
33997.0
33997.0
33997.0
16077.0
23818.0
29159.0
32140.0
33489.0
34036.0
34231.0
34302.0
34314.0
34321.0
34321.0
34321.0
34321.0
34321.0
34321.0
34321.0
34321.0
34321.0
34321.0
34321.0
34321.0
34321.0
34321.0
34321.0
34321.0
34321.0
34321.0
34321.0
34321.0
34321.0
34321.0
34321.0
34321.0
34321.0
34321.0
34321.0
34321.0
34321.0
34321.0
34321.0
16208.0
24154.0
29679.0
32787.0
34213.0
34730.0
34884.0
34931.0
34936.0
34938.0
34938.0
34938.0
34938.0
34938.0
34938.0
34938.0
34938.0
34938.0
34938.0
34938.0
34938.0
34938.0
34938.0
34938.0
34938.0
34938.0
34938.0
34938.0
34938.0
34938.0
34938.0
34938.0
34938.0
34938.0
34938.0
34938.0
34938.0
34938.0
34938.0
34938.0
16082.0
23788.0
29232.0
32301.0
33718.0
34275.0
34453.0
34500.0
34515.0
34520.0
34521.0
34521.0
34521.0
34521.0
34521.0
34521.0
34521.0
34521.0
34521.0
34521.0
34521.0
34521.0
34521.0
34521.0
34521.0
34521.0
34521.0
34521.0
34521.0
34521.0
34521.0
34521.0
34521.0
34521.0
34521.0
34521.0
34521.0
34521.0
34521.0
34521.0
16097.0
23865.0
29371.0
32724.0
34383.0
35069.0
35336.0
35424.0
35453.0
35461.0
35468.0
35469.0
35469.0
35469.0
35469.0
35469.0
35469.0
35469.0
35469.0
35469.0
35469.0
35469.0
35469.0
35469.0
35469.0
35469.0
35469.0
35469.0
35469.0
35469.0
35469.0
35469.0
35469.0
35469.0
35469.0
35469.0
35469.0
35469.0
35469.0
35469.0
16161.0
23970.0
29479.0
32827.0
34472.0
35100.0
35287.0
35355.0
35367.0
35368.0
35368.0
35368.0
35368.0
35368.0
35368.0
35368.0
35368.0
35368.0
35368.0
35368.0
35368.0
35368.0
35368.0
35368.0
35368.0
35368.0
35368.0
35368.0
35368.0
35368.0
35368.0
35368.0
35368.0
35368.0
35368.0
35368.0
35368.0
35368.0
35368.0
35368.0
15888.0
23525.0
29090.0
32405.0
34120.0
34801.0
35023.0
35068.0
35084.0
35088.0
35088.0
35088.0
35088.0
35088.0
35088.0
35088.0
35088.0
35088.0
35088.0
35088.0
35088.0
35088.0
35088.0
35088.0
35088.0
35088.0
35088.0
35088.0
35088.0
35088.0
35088.0
35088.0
35088.0
35088.0
35088.0
35088.0
35088.0
35088.0
35088.0
35088.0
16054.0
23608.0
29143.0
32327.0
33815.0
34337.0
34480.0
34518.0
34525.0
34529.0
34531.0
34533.0
34533.0
34533.0
34533.0
34533.0
34533.0
34533.0
34533.0
34533.0
34533.0
34533.0
34533.0
34533.0
34533.0
34533.0
34533.0
34533.0
34533.0
34533.0
34533.0
34533.0
34533.0
34533.0
34533.0
34533.0
34533.0
34533.0
34533.0
34533.0
15944.0
23525.0
28982.0
32206.0
33701.0
34277.0
34457.0
34506.0
34519.0
34522.0
34524.0
34524.0
34524.0
34524.0
34524.0
34524.0
34524.0
34524.0
34524.0
34524.0
34524.0
34524.0
34524.0
34524.0
34524.0
34524.0
34524.0
34524.0
34524.0
34524.0
34524.0
34524.0
34524.0
34524.0
34524.0
34524.0
34524.0
34524.0
34524.0
34524.0
16207.0
23991.0
29396.0
32543.0
33857.0
34384.0
34556.0
34614.0
34623.0
34627.0
34629.0
34629.0
34629.0
34629.0
34629.0
34629.0
34629.0
34629.0
34629.0
34629.0
34629.0
34629.0
34629.0
34629.0
34629.0
34629.0
34629.0
34629.0
34629.0
34629.0
34629.0
34629.0
34629.0
34629.0
34629.0
34629.0
34629.0
34629.0
34629.0
34629.0
16158.0
23619.0
28979.0
32195.0
33725.0
34298.0
34495.0
34573.0
34598.0
34604.0
34607.0
34607.0
34607.0
34607.0
34607.0
34607.0
34607.0
34607.0
34607.0
34607.0
34607.0
34607.0
34607.0
34607.0
34607.0
34607.0
34607.0
34607.0
34607.0
34607.0
34607.0
34607.0
34607.0
34607.0
34607.0
34607.0
34607.0
34607.0
34607.0
34607.0
16046.0
23649.0
29107.0
32180.0
33589.0
34147.0
34339.0
34388.0
34397.0
34399.0
34399.0
34399.0
34399.0
34399.0
34399.0
34399.0
34399.0
34399.0
34399.0
34399.0
34399.0
34399.0
34399.0
34399.0
34399.0
34399.0
34399.0
34399.0
34399.0
34399.0
34399.0
34399.0
34399.0
34399.0
34399.0
34399.0
34399.0
34399.0
34399.0
34399.0
15914.0
23602.0
29070.0
32310.0
33696.0
34276.0
34471.0
34529.0
34540.0
34543.0
34543.0
34543.0
34543.0
34543.0
34543.0
34543.0
34543.0
34543.0
34543.0
34543.0
34543.0
34543.0
34543.0
34543.0
34543.0
34543.0
34543.0
34543.0
34543.0
34543.0
34543.0
34543.0
34543.0
34543.0
34543.0
34543.0
34543.0
34543.0
34543.0
34543.0
15928.0
23569.0
29016.0
32049.0
33474.0
34021.0
34204.0
34256.0
34271.0
34274.0
34276.0
34277.0
34277.0
34277.0
34277.0
34277.0
34277.0
34277.0
34277.0
34277.0
34277.0
34277.0
34277.0
34277.0
34277.0
34277.0
34277.0
34277.0
34277.0
34277.0
34277.0
34277.0
34277.0
34277.0
34277.0
34277.0
34277.0
34277.0
34277.0
34277.0
15825.0
23377.0
28784.0
31948.0
33429.0
33973.0
34191.0
34265.0
34281.0
34285.0
34285.0
34285.0
34285.0
34285.0
34285.0
34285.0
34285.0
34285.0
34285.0
34285.0
34285.0
34285.0
34285.0
34285.0
34285.0
34285.0
34285.0
34285.0
34285.0
34285.0
34285.0
34285.0
34285.0
34285.0
34285.0
34285.0
34285.0
34285.0
34285.0
34285.0
15672.0
23071.0
28445.0
31681.0
33341.0
34025.0
34259.0
34327.0
34340.0
34342.0
34342.0
34342.0
34342.0
34342.0
34342.0
34342.0
34342.0
34342.0
34342.0
34342.0
34342.0
34342.0
34342.0
34342.0
34342.0
34342.0
34342.0
34342.0
34342.0
34342.0
34342.0
34342.0
34342.0
34342.0
34342.0
34342.0
34342.0
34342.0
34342.0
34342.0
16053.0
23568.0
28765.0
31795.0
33097.0
33604.0
33770.0
33815.0
33830.0
33832.0
33832.0
33832.0
33832.0
33832.0
33832.0
33832.0
33832.0
33832.0
33832.0
33832.0
33832.0
33832.0
33832.0
33832.0
33832.0
33832.0
33832.0
33832.0
33832.0
33832.0
33832.0
33832.0
33832.0
33832.0
33832.0
33832.0
33832.0
33832.0
33832.0
33832.0
15753.0
23298.0
28577.0
31683.0
33109.0
33666.0
33812.0
33860.0
33867.0
33869.0
33870.0
33870.0
33870.0
33870.0
33870.0
33870.0
33870.0
33870.0
33870.0
33870.0
33870.0
33870.0
33870.0
33870.0
33870.0
33870.0
33870.0
33870.0
33870.0
33870.0
33870.0
33870.0
33870.0
33870.0
33870.0
33870.0
33870.0
33870.0
33870.0
33870.0
16045.0
23543.0
28849.0
31867.0
33258.0
33773.0
33949.0
34011.0
34022.0
34027.0
34029.0
34029.0
34029.0
34029.0
34029.0
34029.0
34029.0
34029.0
34029.0
34029.0
34029.0
34029.0
34029.0
34029.0
34029.0
34029.0
34029.0
34029.0
34029.0
34029.0
34029.0
34029.0
34029.0
34029.0
34029.0
34029.0
34029.0
34029.0
34029.0
34029.0
16081.0
23789.0
29231.0
32344.0
33738.0
34326.0
34502.0
34556.0
34567.0
34571.0
34572.0
34573.0
34573.0
34573.0
34573.0
34573.0
34573.0
34573.0
34573.0
34573.0
34573.0
34573.0
34573.0
34573.0
34573.0
34573.0
34573.0
34573.0
34573.0
34573.0
34573.0
34573.0
34573.0
34573.0
34573.0
34573.0
34573.0
34573.0
34573.0
34573.0
15984.0
23563.0
29012.0
32239.0
33686.0
34303.0
34463.0
34525.0
34537.0
34539.0
34539.0
34539.0
34539.0
34539.0
34539.0
34539.0
34539.0
34539.0
34539.0
34539.0
34539.0
34539.0
34539.0
34539.0
34539.0
34539.0
34539.0
34539.0
34539.0
34539.0
34539.0
34539.0
34539.0
34539.0
34539.0
34539.0
34539.0
34539.0
34539.0
34539.0
16188.0
23966.0
29334.0
32256.0
33555.0
34027.0
34164.0
34186.0
34192.0
34193.0
34194.0
34194.0
34194.0
34194.0
34194.0
34194.0
34194.0
34194.0
34194.0
34194.0
34194.0
34194.0
34194.0
34194.0
34194.0
34194.0
34194.0
34194.0
34194.0
34194.0
34194.0
34194.0
34194.0
34194.0
34194.0
34194.0
34194.0
34194.0
34194.0
34194.0
16173.0
23946.0
29423.0
32533.0
33978.0
34509.0
34631.0
34675.0
34688.0
34692.0
34694.0
34694.0
34694.0
34694.0
34694.0
34694.0
34694.0
34694.0
34694.0
34694.0
34694.0
34694.0
34694.0
34694.0
34694.0
34694.0
34694.0
34694.0
34694.0
34694.0
34694.0
34694.0
34694.0
34694.0
34694.0
34694.0
34694.0
34694.0
34694.0
34694.0
16323.0
24384.0
29901.0
32915.0
34254.0
34763.0
34947.0
35000.0
35026.0
35031.0
35035.0
35035.0
35035.0
35035.0
35035.0
35035.0
35035.0
35035.0
35035.0
35035.0
35035.0
35035.0
35035.0
35035.0
35035.0
35035.0
35035.0
35035.0
35035.0
35035.0
35035.0
35035.0
35035.0
35035.0
35035.0
35035.0
35035.0
35035.0
35035.0
35035.0
15863.0
23565.0
29031.0
32200.0
33832.0
34454.0
34657.0
34706.0
34720.0
34724.0
34725.0
34726.0
34726.0
34726.0
34726.0
34726.0
34726.0
34726.0
34726.0
34726.0
34726.0
34726.0
34726.0
34726.0
34726.0
34726.0
34726.0
34726.0
34726.0
34726.0
34726.0
34726.0
34726.0
34726.0
34726.0
34726.0
34726.0
34726.0
34726.0
34726.0
15930.0
23386.0
28738.0
31907.0
33319.0
33897.0
34106.0
34169.0
34186.0
34187.0
34188.0
34188.0
34188.0
34188.0
34188.0
34188.0
34188.0
34188.0
34188.0
34188.0
34188.0
34188.0
34188.0
34188.0
34188.0
34188.0
34188.0
34188.0
34188.0
34188.0
34188.0
34188.0
34188.0
34188.0
34188.0
34188.0
34188.0
34188.0
34188.0
34188.0
15867.0
23479.0
28853.0
32023.0
33412.0
33947.0
34085.0
34115.0
34121.0
34121.0
34121.0
34121.0
34121.0
34121.0
34121.0
34121.0
34121.0
34121.0
34121.0
34121.0
34121.0
34121.0
34121.0
34121.0
34121.0
34121.0
34121.0
34121.0
34121.0
34121.0
34121.0
34121.0
34121.0
34121.0
34121.0
34121.0
34121.0
34121.0
34121.0
34121.0
16065.0
23811.0
29210.0
32384.0
33776.0
34237.0
34387.0
34434.0
34446.0
34452.0
34453.0
34453.0
34453.0
34453.0
34453.0
34453.0
34453.0
34453.0
34453.0
34453.0
34453.0
34453.0
34453.0
34453.0
34453.0
34453.0
34453.0
34453.0
34453.0
34453.0
34453.0
34453.0
34453.0
34453.0
34453.0
34453.0
34453.0
34453.0
34453.0
34453.0
15899.0
23434.0
28912.0
32098.0
33678.0
34280.0
34462.0
34517.0
34521.0
34521.0
34521.0
34521.0
34521.0
34521.0
34521.0
34521.0
34521.0
34521.0
34521.0
34521.0
34521.0
34521.0
34521.0
34521.0
34521.0
34521.0
34521.0
34521.0
34521.0
34521.0
34521.0
34521.0
34521.0
34521.0
34521.0
34521.0
34521.0
34521.0
34521.0
34521.0
16194.0
23815.0
29286.0
32555.0
34105.0
34721.0
34941.0
34994.0
35007.0
35010.0
35011.0
35011.0
35011.0
35011.0
35011.0
35011.0
35011.0
35011.0
35011.0
35011.0
35011.0
35011.0
35011.0
35011.0
35011.0
35011.0
35011.0
35011.0
35011.0
35011.0
35011.0
35011.0
35011.0
35011.0
35011.0
35011.0
35011.0
35011.0
35011.0
35011.0
15861.0
23300.0
28630.0
31688.0
33134.0
33735.0
33931.0
33980.0
33994.0
33999.0
33999.0
33999.0
33999.0
33999.0
33999.0
33999.0
33999.0
33999.0
33999.0
33999.0
33999.0
33999.0
33999.0
33999.0
33999.0
33999.0
33999.0
33999.0
33999.0
33999.0
33999.0
33999.0
33999.0
33999.0
33999.0
33999.0
33999.0
33999.0
33999.0
33999.0
16223.0
23909.0
29464.0
32672.0
34093.0
34683.0
34868.0
34922.0
34932.0
34935.0
34936.0
34936.0
34936.0
34936.0
34936.0
34936.0
34936.0
34936.0
34936.0
34936.0
34936.0
34936.0
34936.0
34936.0
34936.0
34936.0
34936.0
34936.0
34936.0
34936.0
34936.0
34936.0
34936.0
34936.0
34936.0
34936.0
34936.0
34936.0
34936.0
34936.0
15958.0
23575.0
28880.0
31952.0
33331.0
33865.0
34068.0
34120.0
34128.0
34129.0
34129.0
34129.0
34129.0
34129.0
34129.0
34129.0
34129.0
34129.0
34129.0
34129.0
34129.0
34129.0
34129.0
34129.0
34129.0
34129.0
34129.0
34129.0
34129.0
34129.0
34129.0
34129.0
34129.0
34129.0
34129.0
34129.0
34129.0
34129.0
34129.0
34129.0
15947.0
23624.0
29099.0
32388.0
33916.0
34468.0
34612.0
34660.0
34685.0
34690.0
34691.0
34691.0
34691.0
34691.0
34691.0
34691.0
34691.0
34691.0
34691.0
34691.0
34691.0
34691.0
34691.0
34691.0
34691.0
34691.0
34691.0
34691.0
34691.0
34691.0
34691.0
34691.0
34691.0
34691.0
34691.0
34691.0
34691.0
34691.0
34691.0
34691.0
15969.0
23533.0
29052.0
32184.0
33666.0
34246.0
34404.0
34454.0
34460.0
34464.0
34466.0
34467.0
34468.0
34468.0
34468.0
34468.0
34468.0
34468.0
34468.0
34468.0
34468.0
34468.0
34468.0
34468.0
34468.0
34468.0
34468.0
34468.0
34468.0
34468.0
34468.0
34468.0
34468.0
34468.0
34468.0
34468.0
34468.0
34468.0
34468.0
34468.0
15754.0
23338.0
28674.0
31814.0
33260.0
33859.0
34051.0
34091.0
34101.0
34102.0
34102.0
34102.0
34102.0
34102.0
34102.0
34102.0
34102.0
34102.0
34102.0
34102.0
34102.0
34102.0
34102.0
34102.0
34102.0
34102.0
34102.0
34102.0
34102.0
34102.0
34102.0
34102.0
34102.0
34102.0
34102.0
34102.0
34102.0
34102.0
34102.0
34102.0
16214.0
24174.0
29879.0
33155.0
34648.0
35168.0
35346.0
35406.0
35421.0
35425.0
35427.0
35429.0
35429.0
35429.0
35429.0
35429.0
35429.0
35429.0
35429.0
35429.0
35429.0
35429.0
35429.0
35429.0
35429.0
35429.0
35429.0
35429.0
35429.0
35429.0
35429.0
35429.0
35429.0
35429.0
35429.0
35429.0
35429.0
35429.0
35429.0
35429.0
16207.0
24082.0
29562.0
32685.0
34121.0
34632.0
34785.0
34831.0
34847.0
34854.0
34857.0
34858.0
34858.0
34858.0
34858.0
34858.0
34858.0
34858.0
34858.0
34858.0
34858.0
34858.0
34858.0
34858.0
34858.0
34858.0
34858.0
34858.0
34858.0
34858.0
34858.0
34858.0
34858.0
34858.0
34858.0
34858.0
34858.0
34858.0
34858.0
34858.0
16035.0
23950.0
29503.0
32701.0
34094.0
34629.0
34806.0
34850.0
34862.0
34867.0
34868.0
34868.0
34868.0
34868.0
34868.0
34868.0
34868.0
34868.0
34868.0
34868.0
34868.0
34868.0
34868.0
34868.0
34868.0
34868.0
34868.0
34868.0
34868.0
34868.0
34868.0
34868.0
34868.0
34868.0
34868.0
34868.0
34868.0
34868.0
34868.0
34868.0
16072.0
23723.0
29231.0
32290.0
33753.0
34280.0
34426.0
34462.0
34468.0
34468.0
34468.0
34468.0
34468.0
34468.0
34468.0
34468.0
34468.0
34468.0
34468.0
34468.0
34468.0
34468.0
34468.0
34468.0
34468.0
34468.0
34468.0
34468.0
34468.0
34468.0
34468.0
34468.0
34468.0
34468.0
34468.0
34468.0
34468.0
34468.0
34468.0
34468.0
16195.0
23982.0
29409.0
32493.0
33966.0
34565.0
34744.0
34805.0
34820.0
34824.0
34826.0
34826.0
34826.0
34826.0
34826.0
34826.0
34826.0
34826.0
34826.0
34826.0
34826.0
34826.0
34826.0
34826.0
34826.0
34826.0
34826.0
34826.0
34826.0
34826.0
34826.0
34826.0
34826.0
34826.0
34826.0
34826.0
34826.0
34826.0
34826.0
34826.0
16125.0
23644.0
29076.0
32065.0
33350.0
33829.0
33980.0
34011.0
34018.0
34019.0
34020.0
34020.0
34020.0
34020.0
34020.0
34020.0
34020.0
34020.0
34020.0
34020.0
34020.0
34020.0
34020.0
34020.0
34020.0
34020.0
34020.0
34020.0
34020.0
34020.0
34020.0
34020.0
34020.0
34020.0
34020.0
34020.0
34020.0
34020.0
34020.0
34020.0
16068.0
23755.0
29307.0
32541.0
34201.0
34814.0
35028.0
35090.0
35101.0
35104.0
35104.0
35104.0
35104.0
35104.0
35104.0
35104.0
35104.0
35104.0
35104.0
35104.0
35104.0
35104.0
35104.0
35104.0
35104.0
35104.0
35104.0
35104.0
35104.0
35104.0
35104.0
35104.0
35104.0
35104.0
35104.0
35104.0
35104.0
35104.0
35104.0
35104.0
16022.0
23583.0
29114.0
32314.0
33858.0
34477.0
34668.0
34735.0
34749.0
34751.0
34752.0
34753.0
34753.0
34753.0
34753.0
34753.0
34753.0
34753.0
34753.0
34753.0
34753.0
34753.0
34753.0
34753.0
34753.0
34753.0
34753.0
34753.0
34753.0
34753.0
34753.0
34753.0
34753.0
34753.0
34753.0
34753.0
34753.0
34753.0
34753.0
34753.0
16040.0
23613.0
29020.0
32064.0
33471.0
33938.0
34101.0
34140.0
34155.0
34158.0
34158.0
34158.0
34158.0
34158.0
34158.0
34158.0
34158.0
34158.0
34158.0
34158.0
34158.0
34158.0
34158.0
34158.0
34158.0
34158.0
34158.0
34158.0
34158.0
34158.0
34158.0
34158.0
34158.0
34158.0
34158.0
34158.0
34158.0
34158.0
34158.0
34158.0
16147.0
23801.0
29285.0
32367.0
33729.0
34226.0
34353.0
34377.0
34382.0
34382.0
34382.0
34382.0
34382.0
34382.0
34382.0
34382.0
34382.0
34382.0
34382.0
34382.0
34382.0
34382.0
34382.0
34382.0
34382.0
34382.0
34382.0
34382.0
34382.0
34382.0
34382.0
34382.0
34382.0
34382.0
34382.0
34382.0
34382.0
34382.0
34382.0
34382.0
16126.0
23825.0
29140.0
32048.0
33346.0
33785.0
33930.0
33978.0
33992.0
33993.0
33993.0
33993.0
33993.0
33993.0
33993.0
33993.0
33993.0
33993.0
33993.0
33993.0
33993.0
33993.0
33993.0
33993.0
33993.0
33993.0
33993.0
33993.0
33993.0
33993.0
33993.0
33993.0
33993.0
33993.0
33993.0
33993.0
33993.0
33993.0
33993.0
33993.0
15866.0
23440.0
29021.0
32348.0
34024.0
34753.0
34989.0
35074.0
35098.0
35105.0
35108.0
35108.0
35108.0
35108.0
35108.0
35108.0
35108.0
35108.0
35108.0
35108.0
35108.0
35108.0
35108.0
35108.0
35108.0
35108.0
35108.0
35108.0
35108.0
35108.0
35108.0
35108.0
35108.0
35108.0
35108.0
35108.0
35108.0
35108.0
35108.0
35108.0
16190.0
24017.0
29498.0
32603.0
33997.0
34498.0
34673.0
34708.0
34718.0
34720.0
34721.0
34721.0
34721.0
34721.0
34721.0
34721.0
34721.0
34721.0
34721.0
34721.0
34721.0
34721.0
34721.0
34721.0
34721.0
34721.0
34721.0
34721.0
34721.0
34721.0
34721.0
34721.0
34721.0
34721.0
34721.0
34721.0
34721.0
34721.0
34721.0
34721.0
16116.0
23820.0
29103.0
31985.0
33260.0
33745.0
33892.0
33943.0
33949.0
33950.0
33950.0
33950.0
33950.0
33950.0
33950.0
33950.0
33950.0
33950.0
33950.0
33950.0
33950.0
33950.0
33950.0
33950.0
33950.0
33950.0
33950.0
33950.0
33950.0
33950.0
33950.0
33950.0
33950.0
33950.0
33950.0
33950.0
33950.0
33950.0
33950.0
33950.0
16351.0
24268.0
29990.0
33104.0
34609.0
35160.0
35370.0
35432.0
35453.0
35460.0
35463.0
35464.0
35464.0
35464.0
35464.0
35464.0
35464.0
35464.0
35464.0
35464.0
35464.0
35464.0
35464.0
35464.0
35464.0
35464.0
35464.0
35464.0
35464.0
35464.0
35464.0
35464.0
35464.0
35464.0
35464.0
35464.0
35464.0
35464.0
35464.0
35464.0
16126.0
23780.0
29323.0
32515.0
33994.0
34569.0
34758.0
34807.0
34816.0
34817.0
34817.0
34817.0
34817.0
34817.0
34817.0
34817.0
34817.0
34817.0
34817.0
34817.0
34817.0
34817.0
34817.0
34817.0
34817.0
34817.0
34817.0
34817.0
34817.0
34817.0
34817.0
34817.0
34817.0
34817.0
34817.0
34817.0
34817.0
34817.0
34817.0
34817.0
15815.0
23323.0
28748.0
32062.0
33610.0
34192.0
34416.0
34478.0
34495.0
34496.0
34496.0
34496.0
34496.0
34496.0
34496.0
34496.0
34496.0
34496.0
34496.0
34496.0
34496.0
34496.0
34496.0
34496.0
34496.0
34496.0
34496.0
34496.0
34496.0
34496.0
34496.0
34496.0
34496.0
34496.0
34496.0
34496.0
34496.0
34496.0
34496.0
34496.0
16241.0
24100.0
29580.0
32692.0
34190.0
34763.0
34962.0
34999.0
35010.0
35012.0
35012.0
35012.0
35012.0
35012.0
35012.0
35012.0
35012.0
35012.0
35012.0
35012.0
35012.0
35012.0
35012.0
35012.0
35012.0
35012.0
35012.0
35012.0
35012.0
35012.0
35012.0
35012.0
35012.0
35012.0
35012.0
35012.0
35012.0
35012.0
35012.0
35012.0
16245.0
23927.0
29245.0
32151.0
33329.0
33724.0
33851.0
33892.0
33900.0
33900.0
33900.0
33900.0
33900.0
33900.0
33900.0
33900.0
33900.0
33900.0
33900.0
33900.0
33900.0
33900.0
33900.0
33900.0
33900.0
33900.0
33900.0
33900.0
33900.0
33900.0
33900.0
33900.0
33900.0
33900.0
33900.0
33900.0
33900.0
33900.0
33900.0
33900.0
15704.0
23111.0
28519.0
31732.0
33209.0
33782.0
33956.0
34000.0
34009.0
34013.0
34013.0
34013.0
34013.0
34013.0
34013.0
34013.0
34013.0
34013.0
34013.0
34013.0
34013.0
34013.0
34013.0
34013.0
34013.0
34013.0
34013.0
34013.0
34013.0
34013.0
34013.0
34013.0
34013.0
34013.0
34013.0
34013.0
34013.0
34013.0
34013.0
34013.0
15852.0
23281.0
28774.0
32004.0
33518.0
34124.0
34304.0
34339.0
34362.0
34364.0
34364.0
34364.0
34364.0
34364.0
34364.0
34364.0
34364.0
34364.0
34364.0
34364.0
34364.0
34364.0
34364.0
34364.0
34364.0
34364.0
34364.0
34364.0
34364.0
34364.0
34364.0
34364.0
34364.0
34364.0
34364.0
34364.0
34364.0
34364.0
34364.0
34364.0
16140.0
23824.0
29235.0
32494.0
33882.0
34368.0
34522.0
34562.0
34570.0
34571.0
34571.0
34571.0
34571.0
34571.0
34571.0
34571.0
34571.0
34571.0
34571.0
34571.0
34571.0
34571.0
34571.0
34571.0
34571.0
34571.0
34571.0
34571.0
34571.0
34571.0
34571.0
34571.0
34571.0
34571.0
34571.0
34571.0
34571.0
34571.0
34571.0
34571.0
16187.0
23938.0
29404.0
32518.0
33838.0
34386.0
34526.0
34555.0
34561.0
34564.0
34564.0
34564.0
34564.0
34564.0
34564.0
34564.0
34564.0
34564.0
34564.0
34564.0
34564.0
34564.0
34564.0
34564.0
34564.0
34564.0
34564.0
34564.0
34564.0
34564.0
34564.0
34564.0
34564.0
34564.0
34564.0
34564.0
34564.0
34564.0
34564.0
34564.0
16091.0
23653.0
29152.0
32275.0
33759.0
34385.0
34607.0
34659.0
34671.0
34674.0
34674.0
34674.0
34674.0
34674.0
34674.0
34674.0
34674.0
34674.0
34674.0
34674.0
34674.0
34674.0
34674.0
34674.0
34674.0
34674.0
34674.0
34674.0
34674.0
34674.0
34674.0
34674.0
34674.0
34674.0
34674.0
34674.0
34674.0
34674.0
34674.0
34674.0
16151.0
23955.0
29491.0
32716.0
34265.0
34851.0
35029.0
35081.0
35096.0
35100.0
35101.0
35101.0
35101.0
35101.0
35101.0
35101.0
35101.0
35101.0
35101.0
35101.0
35101.0
35101.0
35101.0
35101.0
35101.0
35101.0
35101.0
35101.0
35101.0
35101.0
35101.0
35101.0
35101.0
35101.0
35101.0
35101.0
35101.0
35101.0
35101.0
35101.0
15985.0
23567.0
28926.0
32035.0
33557.0
34167.0
34370.0
34435.0
34456.0
34459.0
34461.0
34463.0
34464.0
34464.0
34464.0
34464.0
34464.0
34464.0
34464.0
34464.0
34464.0
34464.0
34464.0
34464.0
34464.0
34464.0
34464.0
34464.0
34464.0
34464.0
34464.0
34464.0
34464.0
34464.0
34464.0
34464.0
34464.0
34464.0
34464.0
34464.0
16381.0
24445.0
30133.0
33422.0
34956.0
35493.0
35654.0
35692.0
35701.0
35702.0
35702.0
35702.0
35702.0
35702.0
35702.0
35702.0
35702.0
35702.0
35702.0
35702.0
35702.0
35702.0
35702.0
35702.0
35702.0
35702.0
35702.0
35702.0
35702.0
35702.0
35702.0
35702.0
35702.0
35702.0
35702.0
35702.0
35702.0
35702.0
35702.0
35702.0
15946.0
23502.0
28914.0
32155.0
33723.0
34402.0
34618.0
34671.0
34683.0
34686.0
34686.0
34686.0
34686.0
34686.0
34686.0
34686.0
34686.0
34686.0
34686.0
34686.0
34686.0
34686.0
34686.0
34686.0
34686.0
34686.0
34686.0
34686.0
34686.0
34686.0
34686.0
34686.0
34686.0
34686.0
34686.0
34686.0
34686.0
34686.0
34686.0
34686.0
16282.0
23930.0
29518.0
32826.0
34394.0
35011.0
35270.0
35318.0
35336.0
35340.0
35340.0
35340.0
35340.0
35340.0
35340.0
35340.0
35340.0
35340.0
35340.0
35340.0
35340.0
35340.0
35340.0
35340.0
35340.0
35340.0
35340.0
35340.0
35340.0
35340.0
35340.0
35340.0
35340.0
35340.0
35340.0
35340.0
35340.0
35340.0
35340.0
35340.0
16293.0
24166.0
29703.0
32907.0
34394.0
34929.0
35104.0
35167.0
35185.0
35188.0
35189.0
35190.0
35190.0
35190.0
35190.0
35190.0
35190.0
35190.0
35190.0
35190.0
35190.0
35190.0
35190.0
35190.0
35190.0
35190.0
35190.0
35190.0
35190.0
35190.0
35190.0
35190.0
35190.0
35190.0
35190.0
35190.0
35190.0
35190.0
35190.0
35190.0
15992.0
23664.0
29081.0
32104.0
33420.0
33910.0
34048.0
34078.0
34088.0
34088.0
34088.0
34088.0
34088.0
34088.0
34088.0
34088.0
34088.0
34088.0
34088.0
34088.0
34088.0
34088.0
34088.0
34088.0
34088.0
34088.0
34088.0
34088.0
34088.0
34088.0
34088.0
34088.0
34088.0
34088.0
34088.0
34088.0
34088.0
34088.0
34088.0
34088.0
15990.0
23558.0
28986.0
32107.0
33516.0
34042.0
34184.0
34221.0
34243.0
34255.0
34256.0
34256.0
34256.0
34256.0
34256.0
34256.0
34256.0
34256.0
34256.0
34256.0
34256.0
34256.0
34256.0
34256.0
34256.0
34256.0
34256.0
34256.0
34256.0
34256.0
34256.0
34256.0
34256.0
34256.0
34256.0
34256.0
34256.0
34256.0
34256.0
34256.0
16059.0
23771.0
29417.0
32728.0
34184.0
34722.0
34908.0
34958.0
34972.0
34978.0
34981.0
34981.0
34981.0
34981.0
34981.0
34981.0
34981.0
34981.0
34981.0
34981.0
34981.0
34981.0
34981.0
34981.0
34981.0
34981.0
34981.0
34981.0
34981.0
34981.0
34981.0
34981.0
34981.0
34981.0
34981.0
34981.0
34981.0
34981.0
34981.0
34981.0
16242.0
24005.0
29468.0
32626.0
34166.0
34717.0
34911.0
34963.0
34991.0
34993.0
34993.0
34993.0
34993.0
34993.0
34993.0
34993.0
34993.0
34993.0
34993.0
34993.0
34993.0
34993.0
34993.0
34993.0
34993.0
34993.0
34993.0
34993.0
34993.0
34993.0
34993.0
34993.0
34993.0
34993.0
34993.0
34993.0
34993.0
34993.0
34993.0
34993.0
16003.0
23595.0
29079.0
32230.0
33797.0
34436.0
34673.0
34728.0
34739.0
34740.0
34740.0
34740.0
34740.0
34740.0
34740.0
34740.0
34740.0
34740.0
34740.0
34740.0
34740.0
34740.0
34740.0
34740.0
34740.0
34740.0
34740.0
34740.0
34740.0
34740.0
34740.0
34740.0
34740.0
34740.0
34740.0
34740.0
34740.0
34740.0
34740.0
34740.0
16053.0
23592.0
28801.0
31649.0
32859.0
33237.0
33376.0
33411.0
33421.0
33425.0
33428.0
33428.0
33428.0
33428.0
33428.0
33428.0
33428.0
33428.0
33428.0
33428.0
33428.0
33428.0
33428.0
33428.0
33428.0
33428.0
33428.0
33428.0
33428.0
33428.0
33428.0
33428.0
33428.0
33428.0
33428.0
33428.0
33428.0
33428.0
33428.0
33428.0
16119.0
23766.0
29360.0
32699.0
34311.0
34984.0
35232.0
35297.0
35320.0
35327.0
35328.0
35328.0
35328.0
35328.0
35328.0
35328.0
35328.0
35328.0
35328.0
35328.0
35328.0
35328.0
35328.0
35328.0
35328.0
35328.0
35328.0
35328.0
35328.0
35328.0
35328.0
35328.0
35328.0
35328.0
35328.0
35328.0
35328.0
35328.0
35328.0
35328.0
16228.0
23856.0
29393.0
32574.0
34045.0
34582.0
34742.0
34773.0
34778.0
34778.0
34778.0
34778.0
34778.0
34778.0
34778.0
34778.0
34778.0
34778.0
34778.0
34778.0
34778.0
34778.0
34778.0
34778.0
34778.0
34778.0
34778.0
34778.0
34778.0
34778.0
34778.0
34778.0
34778.0
34778.0
34778.0
34778.0
34778.0
34778.0
34778.0
34778.0
15832.0
23485.0
29045.0
32300.0
33937.0
34597.0
34832.0
34898.0
34924.0
34932.0
34934.0
34934.0
34934.0
34934.0
34934.0
34934.0
34934.0
34934.0
34934.0
34934.0
34934.0
34934.0
34934.0
34934.0
34934.0
34934.0
34934.0
34934.0
34934.0
34934.0
34934.0
34934.0
34934.0
34934.0
34934.0
34934.0
34934.0
34934.0
34934.0
34934.0
15910.0
23415.0
28820.0
32015.0
33570.0
34199.0
34404.0
34481.0
34511.0
34517.0
34518.0
34518.0
34518.0
34518.0
34518.0
34518.0
34518.0
34518.0
34518.0
34518.0
34518.0
34518.0
34518.0
34518.0
34518.0
34518.0
34518.0
34518.0
34518.0
34518.0
34518.0
34518.0
34518.0
34518.0
34518.0
34518.0
34518.0
34518.0
34518.0
34518.0
16304.0
24038.0
29564.0
32790.0
34310.0
34988.0
35215.0
35309.0
35331.0
35341.0
35341.0
35341.0
35341.0
35341.0
35341.0
35341.0
35341.0
35341.0
35341.0
35341.0
35341.0
35341.0
35341.0
35341.0
35341.0
35341.0
35341.0
35341.0
35341.0
35341.0
35341.0
35341.0
35341.0
35341.0
35341.0
35341.0
35341.0
35341.0
35341.0
35341.0
16151.0
23713.0
29023.0
32015.0
33321.0
33761.0
33859.0
33874.0
33877.0
33878.0
33879.0
33880.0
33880.0
33880.0
33880.0
33880.0
33880.0
33880.0
33880.0
33880.0
33880.0
33880.0
33880.0
33880.0
33880.0
33880.0
33880.0
33880.0
33880.0
33880.0
33880.0
33880.0
33880.0
33880.0
33880.0
33880.0
33880.0
33880.0
33880.0
33880.0
15879.0
23311.0
28532.0
31383.0
32654.0
33074.0
33174.0
33204.0
33208.0
33211.0
33212.0
33212.0
33212.0
33212.0
33212.0
33212.0
33212.0
33212.0
33212.0
33212.0
33212.0
33212.0
33212.0
33212.0
33212.0
33212.0
33212.0
33212.0
33212.0
33212.0
33212.0
33212.0
33212.0
33212.0
33212.0
33212.0
33212.0
33212.0
33212.0
33212.0
15932.0
23636.0
29193.0
32556.0
34084.0
34697.0
34887.0
34943.0
34964.0
34972.0
34973.0
34973.0
34973.0
34973.0
34973.0
34973.0
34973.0
34973.0
34973.0
34973.0
34973.0
34973.0
34973.0
34973.0
34973.0
34973.0
34973.0
34973.0
34973.0
34973.0
34973.0
34973.0
34973.0
34973.0
34973.0
34973.0
34973.0
34973.0
34973.0
34973.0
15938.0
23507.0
28938.0
31996.0
33464.0
34012.0
34204.0
34248.0
34257.0
34259.0
34259.0
34259.0
34259.0
34259.0
34259.0
34259.0
34259.0
34259.0
34259.0
34259.0
34259.0
34259.0
34259.0
34259.0
34259.0
34259.0
34259.0
34259.0
34259.0
34259.0
34259.0
34259.0
34259.0
34259.0
34259.0
34259.0
34259.0
34259.0
34259.0
34259.0
15913.0
23468.0
28959.0
32105.0
33662.0
34248.0
34439.0
34503.0
34512.0
34514.0
34514.0
34514.0
34514.0
34514.0
34514.0
34514.0
34514.0
34514.0
34514.0
34514.0
34514.0
34514.0
34514.0
34514.0
34514.0
34514.0
34514.0
34514.0
34514.0
34514.0
34514.0
34514.0
34514.0
34514.0
34514.0
34514.0
34514.0
34514.0
34514.0
34514.0
16102.0
23737.0
28952.0
31887.0
33192.0
33636.0
33759.0
33798.0
33805.0
33806.0
33806.0
33806.0
33806.0
33806.0
33806.0
33806.0
33806.0
33806.0
33806.0
33806.0
33806.0
33806.0
33806.0
33806.0
33806.0
33806.0
33806.0
33806.0
33806.0
33806.0
33806.0
33806.0
33806.0
33806.0
33806.0
33806.0
33806.0
33806.0
33806.0
33806.0
16116.0
23841.0
29288.0
32391.0
33896.0
34442.0
34611.0
34648.0
34656.0
34656.0
34656.0
34656.0
34656.0
34656.0
34656.0
34656.0
34656.0
34656.0
34656.0
34656.0
34656.0
34656.0
34656.0
34656.0
34656.0
34656.0
34656.0
34656.0
34656.0
34656.0
34656.0
34656.0
34656.0
34656.0
34656.0
34656.0
34656.0
34656.0
34656.0
34656.0
16090.0
23847.0
29411.0
32597.0
34054.0
34600.0
34763.0
34810.0
34823.0
34825.0
34825.0
34825.0
34825.0
34825.0
34825.0
34825.0
34825.0
34825.0
34825.0
34825.0
34825.0
34825.0
34825.0
34825.0
34825.0
34825.0
34825.0
34825.0
34825.0
34825.0
34825.0
34825.0
34825.0
34825.0
34825.0
34825.0
34825.0
34825.0
34825.0
34825.0
15924.0
23323.0
28598.0
31749.0
33255.0
33858.0
34061.0
34106.0
34114.0
34115.0
34115.0
34115.0
34115.0
34115.0
34115.0
34115.0
34115.0
34115.0
34115.0
34115.0
34115.0
34115.0
34115.0
34115.0
34115.0
34115.0
34115.0
34115.0
34115.0
34115.0
34115.0
34115.0
34115.0
34115.0
34115.0
34115.0
34115.0
34115.0
34115.0
34115.0
15958.0
23574.0
28894.0
31867.0
33102.0
33518.0
33661.0
33705.0
33708.0
33708.0
33708.0
33708.0
33708.0
33708.0
33708.0
33708.0
33708.0
33708.0
33708.0
33708.0
33708.0
33708.0
33708.0
33708.0
33708.0
33708.0
33708.0
33708.0
33708.0
33708.0
33708.0
33708.0
33708.0
33708.0
33708.0
33708.0
33708.0
33708.0
33708.0
33708.0
16090.0
23775.0
29237.0
32315.0
33651.0
34155.0
34329.0
34360.0
34366.0
34368.0
34368.0
34368.0
34368.0
34368.0
34368.0
34368.0
34368.0
34368.0
34368.0
34368.0
34368.0
34368.0
34368.0
34368.0
34368.0
34368.0
34368.0
34368.0
34368.0
34368.0
34368.0
34368.0
34368.0
34368.0
34368.0
34368.0
34368.0
34368.0
34368.0
34368.0
16208.0
24022.0
29554.0
32710.0
34170.0
34767.0
34968.0
35025.0
35038.0
35040.0
35040.0
35040.0
35040.0
35040.0
35040.0
35040.0
35040.0
35040.0
35040.0
35040.0
35040.0
35040.0
35040.0
35040.0
35040.0
35040.0
35040.0
35040.0
35040.0
35040.0
35040.0
35040.0
35040.0
35040.0
35040.0
35040.0
35040.0
35040.0
35040.0
35040.0
